# model = toggleswitch.txt 
# tmax = 100
# branching = True
# nrRealizations = 10
# noiseObs = 21.54434690031882
# noiseDyn = 0.001
# seed = 0
# it       0       1 
   0 -20.6767 -16.4403
   1  5.1970 11.9961
   2 -14.4042 20.3350
   3 -13.8954  3.4597
   4  9.7384  0.2547
   5 -7.0986 18.1371
   6 11.6896 26.2315
   7 -7.8366 15.3011
   8  7.9929 22.9347
   9 -8.7928 -75.3868
  10 -28.6236 31.0220
  11  5.2146 -5.2621
  12  1.3575 -29.4666
  13 -5.3817 -3.6124
  14 -14.6843 24.7528
  15 -3.4152 -16.2311
  16 -10.5097 -7.6026
  17  5.9007 -13.3572
  18 -9.9668 -32.4027
  19 24.0664  3.9925
  20 -20.0598 20.2173
  21 -22.7009 -18.9110
  22 41.5889 -9.7230
  23 -23.2693 21.3822
  24 -24.7807 -9.2272
  25 21.9372 15.5455
  26 -15.4905 18.2617
  27 26.8886 -38.2800
  28 -16.9585 -30.0037
  29 -3.7768 -29.8039
  30  0.9779 -17.3771
  31 15.2223 -37.2664
  32  2.6956  8.0406
  33 -1.3913 -10.4709
  34 67.0230 18.6615
  35 -24.6751 20.4505
  36 -5.8718 -20.8638
  37  2.3258 19.6612
  38 22.1638 -2.3233
  39 37.7701 -6.7850
  40 18.0937 -4.3192
  41 24.3122 23.0736
  42 25.0356 -16.5010
  43 -27.6335 14.7233
  44  9.3797 -10.3300
  45 -0.8626 12.3473
  46 23.2644  5.9773
  47 13.6078 -1.1398
  48 27.3454  6.5117
  49  8.8710 -22.5777
  50 -13.4815 -3.0942
  51 -33.6160 -10.5790
  52 -2.2108  8.1320
  53 -7.9764 -26.4224
  54 -41.8312 -11.0733
  55 12.8684 -29.0851
  56 -15.1065 -2.4828
  57 -16.9931 -15.4208
  58 -11.9168 -8.2032
  59  6.7473  1.6281
  60  0.0893  2.2090
  61  9.7364 -22.3520
  62  6.8143 -0.0786
  63 -20.6076 -17.2819
  64 -25.2246 16.5585
  65  5.3032 44.9430
  66 33.2500 -45.2299
  67 22.3432 -22.3172
  68 -38.2015 -23.7230
  69 23.9531 -11.1545
  70 -5.3260 12.0939
  71 17.0305 -22.8348
  72  1.9532 -2.2267
  73 -6.7798 12.7232
  74 -31.0523 -30.6424
  75 -16.9805 16.9081
  76 -3.3725 -27.2340
  77 19.3125 -10.6315
  78  1.1783 -34.6005
  79  4.3662 11.5335
  80 18.7820 22.4890
  81 -15.4976 -1.8352
  82 -16.1125 -10.1409
  83 -21.3413 -4.9769
  84 -33.7697 30.8255
  85 -36.2444  7.7440
  86 19.9346  4.4209
  87 27.0363 -46.7343
  88 -6.2746 -36.9885
  89 -30.5491 -12.3028
  90 -41.4494  1.3125
  91 10.6208 -49.1539
  92 -16.0373 25.5788
  93 -19.3173 -2.7635
  94 28.3775 -17.3028
  95 22.9917 32.4834
  96 -18.9260 14.1902
  97 28.6748 -24.8873
  98  3.5326 22.2341
  99 12.6066 -48.5044
   0 -11.5866  0.3507
   1 -24.0335 38.4299
   2 26.2094 -9.4811
   3 16.9572 -5.5104
   4 -13.6005 27.2932
   5 -31.1561 18.6889
   6 -12.1474 -10.9790
   7 32.4501 -12.2739
   8 -29.8018 66.2324
   9  7.3513  8.6319
  10  7.7235 -23.5912
  11  7.6601 -12.1440
  12 24.6758 11.0207
  13 18.7870 -0.6695
  14 -1.3779 -3.2857
  15 -13.2770 35.6998
  16 -2.2198 29.0530
  17  7.6628 12.4182
  18 -37.7083 -26.8531
  19 21.7310  1.0657
  20 11.1520  5.2667
  21 -18.2156 12.1892
  22 -24.4746 -0.9389
  23 12.1345 -3.6659
  24 -4.1998  8.7328
  25 22.6993 -35.8467
  26 12.4282 -7.7859
  27 20.6394 -0.2340
  28  3.1935 -28.8350
  29 -25.6680 -24.2977
  30 -44.6773 -35.4304
  31 14.9032 -4.8817
  32 20.0105 20.3762
  33 13.5761 -36.0320
  34 14.4254 13.6368
  35 25.8151 -14.5334
  36 -13.8905  9.4399
  37 -3.5523 23.4607
  38 -62.1420 -16.2237
  39 42.7327 24.0053
  40 24.1635  0.0589
  41 -27.8147 36.4574
  42 27.8096 -7.2273
  43 -24.7545 -12.9410
  44 -21.4102 -10.8318
  45 -42.2956 21.5648
  46 26.2871 -15.8159
  47 23.8498 -27.7200
  48 -49.3925 57.3060
  49  2.8564 19.7873
  50 11.9321 17.1914
  51  4.4811 -2.8428
  52 -2.2467 -6.4985
  53 -1.0406 -20.0298
  54 -11.9449 19.4152
  55 -9.2913 -19.3323
  56 -6.8010  6.2705
  57 -16.9961 33.9212
  58 24.3145 -20.7015
  59 26.7672 -18.9690
  60 -11.5430 13.2702
  61 -18.4726 -12.0405
  62 -5.7513 -45.9933
  63 25.4470  1.7376
  64 -4.9225  7.2946
  65 -18.3698  6.0281
  66 -41.9488 -9.5906
  67 -3.8436 -42.7063
  68 -5.6265  3.2640
  69  7.9015 12.5221
  70  0.9858  0.1433
  71  3.7162 -29.9889
  72 -21.6615 -23.3419
  73 16.4328  3.6171
  74 13.7080 18.4403
  75 17.2997  2.4972
  76 23.5097 -0.3693
  77 -9.7413 11.8198
  78 -23.4869 -15.4957
  79 37.5483  1.1685
  80  1.0881 -19.9579
  81 19.5171 36.6073
  82  0.0897 -5.8757
  83  1.5972 22.6059
  84  2.6180 12.1331
  85 -6.4611 -12.7104
  86 -7.9691 -0.7102
  87 -6.1995 -56.1592
  88 11.5461 -31.8038
  89 -16.8196 16.7000
  90 33.1616 28.1505
  91 -0.0975 25.9128
  92 -1.1602 -23.3604
  93 -26.6614 -16.6647
  94 -12.2926 -8.1536
  95 -24.0092  1.8016
  96 22.7693 -31.8480
  97 41.7177 -18.8010
  98 -0.9827 25.2610
  99  0.5632 -7.0430
   0 36.8085 -20.8140
   1 30.9429 -10.4504
   2 -33.5920  4.2637
   3 -19.3743 -18.2919
   4 40.6380  6.9072
   5  2.9887  6.2656
   6 -11.8758 10.8968
   7 -26.1119 -38.3354
   8 -24.1307 22.7312
   9 -21.2423 -29.1220
  10  7.2960 28.2462
  11 28.3798 -13.2784
  12 24.5061 22.2562
  13 -16.3176 21.0506
  14 41.3898 46.0432
  15 19.2601 -14.1825
  16 19.7979 39.2576
  17 -5.3165  3.6146
  18 -32.4922  2.0872
  19 20.5388 -22.5468
  20  2.9415 -63.6111
  21 45.6530 12.7021
  22 -15.6489 -5.9703
  23 -19.7771 -10.7364
  24 -40.2703 12.6653
  25 31.6437 32.3520
  26 -16.1417 23.3954
  27 -25.3683 -11.3164
  28  6.1337  0.0283
  29 -30.1737  3.9474
  30 24.7270 29.7436
  31 -7.4961 -11.8761
  32 -5.5639 -6.6933
  33 -6.2490  2.8283
  34 -24.6521 -22.4409
  35 18.5435 -17.7750
  36  0.2884  1.9300
  37 -2.7917 12.9165
  38 -4.3326 -19.2171
  39 -1.1507 -40.5869
  40 -10.8492 44.6152
  41 -1.9239 41.1356
  42 -5.8419 -21.2903
  43 -22.3982 21.6345
  44 18.0522 32.6416
  45 11.2277  9.8442
  46 22.5436 -0.7683
  47 -4.5405  8.7666
  48 12.8492 51.5579
  49 15.5971  1.5491
  50 -1.8766 19.9769
  51 12.0867 14.3029
  52 -25.1473 25.1932
  53 12.8717 -22.2989
  54 -17.2379 43.6671
  55 -6.3737 14.7513
  56 36.0746 -62.5917
  57  9.4295 -15.4597
  58  2.6053  7.0263
  59  0.9026 11.7973
  60 -10.6582 26.1860
  61 -26.9943 -32.2679
  62 -26.4807 30.1541
  63 -6.2428 -32.1530
  64 -9.9748 12.5175
  65 16.8664  0.0990
  66 23.2636 13.3551
  67  8.0087  1.2123
  68 -11.6430  2.6764
  69 -8.6864 -27.3584
  70 29.8509 11.5291
  71 35.4101 -14.1676
  72 -14.0705 22.8885
  73  3.2489 22.2946
  74 18.2539 16.7940
  75 -43.3936 35.9081
  76 -0.3262 -16.6192
  77 21.0962 19.8551
  78 -0.3196 -41.8494
  79 -16.3100  9.7838
  80 -1.8370 -29.3863
  81 16.2869 -8.3368
  82 -38.4138 22.6475
  83  7.8528  9.7124
  84 -21.7490 -4.2250
  85 13.7845 -4.1203
  86  2.4403  8.7590
  87 -4.0175  2.4834
  88 62.7394 20.2176
  89 -11.6441 -3.4678
  90 -14.0010 -25.8798
  91 42.9553 -29.7589
  92 -20.3108 25.6639
  93 15.8291 30.5200
  94 15.8715 16.8210
  95  9.5190 16.3076
  96 36.3148 36.6349
  97  8.4325 -11.9898
  98 -9.6387 25.3209
  99 -6.6463 35.8657
   0 -7.2974 -25.3802
   1 12.5681  3.7877
   2 -0.1752 -17.3972
   3 -30.4380 -4.2634
   4 -12.7285 -43.6052
   5 24.0363  1.6841
   6 -34.4161 25.4200
   7 -7.5220 -27.4985
   8 -12.6733  1.0147
   9  6.8307 -22.6174
  10 12.7527 -9.8349
  11 -14.8709 -6.3559
  12 -8.5163 13.2368
  13 22.3558 11.8285
  14 10.7007  2.6830
  15 -13.3267  7.5359
  16 37.3279 10.1450
  17 17.8236 12.0364
  18  2.0206 36.3229
  19 47.1445 -39.6775
  20  9.8830  4.8710
  21 19.1296  5.8941
  22 -8.4054  4.1923
  23 -39.5443  0.3273
  24 -19.2825 -28.8817
  25 16.2576 -37.6713
  26 -24.2889 19.6115
  27 -27.4955  6.8497
  28 -18.9993  1.9135
  29 -12.0927 -1.2219
  30 -5.7941 -19.2491
  31 45.4891 -13.2065
  32  3.5834 -12.7471
  33 15.4279 32.1593
  34  0.5848 -5.3944
  35  3.7838 11.0669
  36 -0.9052 39.7776
  37 -21.5495  4.9137
  38  7.4769 10.5962
  39 -9.3188 -6.8323
  40  4.4581 -26.5246
  41 -23.8148 -5.8328
  42  7.6821 -3.1586
  43 -1.3084 -17.0330
  44 -21.0043  3.0745
  45 20.9662 23.2647
  46 -20.5012 22.8698
  47 22.2709 19.8886
  48 -25.1321 -32.2194
  49 27.9127 -33.2080
  50 -20.0264 38.3170
  51 14.9744 19.2559
  52 47.8855 -6.4985
  53 30.0906  0.2267
  54 49.8134 -50.9005
  55 13.6031 -31.0584
  56 15.1137 -37.1427
  57 -6.5286 -6.8350
  58 -34.4174 -39.6526
  59 -12.9591 -8.5118
  60 -5.5834 -37.2540
  61 -3.5520 38.0154
  62 -10.5548 -22.2143
  63 24.7185  5.2971
  64 -27.1514 -17.9863
  65 25.6026 -41.7656
  66  9.3127 -10.8268
  67 13.7295 14.6787
  68  9.4243  0.6803
  69 34.3662 -34.1447
  70 -2.1114 -14.2762
  71 -19.2748 17.1496
  72  4.1069  7.7133
  73 21.6550 -16.4017
  74 18.9290 -17.2889
  75  5.4985 35.4602
  76 -4.5308 -19.6708
  77 24.1440 -42.4065
  78 21.1712  9.9840
  79 -52.3930 -1.3656
  80  8.0606 -8.3225
  81 -13.9129 34.7047
  82 45.8863  5.0164
  83 19.7746 -35.9383
  84 42.8897 -2.9137
  85 -0.0846 28.7793
  86 35.0635 10.6619
  87 23.4888 -22.4568
  88 -26.5150 -35.2867
  89 -13.8990 -25.6656
  90 -1.0290  4.3131
  91 11.5767 -32.4093
  92 -3.0251 -36.3378
  93 -9.5840 13.0864
  94 42.3413 -27.4468
  95 10.3036  0.8964
  96 25.5800 18.4944
  97 -0.7909  9.6523
  98 -7.6302 -2.7298
  99 -11.2349 -14.6778
   0 -15.0263 20.0983
   1 -8.3268 -49.7544
   2 -13.8735 -25.9037
   3 -16.2552 -28.1828
   4 -5.2961 -16.0870
   5 -6.7984 14.5052
   6 11.9927 -2.8957
   7  3.1857 38.3705
   8 -8.5882  6.9488
   9 -21.7692 -1.7260
  10 -11.3368 -8.3607
  11 -27.8908 -32.6214
  12 29.6877 -2.3416
  13 12.7048 15.9397
  14 -0.6996 -39.6426
  15 -10.4037 -10.4910
  16 35.1630 -9.1806
  17 21.9112  1.6969
  18 42.7284 26.8464
  19 -30.7352  3.4517
  20  2.7537 -12.8218
  21 15.6765 15.5340
  22 -1.5425 -8.6054
  23 -12.1314 -13.1137
  24 -26.8351 -19.3593
  25 -2.0730  7.2754
  26 -3.7092 -0.1178
  27 -13.5418 26.8267
  28 -5.5795 11.7611
  29 -18.1412 -3.9520
  30 -3.5173  1.4087
  31 43.1562 -3.3717
  32 -6.9734  6.7487
  33 17.9741 20.7782
  34 44.4213 31.2854
  35  4.4689 -17.2019
  36 21.0446 -6.5549
  37 15.7621 -37.8007
  38 22.0057 -4.0976
  39 -5.6298 -3.2592
  40 -11.1841 32.7018
  41 -7.9060  1.6774
  42 -1.9851  0.7110
  43  4.7777 -1.0167
  44 -19.2430 10.5566
  45 11.2106 -0.7909
  46 -9.1520  0.8184
  47 -30.7781 16.3713
  48 -4.1796 -18.2176
  49 -6.8114  0.9762
  50 11.9678 61.7313
  51 -7.3707 29.5543
  52 35.5482  7.8885
  53 -5.0679 17.9178
  54 34.9796 18.1883
  55 32.9363 -23.3753
  56 40.7323 -5.5706
  57 -17.7509 13.2674
  58 20.2096  9.2134
  59 16.9770 -16.8843
  60  9.9281  2.8478
  61 -14.2380 -10.1451
  62 -23.3217 -18.4377
  63 18.0378 19.3427
  64 -23.2406 14.2762
  65 46.4901  9.7559
  66 -38.8241  0.1631
  67 -20.6894 -24.3993
  68 -1.9697 24.5418
  69 12.7843 -3.6319
  70  6.8596 -31.9165
  71 36.1372 22.7436
  72 22.9608  4.8953
  73 27.8016 -2.8035
  74  8.5159 -16.0111
  75 -27.6968  1.6421
  76  0.5110  0.8956
  77 20.7488  6.0910
  78 -21.1956  0.3979
  79 -9.8730 23.3018
  80 -7.5742 20.7649
  81 -50.2016 45.9487
  82 -8.1029 12.7712
  83  1.0501 -42.9573
  84 -33.0157 -11.1980
  85 -22.6368 -48.4979
  86  1.2432 -17.9989
  87 -8.1572 -22.7511
  88 -9.5538 33.7949
  89 14.2279 18.6498
  90  2.0820 14.7873
  91 -12.0548 22.1830
  92 -22.4284 -36.2480
  93 -18.1592 -4.2913
  94 -18.9550  0.9423
  95 -36.9403 -8.8581
  96 10.1397 -11.1588
  97 -15.0153  9.7002
  98 27.0654 11.8407
  99 -3.8896  3.2558
   0 35.1720 -6.3173
   1 -0.2221 17.2221
   2 -20.1690 24.5858
   3 -3.5325 -12.6187
   4 -22.6048 20.8644
   5  7.8891  9.6849
   6 -12.0262 -22.1120
   7 -11.1736 15.1152
   8 -25.5003 -27.3934
   9  3.2924 -15.6857
  10 35.8926 -27.2319
  11  9.3651 -4.8810
  12  4.6597 -21.4274
  13 16.8180 32.7683
  14 -12.0914 39.0418
  15 13.0832 -3.5288
  16 -5.9741 -2.0593
  17 28.7142 -9.5269
  18  7.2653  2.4640
  19 -9.4155 -48.3468
  20 -20.8958 -3.7428
  21 18.0443 -18.3898
  22 -24.0228  8.7937
  23  9.3566 -34.3083
  24 -18.6988 -9.7489
  25 -5.4237 -63.4021
  26 17.4964 -9.6033
  27 22.0417 10.8525
  28 25.9665 16.0876
  29 -31.0723 -0.5804
  30  6.4064 28.5508
  31  6.8621 -7.7103
  32 -2.2949  7.6002
  33 -9.9863 -4.8656
  34  6.6419  2.4699
  35 -0.7837 -24.0647
  36 18.4934  8.3399
  37 17.8976 -7.4892
  38 -6.4384 -9.5641
  39  0.6425 20.3089
  40 -9.3827  2.4013
  41 -8.6204 20.9065
  42 -11.1711 25.5296
  43 -9.3835 -5.3547
  44 -4.7854 -38.4573
  45 -4.0004 28.4976
  46  1.1370 10.1881
  47 -1.1689 -7.8753
  48 -22.6992 16.4460
  49  1.0478 41.5024
  50 -17.2946  2.6503
  51 -39.1125 -4.4904
  52 -7.5234 13.9300
  53  1.8698 14.8491
  54 21.8909 -12.0344
  55 -15.4399 36.3351
  56 27.6419 12.7582
  57  7.1983  7.6182
  58  8.1532 -7.7931
  59 -18.4537  6.0931
  60 -34.0865 18.6560
  61 -38.2620 -14.7406
  62  0.5551 -16.7102
  63  2.7504  9.1548
  64  3.0427 -1.0425
  65 34.0534 -18.7236
  66 10.4876  2.9473
  67  0.3160 19.8024
  68 -9.0117  4.3229
  69 -10.3518 -8.8174
  70 -26.6683  9.1825
  71 -2.5748 -7.3908
  72 17.6602 38.4446
  73 21.4992 -10.4969
  74 -19.6524 -19.1085
  75 -20.2901 58.1232
  76 -24.7392 -4.0055
  77 -35.9466  0.7169
  78 32.7581 -14.7145
  79 35.7374 -35.3522
  80 -10.5307 32.8177
  81 -19.0944 -7.6559
  82 16.3742 10.7991
  83 23.5823 -14.6634
  84 29.1928 10.9683
  85 33.4452 -11.6446
  86 -16.4714 -3.8716
  87 -39.8246 45.1468
  88 10.9851 -6.3265
  89 -8.4042 -2.3768
  90 -25.2686 -40.9413
  91  7.8645  8.3493
  92 11.1289 -9.0011
  93 -15.5294 -26.3019
  94 12.3538  4.8653
  95 27.2957 -0.5342
  96 14.2177 23.6280
  97 19.9267 -14.7687
  98 -17.2165 34.8759
  99 -12.9442 16.4469
   0 18.3644 -26.9858
   1 38.2081 10.1017
   2 14.7801 -44.0789
   3 11.4307 11.4592
   4  8.0846 39.0222
   5 -12.6718  6.0012
   6 24.9390 -1.5146
   7 13.3392  3.5373
   8 -9.0871 -5.2144
   9 -15.8584  5.3459
  10 -14.9440 18.0077
  11 29.4831  3.9142
  12 -0.1692 32.2577
  13  0.2130  9.8346
  14 -20.4955 -22.9904
  15 -8.6888 34.7949
  16 -6.8440 -0.9839
  17 17.1464 -8.9381
  18 13.6826 16.7867
  19 -5.4818 -41.7748
  20 -4.4838 16.8296
  21 12.5420 -36.4955
  22  4.7072  8.0238
  23 -5.9263  7.0528
  24  2.8728 -22.5666
  25  3.7571  1.7258
  26 -31.4209 -26.2904
  27 42.9305  3.8384
  28 36.3385 10.8715
  29 21.4775 -6.8638
  30 -11.8594 -20.5923
  31 -14.6625 24.9093
  32 -26.2529 21.1211
  33 -12.4461 -19.6958
  34 -1.9701 21.6429
  35 -15.0749 -23.3355
  36 10.8542 -29.6751
  37 10.6848 -4.7997
  38  0.7589 -37.0299
  39 -34.8143 -15.6454
  40  3.6465 34.4920
  41 -3.3317 27.9450
  42 -12.1159 -68.8910
  43  2.1060 -1.0243
  44 -16.8473 -13.5230
  45 15.3716 -12.0858
  46 -8.3873 31.9615
  47 -14.7841 24.5177
  48 -12.7330 -28.3881
  49 14.3850 -18.9593
  50 10.4914 22.8447
  51 -23.5595 51.5051
  52 -10.9315 -25.5207
  53 46.8471 14.6013
  54 10.6915 -0.4251
  55  3.1966 -8.0215
  56 -3.3965  5.9645
  57 15.0500 -15.9131
  58  5.7782 -0.0853
  59 16.4899  3.4312
  60 -16.4177 37.3732
  61 -4.9556 25.8841
  62 12.0257 37.0148
  63  8.3578 -13.5425
  64 -13.4297  7.5703
  65 -40.6225 15.5705
  66 -49.5555 -26.7158
  67 29.8606 -6.6056
  68 -3.7218 -6.4652
  69 19.0684 28.3041
  70 -26.1030  5.1725
  71 -8.3359  7.4906
  72  7.5730 -8.3927
  73 -30.4715 -21.8065
  74 -19.4032 -25.5490
  75 28.4451 -22.4073
  76 -15.6142 -24.4584
  77  3.6464  1.8763
  78 -17.5093  5.2618
  79 47.8471 15.2930
  80 20.8037 -11.2841
  81  9.0519 30.5403
  82 10.4535 -17.1620
  83 -5.0325  9.4159
  84 20.0263 -32.6463
  85 -12.4288 -6.4043
  86 11.9857 21.6097
  87 -21.0255  7.0029
  88 20.7175 -6.4345
  89 -12.0513 -16.0677
  90 14.2759 25.5150
  91 43.3108 21.2581
  92  7.0173 -20.5455
  93 -15.0738 -25.5002
  94 -19.4456 -4.8500
  95 -34.1505 -7.9666
  96 -5.4499 37.6946
  97 30.9427 -9.5964
  98 46.4072  5.5471
  99 38.0122 11.5497
   0 30.7247 13.1448
   1 34.9876  6.1297
   2  6.6755 -24.1383
   3 -5.1674  8.3850
   4 16.5621 -17.0491
   5 -12.2301 16.2184
   6 24.9047 -30.8437
   7 35.9520 -28.7272
   8 33.8110 -0.0787
   9 33.1473 32.8344
  10 -9.3842 -0.7274
  11 -7.5626 -3.3291
  12 25.0945 -4.1552
  13 36.3243 20.1419
  14 -12.6243 -16.6243
  15  6.3514 -5.7963
  16 10.6300 -36.4832
  17 -28.1859 -25.3104
  18 21.2342 -35.4559
  19 23.4804 -15.7456
  20 -5.5751 -13.3008
  21 21.7486 35.6100
  22 -3.2604 -21.5436
  23 21.6687 -30.8867
  24  8.3486 -17.5161
  25 -37.5067 -5.8781
  26 -15.9101 12.9433
  27 -0.3278 24.7217
  28 -21.7505  1.1261
  29 -6.5376 -15.7055
  30 41.1317  3.4800
  31 27.8081  0.1118
  32 -6.4225 -1.5458
  33 -17.3373 -2.9482
  34 -8.6185 12.1199
  35 -23.2716 -42.1170
  36 -25.7066 39.0714
  37 -9.8806 16.4583
  38 40.6019 -1.9303
  39 -41.0993 10.3562
  40  3.1873 -25.4137
  41 -27.6174  3.5756
  42 -11.5334  6.6910
  43 -4.9723 33.0713
  44  0.2603 13.8054
  45 -19.1105  0.2946
  46 -22.3118  1.2604
  47 -5.4440 -26.9063
  48 18.6307 -43.4733
  49 -10.1866  0.3877
  50 -3.2428 -12.2284
  51 -3.1909 -12.9705
  52 -14.9849 -12.4587
  53 -20.3847 -5.0439
  54 -17.8334 -41.6367
  55 -23.6555 -21.9866
  56 -23.1262  4.4101
  57 -9.6335 -3.2213
  58 -18.6535 -5.8282
  59 43.0979 18.7862
  60  7.0758 21.3329
  61 -8.9045 10.9553
  62  1.5293 -35.5546
  63  4.7863 10.6983
  64 15.9417 41.8709
  65 -39.7992 -11.1211
  66 15.5983 32.2644
  67 -27.3645 -22.3065
  68  2.7685 50.6104
  69 -12.4031 -17.1993
  70 -6.9997 10.9806
  71 13.0303 -8.3251
  72 -34.2621 -10.9772
  73 -5.4414  2.6368
  74  0.4283 12.2701
  75 40.0526 14.9592
  76 18.5602 -27.8308
  77 -52.4884 -14.1308
  78  3.1418 -10.3462
  79 23.2448 26.9822
  80 -10.6770 -35.0916
  81 44.5469 32.1462
  82 -4.4000 -30.0093
  83 -5.4562 -0.3463
  84  8.3054 -21.4648
  85  2.7984 -2.2922
  86 -16.6621 -2.8725
  87 -29.0098 10.9761
  88 -36.6316 -17.1763
  89 -19.1782 41.5807
  90 -3.0929 -5.5616
  91 32.7956  0.0524
  92  6.3011 -19.8672
  93 -9.3636 12.7657
  94 34.3386 -0.5438
  95 -6.1404 -6.6102
  96  7.0416 12.6894
  97 16.0279 10.3736
  98 -18.2656 65.3464
  99 38.3104  9.6848
   0  8.1455 -26.2997
   1 33.4885 -11.3851
   2 -5.2806 12.4442
   3 -20.0012 40.5143
   4  3.0755 -9.5693
   5 -18.7602 -0.8232
   6 10.5330 49.2891
   7 16.2244  0.4120
   8  8.1488 14.2092
   9 -32.9690 10.7616
  10 -21.6117 -12.6777
  11 26.4939 52.7897
  12 27.2780 -9.6389
  13 19.8067 24.3167
  14 -12.7555  0.3152
  15 -0.4601 -59.7558
  16 -2.3176 -0.0457
  17 -27.0227 17.3189
  18  0.2974 -12.9699
  19  1.0238 -4.4122
  20 -6.9941  0.8383
  21 -22.3629 -2.6449
  22  7.7364 -23.1343
  23 -6.5284  2.1449
  24  9.0961 -11.9712
  25 -23.8638 -3.3468
  26 -1.6159 36.3072
  27 -2.5233  2.9567
  28 -4.5466 11.7352
  29 -9.2945  0.4032
  30 -18.5626 15.1875
  31  5.3957 13.6455
  32 -20.9868 -18.9561
  33  9.9228 -10.4540
  34 -36.2967 -9.8626
  35 28.3756  8.2443
  36  7.7372 -16.5182
  37 25.7960 -23.8430
  38 34.4071  9.3449
  39 -38.2369 -5.3230
  40  2.0815 -4.7829
  41 -2.6401 -24.3600
  42 16.0919  7.0049
  43 -28.3150 11.2423
  44 44.4196 -6.6333
  45 13.6227 -17.4651
  46  3.0645 34.4605
  47 -8.1728 11.0703
  48 20.8524  2.2246
  49 19.9426 13.4261
  50  8.2558 -30.7770
  51 25.0723 -27.3626
  52 49.6900  9.1981
  53 30.9350 15.6122
  54 -2.4934 12.7737
  55 -8.3456 30.4365
  56 -29.6347 11.1588
  57 -37.3137 -32.4878
  58 -8.8685 33.6829
  59 16.5439 14.8070
  60 -23.1839 -44.0414
  61 -3.3026  0.5245
  62  9.1701 -7.5861
  63 -2.8306  2.2131
  64 -2.6341  1.2063
  65 -26.5388  3.1551
  66  7.3063 22.8128
  67  3.9691 -11.5788
  68  6.6966 11.6970
  69  7.1977 -16.1183
  70 34.0931 29.2886
  71 -13.9464 21.7133
  72 -24.8374 -11.4165
  73 -49.3758 -22.8051
  74 -3.3372 -4.7538
  75  3.1703 -21.2134
  76 -12.1016 -21.0203
  77  6.2697 28.3171
  78 14.7433  1.4126
  79 21.3538 -2.7009
  80 -39.4427 33.2538
  81 15.4374 -5.0702
  82 -34.0121  9.7701
  83 -35.6518  3.6166
  84 -11.1400 -6.9442
  85 22.3019 15.8803
  86 -18.9379 -35.9697
  87 -26.6928 -22.3108
  88 20.5492  3.1582
  89 45.1546 30.3264
  90 -19.7919 -15.4659
  91 53.3126 -19.8861
  92 16.4061 -1.9264
  93 28.6095 -2.4332
  94 -7.2489 -12.4378
  95 15.7426 31.4780
  96 41.4783 -13.0095
  97  6.9930  5.7208
  98 43.0703 -17.0552
  99 14.4170 -3.0413
   0 -11.4942 -2.4884
   1 13.8385  4.4691
   2  8.4461 -1.0727
   3 -28.1350 10.3128
   4 47.6677 10.4714
   5 25.6740 30.8442
   6 -11.3921 -12.1353
   7 17.7492 -18.8692
   8 44.9537  0.1954
   9  6.6410 29.8451
  10 -51.8478 -15.1262
  11 -25.0846  2.9129
  12 10.4499 10.1593
  13 -8.2228  8.8524
  14 20.6197 -3.9132
  15 -14.8206 28.8485
  16 19.0231 20.0540
  17 15.5632 -7.2623
  18 -7.5892 -20.5519
  19 -7.2090 48.5510
  20  2.4176 -3.4308
  21 -12.2821 18.3674
  22 -8.1338 -34.5110
  23  4.1152 -53.2543
  24 -0.5119 -31.7513
  25  3.7189  3.0925
  26 -26.4378 21.1388
  27 -4.4616 22.1278
  28 -10.7168 -7.7897
  29 -30.5481  3.2679
  30 -5.6078  7.1565
  31 -15.5235 11.2777
  32  4.0552 10.6613
  33 10.6612 -1.7210
  34 -50.4840 10.7144
  35 11.0870 -16.4803
  36 -29.5681 10.5460
  37 -17.0726 -15.1796
  38 -13.4351  0.0986
  39 21.8701 -19.1263
  40 25.0619  9.7173
  41 -36.9176 42.0941
  42 -26.4081 16.9772
  43 -19.4631  1.8442
  44 -16.7268 27.3847
  45 -7.1508 -6.8574
  46 -2.3742 38.2541
  47 -18.8137 -33.5828
  48 -5.0988  0.5210
  49  6.8389 -13.1615
  50 13.7465 -1.2498
  51 -5.2379 10.1338
  52 15.4297 -4.1244
  53 -40.0345 24.7857
  54 -24.1040 15.9874
  55 -6.6657 27.4726
  56 -2.7849 41.7614
  57 -8.1808 -8.8145
  58 -15.1413 -15.5309
  59 10.0942 -17.5555
  60 -14.9146 -15.3944
  61 -9.1235 -26.8104
  62 -2.5382  9.4625
  63 -8.5209 -3.3943
  64 -26.4392 -13.9333
  65 -8.9961  6.7771
  66 -9.5020 -14.6387
  67 16.7907 -9.5516
  68  8.0035 30.2988
  69 -21.4311 -24.2879
  70 32.8314 13.3855
  71  4.2967 -51.0716
  72  6.6732 18.0517
  73 -16.6300  2.2022
  74 -10.3543 -10.3953
  75 -18.2121  6.5764
  76 -1.6143 -4.6176
  77 20.9278 24.5654
  78 14.2015 22.0561
  79 -6.3442 52.8820
  80  7.0681 -29.1267
  81 -19.0954  7.8486
  82 -19.2333  4.0356
  83 -26.0664  4.5257
  84  4.1086 18.1252
  85 -3.3056 -0.9917
  86 -24.8723  3.4753
  87 -0.4576 33.9099
  88 -15.0310 33.5979
  89 22.5350 25.6456
  90 25.2221  5.4380
  91 36.0720 39.0455
  92  9.3990 -3.2176
  93 -52.4260  9.2637
  94 -24.8192  3.8797
  95 -19.3036 -22.4826
  96 41.5608  4.1945
  97 -15.3409 -7.9846
  98 24.4045  5.0540
  99 -16.2795 -53.9623
