# model = toggleswitch.txt 
# tmax = 100
# branching = True
# nrRealizations = 10
# noiseObs = 0.046415888336127774
# noiseDyn = 0.001
# seed = 0
# it       0       1 
   0  0.7689  0.7589
   1  0.7453  0.7428
   2  0.6314  0.6922
   3  0.5681  0.5935
   4  0.5610  0.5310
   5  0.4740  0.5203
   6  0.4680  0.4929
   7  0.3861  0.4318
   8  0.3851  0.4138
   9  0.3201  0.1734
  10  0.2515  0.3766
  11  0.3005  0.2771
  12  0.2746  0.2051
  13  0.2437  0.2439
  14  0.2089  0.2919
  15  0.2214  0.1914
  16  0.1978  0.1988
  17  0.2261  0.1788
  18  0.1858  0.1314
  19  0.2548  0.2038
  20  0.1559  0.2329
  21  0.1470  0.1449
  22  0.2840  0.1613
  23  0.1427  0.2258
  24  0.1398  0.1575
  25  0.2405  0.2091
  26  0.1613  0.2139
  27  0.2522  0.0896
  28  0.1578  0.1051
  29  0.1864  0.1039
  30  0.1984  0.1310
  31  0.2302  0.0847
  32  0.2049  0.1798
  33  0.1979  0.1387
  34  0.3465  0.2000
  35  0.1502  0.2030
  36  0.1935  0.1107
  37  0.2150  0.1950
  38  0.2629  0.1468
  39  0.2984  0.1347
  40  0.2597  0.1377
  41  0.2776  0.1944
  42  0.2844  0.1052
  43  0.1769  0.1686
  44  0.2634  0.1110
  45  0.2488  0.1567
  46  0.3082  0.1386
  47  0.2941  0.1205
  48  0.3317  0.1322
  49  0.3023  0.0633
  50  0.2659  0.0988
  51  0.2343  0.0773
  52  0.3168  0.1107
  53  0.3224  0.0328
  54  0.2676  0.0618
  55  0.4039  0.0173
  56  0.3618  0.0672
  57  0.3797  0.0343
  58  0.4132  0.0451
  59  0.4778  0.0618
  60  0.4881  0.0584
  61  0.5335  0.0013
  62  0.5535  0.0455
  63  0.5184  0.0059
  64  0.5339  0.0745
  65  0.6268  0.1318
  66  0.7134 -0.0665
  67  0.7147 -0.0213
  68  0.6080 -0.0281
  69  0.7659 -0.0028
  70  0.7262  0.0471
  71  0.7951 -0.0279
  72  0.7821  0.0151
  73  0.7791  0.0438
  74  0.7425 -0.0518
  75  0.7867  0.0492
  76  0.8286 -0.0478
  77  0.8902 -0.0116
  78  0.8636 -0.0648
  79  0.8837  0.0313
  80  0.9261  0.0531
  81  0.8612  0.0014
  82  0.8701 -0.0188
  83  0.8672 -0.0069
  84  0.8472  0.0705
  85  0.8478  0.0209
  86  0.9748  0.0136
  87  0.9945 -0.0962
  88  0.9277 -0.0771
  89  0.8780 -0.0253
  90  0.8570  0.0036
  91  0.9743 -0.1050
  92  0.9205  0.0549
  93  0.9170 -0.0068
  94  1.0239 -0.0400
  95  1.0143  0.0672
  96  0.9240  0.0279
  97  1.0291 -0.0558
  98  0.9770  0.0451
  99  0.9987 -0.1069
   0  0.7582  0.7523
   1  0.7478  0.7649
   2  0.7299  0.6752
   3  0.5846  0.5762
   4  0.5226  0.5437
   5  0.5038  0.4402
   6  0.4203  0.4151
   7  0.3972  0.4119
   8  0.2469  0.3919
   9  0.3081  0.3554
  10  0.2845  0.3164
  11  0.3094  0.3008
  12  0.1659  0.2868
  13  0.2662  0.2305
  14  0.2411  0.2594
  15  0.1417  0.2532
  16  0.2096  0.2352
  17  0.2113  0.2838
  18  0.1993  0.1737
  19  0.1327  0.1905
  20  0.1048  0.1538
  21  0.1773  0.1410
  22  0.1922  0.1157
  23  0.1923  0.2551
  24  0.1942  0.1523
  25  0.1346  0.2028
  26  0.2329  0.1242
  27  0.1828  0.1856
  28  0.1345  0.2423
  29  0.1620  0.1936
  30  0.1115  0.1617
  31  0.1434  0.2016
  32  0.1029  0.1536
  33  0.0723  0.1919
  34  0.1152  0.2169
  35  0.2117  0.1586
  36  0.1674  0.2017
  37  0.2296  0.2230
  38  0.1577  0.1390
  39  0.1716  0.1811
  40  0.2302  0.1829
  41  0.1561  0.2190
  42  0.1496  0.0859
  43  0.1726  0.2020
  44  0.1168  0.2753
  45  0.1758  0.1734
  46  0.1658  0.2331
  47  0.0892  0.1966
  48  0.2147  0.1749
  49  0.1740  0.2314
  50  0.1544  0.2385
  51  0.1288  0.2512
  52  0.0726  0.1652
  53  0.2210  0.2735
  54  0.0528  0.2080
  55  0.1416  0.2980
  56  0.1479  0.1723
  57  0.1378  0.2984
  58  0.1180  0.2611
  59  0.0460  0.2969
  60  0.1191  0.2837
  61  0.1087  0.3230
  62  0.0779  0.2629
  63  0.0500  0.3845
  64  0.0178  0.3862
  65  0.1562  0.3546
  66  0.0295  0.4061
  67  0.0547  0.4278
  68  0.0730  0.4463
  69  0.1232  0.5805
  70  0.0698  0.5174
  71  0.0987  0.5161
  72 -0.0591  0.6228
  73  0.0417  0.6225
  74  0.0242  0.5793
  75  0.0643  0.6966
  76  0.0193  0.6896
  77  0.0132  0.7701
  78  0.0502  0.7232
  79  0.0600  0.7250
  80 -0.0247  0.8501
  81  0.0879  0.7790
  82  0.0532  0.8275
  83  0.0595  0.7841
  84 -0.0525  0.9484
  85 -0.0024  0.8146
  86 -0.0073  0.8455
  87 -0.0471  0.8097
  88 -0.0051  0.8721
  89  0.0312  0.9334
  90 -0.0177  0.8164
  91  0.0361  0.9535
  92  0.0127  0.9397
  93  0.0392  0.9639
  94 -0.0038  0.8991
  95  0.0211  0.9120
  96  0.0361  0.9518
  97  0.0520  0.9183
  98 -0.0081  0.9711
  99  0.0197  0.9514
