# model = toggleswitch.txt 
# tmax = 100
# branching = True
# nrRealizations = 10
# noiseObs = 0.002154434690031882
# noiseDyn = 0.001
# seed = 0
# it       0       1 
   0  0.8131  0.7943
   1  0.7361  0.7196
   2  0.6623  0.6518
   3  0.5979  0.5876
   4  0.5421  0.5315
   5  0.4896  0.4840
   6  0.4449  0.4399
   7  0.4030  0.4012
   8  0.3695  0.3674
   9  0.3389  0.3290
  10  0.3109  0.3135
  11  0.2904  0.2885
  12  0.2724  0.2661
  13  0.2553  0.2518
  14  0.2395  0.2415
  15  0.2289  0.2252
  16  0.2199  0.2149
  17  0.2144  0.2067
  18  0.2067  0.1984
  19  0.2058  0.1960
  20  0.1975  0.1918
  21  0.1940  0.1841
  22  0.1989  0.1817
  23  0.1909  0.1822
  24  0.1911  0.1768
  25  0.1958  0.1775
  26  0.1935  0.1767
  27  0.1974  0.1686
  28  0.1931  0.1670
  29  0.1946  0.1654
  30  0.1968  0.1670
  31  0.1994  0.1616
  32  0.1998  0.1637
  33  0.2011  0.1606
  34  0.2092  0.1620
  35  0.2013  0.1613
  36  0.2060  0.1539
  37  0.2106  0.1549
  38  0.2178  0.1519
  39  0.2212  0.1489
  40  0.2229  0.1469
  41  0.2281  0.1473
  42  0.2334  0.1394
  43  0.2342  0.1387
  44  0.2446  0.1325
  45  0.2510  0.1316
  46  0.2609  0.1266
  47  0.2667  0.1231
  48  0.2761  0.1191
  49  0.2846  0.1100
  50  0.2942  0.1054
  51  0.3040  0.0992
  52  0.3220  0.0941
  53  0.3395  0.0873
  54  0.3543  0.0847
  55  0.3782  0.0772
  56  0.3937  0.0725
  57  0.4155  0.0661
  58  0.4386  0.0620
  59  0.4648  0.0586
  60  0.4890  0.0540
  61  0.5146  0.0473
  62  0.5406  0.0457
  63  0.5619  0.0414
  64  0.5869  0.0406
  65  0.6172  0.0395
  66  0.6464  0.0265
  67  0.6702  0.0246
  68  0.6879  0.0207
  69  0.7181  0.0202
  70  0.7387  0.0223
  71  0.7617  0.0191
  72  0.7797  0.0197
  73  0.7946  0.0176
  74  0.8080  0.0112
  75  0.8232  0.0145
  76  0.8373  0.0082
  77  0.8523  0.0103
  78  0.8630  0.0063
  79  0.8766  0.0076
  80  0.8893  0.0070
  81  0.8949  0.0052
  82  0.9050  0.0020
  83  0.9130  0.0033
  84  0.9185  0.0072
  85  0.9242  0.0050
  86  0.9358  0.0045
  87  0.9409 -0.0002
  88  0.9425 -0.0011
  89  0.9427 -0.0001
  90  0.9441  0.0009
  91  0.9544 -0.0040
  92  0.9554  0.0024
  93  0.9587 -0.0011
  94  0.9675 -0.0045
  95  0.9691  0.0005
  96  0.9648 -0.0013
  97  0.9722 -0.0047
  98  0.9717 -0.0006
  99  0.9748 -0.0073
   0  0.7915  0.7993
   1  0.7179  0.7244
   2  0.6513  0.6529
   3  0.5843  0.5895
   4  0.5269  0.5352
   5  0.4783  0.4821
   6  0.4341  0.4380
   7  0.3947  0.4035
   8  0.3556  0.3699
   9  0.3304  0.3383
  10  0.3051  0.3111
  11  0.2862  0.2895
  12  0.2623  0.2706
  13  0.2515  0.2524
  14  0.2369  0.2425
  15  0.2214  0.2328
  16  0.2159  0.2236
  17  0.2069  0.2174
  18  0.2014  0.2067
  19  0.1939  0.2032
  20  0.1877  0.1983
  21  0.1866  0.1949
  22  0.1852  0.1916
  23  0.1827  0.1969
  24  0.1818  0.1895
  25  0.1779  0.1907
  26  0.1820  0.1865
  27  0.1786  0.1877
  28  0.1742  0.1891
  29  0.1728  0.1855
  30  0.1707  0.1846
  31  0.1726  0.1881
  32  0.1706  0.1848
  33  0.1693  0.1878
  34  0.1717  0.1888
  35  0.1748  0.1870
  36  0.1718  0.1907
  37  0.1710  0.1917
  38  0.1687  0.1903
  39  0.1693  0.1933
  40  0.1695  0.1960
  41  0.1658  0.1987
  42  0.1628  0.1932
  43  0.1614  0.1999
  44  0.1553  0.2065
  45  0.1575  0.2038
  46  0.1561  0.2081
  47  0.1483  0.2118
  48  0.1519  0.2151
  49  0.1478  0.2223
  50  0.1441  0.2265
  51  0.1396  0.2313
  52  0.1336  0.2315
  53  0.1365  0.2431
  54  0.1245  0.2458
  55  0.1244  0.2577
  56  0.1198  0.2617
  57  0.1160  0.2760
  58  0.1117  0.2835
  59  0.1030  0.2965
  60  0.1006  0.3075
  61  0.0949  0.3211
  62  0.0895  0.3338
  63  0.0829  0.3560
  64  0.0754  0.3741
  65  0.0750  0.3917
  66  0.0641  0.4143
  67  0.0603  0.4388
  68  0.0570  0.4646
  69  0.0550  0.4958
  70  0.0485  0.5169
  71  0.0450  0.5415
  72  0.0348  0.5731
  73  0.0367  0.5995
  74  0.0335  0.6224
  75  0.0334  0.6517
  76  0.0280  0.6745
  77  0.0241  0.6996
  78  0.0252  0.7192
  79  0.0235  0.7382
  80  0.0185  0.7646
  81  0.0218  0.7785
  82  0.0185  0.7982
  83  0.0173  0.8120
  84  0.0104  0.8333
  85  0.0111  0.8405
  86  0.0095  0.8519
  87  0.0071  0.8606
  88  0.0074  0.8752
  89  0.0098  0.8893
  90  0.0066  0.8939
  91  0.0083  0.9072
  92  0.0054  0.9133
  93  0.0056  0.9211
  94  0.0021  0.9246
  95  0.0040  0.9297
  96  0.0062  0.9362
  97  0.0064  0.9406
  98  0.0032  0.9471
  99  0.0048  0.9496
