# model = toggleswitch.txt 
# tmax = 100
# branching = True
# nrRealizations = 10
# noiseObs = 0.21544346900318823
# noiseDyn = 0.001
# seed = 0
# it       0       1 
   0  0.6003  0.6237
   1  0.7803  0.8312
   2  0.5131  0.8467
   3  0.4544  0.6160
   4  0.6331  0.5288
   5  0.4145  0.6588
   6  0.5562  0.6952
   7  0.3215  0.5487
   8  0.4449  0.5909
   9  0.2485 -0.4207
  10  0.0245  0.6175
  11  0.3392  0.2336
  12  0.2831 -0.0282
  13  0.1995  0.2135
  14  0.0918  0.4842
  15  0.1928  0.0623
  16  0.1137  0.1375
  17  0.2707  0.0724
  18  0.1059 -0.1244
  19  0.4420  0.2335
  20 -0.0031  0.3901
  21 -0.0327 -0.0049
  22  0.6087  0.0836
  23 -0.0414  0.3921
  24 -0.0561  0.0837
  25  0.4111  0.3296
  26  0.0382  0.3558
  27  0.4616 -0.2121
  28  0.0232 -0.1317
  29  0.1552 -0.1313
  30  0.2045 -0.0067
  31  0.3481 -0.2089
  32  0.2245  0.2416
  33  0.1854  0.0553
  34  0.8707  0.3452
  35 -0.0450  0.3622
  36  0.1458 -0.0542
  37  0.2316  0.3481
  38  0.4351  0.1274
  39  0.5930  0.0803
  40  0.3999  0.1027
  41  0.4666  0.3743
  42  0.4790 -0.0253
  43 -0.0417  0.2831
  44  0.3350  0.0289
  45  0.2400  0.2526
  46  0.4887  0.1845
  47  0.3988  0.1106
  48  0.5441  0.1824
  49  0.3696 -0.1147
  50  0.1578  0.0737
  51 -0.0319 -0.0065
  52  0.2970  0.1737
  53  0.2572 -0.1752
  54 -0.0634 -0.0258
  55  0.5019 -0.2115
  56  0.2402  0.0472
  57  0.2431 -0.0873
  58  0.3163 -0.0198
  59  0.5270  0.0741
  60  0.4850  0.0753
  61  0.6059 -0.1745
  62  0.6027  0.0445
  63  0.3523 -0.1301
  64  0.3314  0.2041
  65  0.6636  0.4841
  66  0.9692 -0.4216
  67  0.8848 -0.1966
  68  0.3029 -0.2144
  69  0.9482 -0.0905
  70  0.6786  0.1419
  71  0.9228 -0.2072
  72  0.7914 -0.0025
  73  0.7196  0.1434
  74  0.4925 -0.2923
  75  0.6470  0.1817
  76  0.7956 -0.2615
  77  1.0350 -0.0951
  78  0.8661 -0.3364
  79  0.9111  0.1218
  80  1.0665  0.2296
  81  0.7326 -0.0130
  82  0.7365 -0.0984
  83  0.6926 -0.0460
  84  0.5750  0.3123
  85  0.5562  0.0816
  86  1.1239  0.0482
  87  1.1993 -0.4629
  88  0.8710 -0.3673
  89  0.6309 -0.1219
  90  0.5244  0.0139
  91  1.0501 -0.4906
  92  0.7871  0.2556
  93  0.7579 -0.0285
  94  1.2389 -0.1758
  95  1.1871  0.3221
  96  0.7679  0.1392
  97  1.2464 -0.2510
  98  0.9971  0.2196
  99  1.0900 -0.4874
   0  0.6739  0.7933
   1  0.4711  1.0960
   2  0.9044  0.5466
   3  0.7510  0.5256
   4  0.3911  0.7999
   5  0.1666  0.6645
   6  0.3128  0.3254
   7  0.7211  0.2729
   8  0.0642  1.0230
   9  0.4079  0.4175
  10  0.3855  0.0693
  11  0.3643  0.1603
  12  0.5157  0.3740
  13  0.4407  0.2421
  14  0.2256  0.2033
  15  0.0958  0.5817
  16  0.1962  0.5053
  17  0.2875  0.3324
  18 -0.1731 -0.0646
  19  0.4164  0.2090
  20  0.3068  0.2473
  21  0.0101  0.3138
  22 -0.0572  0.1800
  23  0.3045  0.1502
  24  0.1408  0.2718
  25  0.4088 -0.1756
  26  0.3034  0.1040
  27  0.3851  0.1776
  28  0.2096 -0.1107
  29 -0.0787 -0.0652
  30 -0.2677 -0.1782
  31  0.3273  0.1290
  32  0.3793  0.3829
  33  0.3151 -0.1809
  34  0.3223  0.3168
  35  0.4355  0.0335
  36  0.0400  0.2735
  37  0.1434  0.4126
  38 -0.4418  0.0162
  39  0.6052  0.4169
  40  0.4202  0.1767
  41 -0.0984  0.5412
  42  0.4580  0.1033
  43 -0.0687  0.0465
  44 -0.0347  0.0674
  45 -0.2433  0.3907
  46  0.4429  0.0159
  47  0.4190 -0.1029
  48 -0.3135  0.7457
  49  0.2114  0.3696
  50  0.3042  0.3423
  51  0.2295  0.1431
  52  0.1649  0.1048
  53  0.1791 -0.0305
  54  0.0699  0.3629
  55  0.0958 -0.0272
  56  0.1217  0.2283
  57  0.0228  0.5046
  58  0.4377 -0.0428
  59  0.4637 -0.0274
  60  0.0831  0.2909
  61  0.0151  0.0357
  62  0.1451 -0.3059
  63  0.4598  0.1705
  64  0.1592  0.2239
  65  0.0279  0.2084
  66 -0.2041  0.0499
  67  0.1827 -0.2837
  68  0.1682  0.1727
  69  0.3083  0.2607
  70  0.2432  0.1339
  71  0.2779 -0.1702
  72  0.0310 -0.1068
  73  0.4199  0.1593
  74  0.4009  0.3008
  75  0.4454  0.1355
  76  0.5192  0.1005
  77  0.1990  0.2185
  78  0.0748 -0.0596
  79  0.7012  0.1008
  80  0.3522 -0.1155
  81  0.5562  0.4450
  82  0.3804  0.0151
  83  0.4167  0.2957
  84  0.4501  0.1855
  85  0.3808 -0.0695
  86  0.3925  0.0456
  87  0.4372 -0.5134
  88  0.6424 -0.2729
  89  0.3844  0.2075
  90  0.9107  0.3166
  91  0.6072  0.2910
  92  0.6230 -0.2046
  93  0.3947 -0.1406
  94  0.5623 -0.0588
  95  0.4686  0.0379
  96  0.9590 -0.3015
  97  1.1704 -0.1741
  98  0.7633  0.2658
  99  0.7964 -0.0593
   0  1.1666  0.5774
   1  1.0303  0.6048
   2  0.3165  0.6833
   3  0.3957  0.3956
   4  0.9395  0.5925
   5  0.5136  0.5360
   6  0.3202  0.5383
   7  0.1388  0.0078
   8  0.1218  0.5852
   9  0.1204  0.0376
  10  0.3796  0.5859
  11  0.5689  0.1490
  12  0.5092  0.4860
  13  0.0856  0.4578
  14  0.6497  0.6951
  15  0.4158  0.0824
  16  0.4122  0.6083
  17  0.1539  0.2461
  18 -0.1239  0.2242
  19  0.4002 -0.0271
  20  0.2186 -0.4423
  21  0.6426  0.3171
  22  0.0276  0.1268
  23 -0.0150  0.0791
  24 -0.2211  0.3112
  25  0.4960  0.5075
  26  0.0184  0.4160
  27 -0.0744  0.0684
  28  0.2391  0.1827
  29 -0.1248  0.2220
  30  0.4224  0.4794
  31  0.0991  0.0638
  32  0.1165  0.1154
  33  0.1072  0.2115
  34 -0.0784 -0.0395
  35  0.3540  0.0079
  36  0.1708  0.2064
  37  0.1406  0.3182
  38  0.1239 -0.0033
  39  0.1549 -0.2160
  40  0.0582  0.6371
  41  0.1461  0.6040
  42  0.1053 -0.0212
  43 -0.0611  0.4098
  44  0.3412  0.5233
  45  0.2718  0.2967
  46  0.3835  0.1933
  47  0.1094  0.2907
  48  0.2827  0.7206
  49  0.3086  0.2236
  50  0.1317  0.4113
  51  0.2685  0.3583
  52 -0.1081  0.4696
  53  0.2712  0.0001
  54 -0.0348  0.6635
  55  0.0709  0.3809
  56  0.4924 -0.3884
  57  0.2226  0.0902
  58  0.1504  0.3218
  59  0.1278  0.3776
  60  0.0081  0.5305
  61 -0.1596 -0.0437
  62 -0.1596  0.5903
  63  0.0370 -0.0194
  64 -0.0067  0.4418
  65  0.2583  0.3331
  66  0.3162  0.4822
  67  0.1583  0.3791
  68 -0.0431  0.4135
  69 -0.0172  0.1364
  70  0.3635  0.5469
  71  0.4153  0.3119
  72 -0.0865  0.7066
  73  0.0823  0.7265
  74  0.2279  0.6962
  75 -0.3918  0.9146
  76  0.0349  0.4154
  77  0.2454  0.8073
  78  0.0287  0.2155
  79 -0.1334  0.7557
  80  0.0076  0.3889
  81  0.1878  0.6219
  82 -0.3608  0.9531
  83  0.1006  0.8426
  84 -0.1990  0.7239
  85  0.1543  0.7418
  86  0.0389  0.8870
  87 -0.0284  0.8387
  88  0.6378  1.0307
  89 -0.1066  0.8085
  90 -0.1317  0.5951
  91  0.4377  0.5689
  92 -0.1956  1.1342
  93  0.1658  1.1931
  94  0.1653  1.0640
  95  0.1015  1.0663
  96  0.3695  1.2770
  97  0.0911  0.7966
  98 -0.0905  1.1760
  99 -0.0609  1.2868
