# model = toggleswitch.txt 
# tmax = 100
# branching = True
# nrRealizations = 10
# noiseObs = 0.00046415888336127773
# noiseDyn = 0.001
# seed = 0
# it       0       1 
   0  0.8147  0.7957
   1  0.7358  0.7187
   2  0.6635  0.6502
   3  0.5990  0.5873
   4  0.5414  0.5315
   5  0.4902  0.4826
   6  0.4440  0.4379
   7  0.4037  0.4000
   8  0.3689  0.3657
   9  0.3396  0.3350
  10  0.3132  0.3111
  11  0.2900  0.2890
  12  0.2723  0.2685
  13  0.2558  0.2521
  14  0.2407  0.2396
  15  0.2291  0.2265
  16  0.2207  0.2155
  17  0.2139  0.2077
  18  0.2075  0.2009
  19  0.2039  0.1957
  20  0.1991  0.1902
  21  0.1958  0.1856
  22  0.1957  0.1824
  23  0.1927  0.1805
  24  0.1931  0.1776
  25  0.1941  0.1763
  26  0.1947  0.1753
  27  0.1953  0.1716
  28  0.1944  0.1694
  29  0.1949  0.1678
  30  0.1967  0.1684
  31  0.1982  0.1646
  32  0.1996  0.1630
  33  0.2013  0.1614
  34  0.2040  0.1606
  35  0.2033  0.1597
  36  0.2064  0.1556
  37  0.2105  0.1534
  38  0.2161  0.1521
  39  0.2183  0.1495
  40  0.2215  0.1472
  41  0.2262  0.1455
  42  0.2315  0.1407
  43  0.2364  0.1375
  44  0.2439  0.1334
  45  0.2511  0.1307
  46  0.2591  0.1261
  47  0.2657  0.1232
  48  0.2740  0.1186
  49  0.2839  0.1117
  50  0.2953  0.1056
  51  0.3066  0.1001
  52  0.3222  0.0935
  53  0.3402  0.0894
  54  0.3576  0.0856
  55  0.3772  0.0795
  56  0.3949  0.0727
  57  0.4169  0.0673
  58  0.4396  0.0627
  59  0.4644  0.0584
  60  0.4890  0.0538
  61  0.5138  0.0491
  62  0.5401  0.0457
  63  0.5635  0.0428
  64  0.5890  0.0393
  65  0.6168  0.0360
  66  0.6439  0.0300
  67  0.6685  0.0263
  68  0.6910  0.0226
  69  0.7163  0.0211
  70  0.7391  0.0214
  71  0.7604  0.0209
  72  0.7796  0.0199
  73  0.7952  0.0167
  74  0.8105  0.0136
  75  0.8246  0.0132
  76  0.8376  0.0103
  77  0.8508  0.0111
  78  0.8630  0.0090
  79  0.8763  0.0067
  80  0.8879  0.0052
  81  0.8962  0.0053
  82  0.9064  0.0028
  83  0.9147  0.0037
  84  0.9212  0.0048
  85  0.9271  0.0044
  86  0.9343  0.0041
  87  0.9388  0.0035
  88  0.9431  0.0018
  89  0.9451  0.0009
  90  0.9474  0.0008
  91  0.9537 -0.0001
  92  0.9567  0.0004
  93  0.9602 -0.0009
  94  0.9654 -0.0031
  95  0.9673 -0.0021
  96  0.9664 -0.0024
  97  0.9700 -0.0027
  98  0.9715 -0.0023
  99  0.9739 -0.0035
   0  0.7928  0.8011
   1  0.7168  0.7229
   2  0.6483  0.6520
   3  0.5843  0.5900
   4  0.5271  0.5348
   5  0.4773  0.4837
   6  0.4346  0.4389
   7  0.3946  0.4031
   8  0.3598  0.3690
   9  0.3313  0.3376
  10  0.3059  0.3109
  11  0.2853  0.2891
  12  0.2660  0.2700
  13  0.2509  0.2533
  14  0.2367  0.2418
  15  0.2245  0.2320
  16  0.2162  0.2231
  17  0.2067  0.2148
  18  0.2015  0.2080
  19  0.1962  0.2037
  20  0.1909  0.2000
  21  0.1870  0.1970
  22  0.1849  0.1945
  23  0.1823  0.1947
  24  0.1813  0.1909
  25  0.1796  0.1903
  26  0.1801  0.1889
  27  0.1784  0.1878
  28  0.1757  0.1871
  29  0.1732  0.1852
  30  0.1730  0.1855
  31  0.1737  0.1875
  32  0.1732  0.1860
  33  0.1730  0.1876
  34  0.1738  0.1878
  35  0.1734  0.1881
  36  0.1720  0.1903
  37  0.1687  0.1905
  38  0.1691  0.1922
  39  0.1692  0.1937
  40  0.1672  0.1965
  41  0.1662  0.1979
  42  0.1633  0.1973
  43  0.1609  0.1998
  44  0.1568  0.2038
  45  0.1568  0.2049
  46  0.1558  0.2071
  47  0.1506  0.2123
  48  0.1495  0.2166
  49  0.1468  0.2219
  50  0.1437  0.2260
  51  0.1401  0.2305
  52  0.1360  0.2340
  53  0.1333  0.2420
  54  0.1273  0.2472
  55  0.1238  0.2561
  56  0.1188  0.2651
  57  0.1152  0.2751
  58  0.1114  0.2843
  59  0.1052  0.2965
  60  0.0999  0.3084
  61  0.0943  0.3210
  62  0.0900  0.3365
  63  0.0841  0.3549
  64  0.0776  0.3736
  65  0.0719  0.3932
  66  0.0654  0.4146
  67  0.0605  0.4392
  68  0.0563  0.4653
  69  0.0524  0.4925
  70  0.0477  0.5169
  71  0.0429  0.5425
  72  0.0384  0.5712
  73  0.0365  0.5986
  74  0.0338  0.6241
  75  0.0322  0.6500
  76  0.0284  0.6739
  77  0.0245  0.6969
  78  0.0243  0.7190
  79  0.0222  0.7387
  80  0.0201  0.7613
  81  0.0193  0.7784
  82  0.0172  0.7971
  83  0.0157  0.8131
  84  0.0128  0.8289
  85  0.0116  0.8414
  86  0.0101  0.8521
  87  0.0092  0.8626
  88  0.0079  0.8753
  89  0.0090  0.8876
  90  0.0076  0.8968
  91  0.0073  0.9055
  92  0.0051  0.9123
  93  0.0043  0.9194
  94  0.0023  0.9256
  95  0.0033  0.9304
  96  0.0051  0.9356
  97  0.0047  0.9415
  98  0.0036  0.9462
  99  0.0043  0.9495
