# model = toggleswitch.txt 
# tmax = 100
# branching = True
# nrRealizations = 10
# noiseObs = 4.641588833612772
# noiseDyn = 0.001
# seed = 0
# it       0       1 
   0 -3.8151 -2.9174
   1  1.6969  3.1482
   2 -2.5825  4.8908
   3 -2.5235  1.2061
   4  2.5226  0.4719
   5 -1.1446  4.2859
   6  2.8666  5.9945
   7 -1.3715  3.6101
   8  2.0113  5.2277
   9 -1.6278 -15.9775
  10 -5.9205  6.9270
  11  1.3509 -0.9069
  12  0.5061 -6.1373
  13 -0.9587 -0.5804
  14 -2.9745  5.5204
  15 -0.5559 -3.3189
  16 -2.0909 -1.4687
  17  1.4390 -2.7145
  18 -1.9843 -6.8228
  19  5.3445  1.0136
  20 -4.1652  4.5046
  21 -4.7368 -3.9283
  22  9.1129 -1.9515
  23 -4.8616  4.7479
  24 -5.1869 -1.8485
  25  4.8782  3.4872
  26 -3.1843  4.0716
  27  5.9457 -8.1119
  28 -3.5008 -6.3307
  29 -0.6607 -6.2889
  30  0.3650 -3.6114
  31  3.4348 -7.8991
  32  0.7373  1.8601
  33 -0.1418 -2.1291
  34 14.5986  4.1462
  35 -5.1562  4.5309
  36 -1.1030 -4.3726
  37  0.6662  4.3559
  38  4.9442 -0.3812
  39  8.3079 -1.3444
  40  4.0717 -0.8149
  41  5.4150  5.0849
  42  5.5750 -3.4444
  43 -5.7676  3.2797
  44  2.2120 -2.1207
  45  0.0112  2.7624
  46  5.2151  1.3866
  47  3.1399 -0.1489
  48  6.1059  1.4958
  49  2.1338 -4.7762
  50 -2.6726 -0.5837
  51 -7.0012 -2.2005
  52 -0.2234  1.8252
  53 -1.4514 -5.6219
  54 -8.7310 -2.3184
  55  3.0682 -6.2033
  56 -2.9445 -0.4779
  57 -3.3337 -3.2693
  58 -2.2223 -1.7180
  59  1.8179  0.3966
  60  0.4029  0.5181
  61  2.5006 -4.7767
  62  1.8917  0.0190
  63 -3.9973 -3.6894
  64 -4.9720  3.5979
  65  1.6264  9.7102
  66  7.6681 -9.7202
  67  5.3378 -4.7871
  68 -7.6875 -5.0928
  69  5.7221 -2.3864
  70 -0.5675  2.6221
  71  4.2654 -4.9028
  72  1.0325 -0.4641
  73 -0.8366  2.7540
  74 -6.0536 -6.5905
  75 -3.0111  3.6528
  76 -0.0694 -5.8588
  77  4.8279 -2.2816
  78  0.9309 -7.4468
  79  1.6281  2.4899
  80  4.7428  4.8488
  81 -2.6355 -0.3912
  82 -2.7600 -2.1824
  83 -3.8798 -1.0692
  84 -6.5521  6.6444
  85 -7.0807  1.6717
  86  5.0275  0.9556
  87  6.5609 -10.0651
  88 -0.6118 -7.9669
  89 -5.8396 -2.6496
  90 -8.1860  0.2834
  91  3.0362 -10.5891
  92 -2.7043  5.5106
  93 -3.4081 -0.5960
  94  6.8707 -3.7299
  95  5.7120  6.9962
  96 -3.3190  3.0551
  97  6.9383 -5.3635
  98  1.5232  4.7880
  99  3.4799 -10.4519
   0 -1.8704  0.7015
   1 -4.6141  8.8435
   2  6.1557 -1.5344
   3  4.1140 -0.7270
   4 -2.5124  6.2978
   5 -6.3335  4.4049
   6 -2.2729 -2.0205
   7  7.3054 -2.3308
   8 -6.1335 14.5552
   9  1.8488  2.1222
  10  1.9083 -4.8407
  11  1.8783 -2.3931
  12  5.5294  2.5834
  13  4.2479  0.0530
  14 -0.1072 -0.5208
  15 -2.6793  7.8694
  16 -0.3051  6.4295
  17  1.8180  2.8404
  18 -7.9623 -5.6237
  19  4.8396  0.3868
  20  2.5574  1.2889
  21 -3.7721  2.7782
  22 -5.1243 -0.0522
  23  2.7595 -0.6417
  24 -0.7599  2.0276
  25  5.0345 -7.5780
  26  2.8196 -1.5333
  27  4.5882  0.0922
  28  0.8288 -6.0715
  29 -5.3890 -5.0939
  30 -9.4835 -7.4937
  31  3.3521 -0.9109
  32  4.4532  4.5319
  33  3.0670 -7.6207
  34  3.2490  3.0809
  35  5.7023 -2.9894
  36 -2.8509  2.1757
  37 -0.6235  5.1955
  38 -13.2458 -3.3539
  39  9.3474  5.3119
  40  5.3474  0.1523
  41 -5.8500  7.9945
  42  6.1340 -1.4179
  43 -5.1915 -2.6487
  44 -4.4705 -2.1944
  45 -8.9699  4.7847
  46  5.8060 -3.2695
  47  5.2814 -5.8340
  48 -10.4983 12.4830
  49  0.7603  4.3991
  50  2.7172  3.8388
  51  1.1118 -0.4765
  52 -0.3356 -1.2655
  53 -0.0740 -4.1807
  54 -2.4234  4.3166
  55 -1.8522 -4.0334
  56 -1.3149  1.4821
  57 -3.5089  7.4392
  58  5.3926 -4.3299
  59  5.9222 -3.9582
  60 -2.3296  2.9844
  61 -3.8215 -2.4704
  62 -1.0785 -9.7869
  63  5.6451  0.4957
  64 -0.8953  1.6912
  65 -3.7899  1.4161
  66 -8.8669 -1.9507
  67 -0.6529 -9.0872
  68 -1.0343  0.8142
  69  1.8840  2.8052
  70  0.3973  0.1358
  71  0.9914 -6.3581
  72 -4.4706 -4.9285
  73  3.7429  0.8769
  74  3.1624  4.0651
  75  3.9430  0.6256
  76  5.2901  0.0030
  77 -1.8638  2.6260
  78 -4.8147 -3.2629
  79  8.3476  0.3224
  80  0.5049 -4.2332
  81  4.4909  7.9494
  82  0.3200 -1.2073
  83  0.6617  4.9255
  84  0.9000  2.6648
  85 -1.0390 -2.6927
  86 -1.3427 -0.1113
  87 -0.9400 -12.0609
  88  2.9051 -6.8161
  89 -3.1857  3.6300
  90  7.6034  6.0927
  91  0.4609  5.6080
  92  0.2530 -5.0098
  93 -5.2199 -3.5696
  94 -2.1053 -1.7386
  95 -4.6110  0.4039
  96  5.4851 -6.8480
  97  9.5847 -4.0395
  98  0.4010  5.4528
  99  0.7480 -1.5086
   0  8.5629 -3.8617
   1  7.2377 -1.6893
   2 -6.7202  1.4263
   3 -3.7070 -3.4824
   4  9.1777  1.9030
   5  1.0272  1.7250
   6 -2.2107  2.6879
   7 -5.3087 -7.9491
   8 -4.9111  5.1809
   9 -4.3128 -6.0135
  10  1.8149  6.3259
  11  6.3402 -2.6374
  12  5.4890  5.0038
  13 -3.3183  4.7312
  14  9.1040 10.1057
  15  4.3263 -2.8778
  16  4.4351  8.6287
  17 -0.9813  0.9452
  18 -6.8410  0.6108
  19  4.5793 -4.7004
  20  0.7836 -13.5510
  21  9.9831  2.8872
  22 -3.2255 -1.1384
  23 -4.1160 -2.1653
  24 -8.5320  2.8749
  25  6.9597  7.1158
  26 -3.3352  5.1847
  27 -5.3234 -2.2941
  28  1.4624  0.1507
  29 -6.3605  0.9951
  30  5.4660  6.5523
  31 -1.4770 -2.4139
  32 -1.0623 -1.2975
  33 -1.2118  0.7545
  34 -5.1779 -4.6882
  35  4.1286 -3.6824
  36  0.1952  0.5641
  37 -0.4679  2.9326
  38 -0.8009 -3.9905
  39 -0.1161 -8.5937
  40 -2.2053  9.7634
  41 -0.2835  9.0151
  42 -1.1289 -4.4349
  43 -4.6965  4.8143
  44  4.0166  7.1884
  45  2.5454  2.2780
  46  4.9821 -0.0062
  47 -0.8555  2.0496
  48  2.8905 11.2703
  49  3.4813  0.4987
  50 -0.2850  4.4715
  51  2.7210  3.2521
  52 -5.3042  5.6002
  53  2.8860 -4.6274
  54 -3.6048  9.5876
  55 -1.2665  3.3631
  56  7.8763 -13.2967
  57  2.1332 -3.1367
  58  0.6598  1.7131
  59  0.2886  2.7474
  60 -2.2054  5.8544
  61 -5.7283 -6.7308
  62 -5.6218  6.7253
  63 -1.2662 -6.6877
  64 -2.0753  2.9478
  65  3.7048  0.2845
  66  5.0782  3.1535
  67  1.7874  0.5520
  68 -2.4503  0.8831
  69 -1.8162 -5.5693
  70  6.4826  2.8259
  71  7.6773 -2.6928
  72 -2.9885  5.3098
  73  0.7394  5.2023
  74  3.9686  4.0368
  75 -9.3155  8.1764
  76 -0.0400 -3.1196
  77  4.5723  4.7601
  78 -0.0436 -8.5138
  79 -3.4904  2.6292
  80 -0.3752 -5.7900
  81  3.5287 -1.2372
  82 -8.2575  5.4551
  83  1.7093  2.6832
  84 -4.6710 -0.3031
  85  2.9828 -0.2671
  86  0.5372  2.5206
  87 -0.8562  1.1800
  88 13.5250  5.0124
  89 -2.5008 -0.0789
  90 -3.0098 -4.8990
  91  9.2609 -5.7247
  92 -4.3699  6.2246
  93  3.4162  7.2790
  94  3.4247  4.3339
  95  2.0558  4.2291
  96  7.8288  8.6144
  97  1.8221 -1.8568
  98 -2.0720  6.1865
  99 -1.4275  8.4625
   0 -3.8004  4.5090
   1 -0.9469  4.7445
   2  6.1939  2.2925
   3  2.4331 -0.4078
   4  8.5595  9.1942
   5 -2.3219 -4.5405
   6 -2.4466  0.1771
   7 -0.7154 -0.7538
   8  6.8049 -2.7792
   9 -1.2387  1.8784
  10  3.9757  5.7273
  11 -1.9320  2.2565
  12  1.3403 -0.5881
  13 -0.5548  2.1977
  14  0.8504  0.8272
  15  6.0423  9.5067
  16 -7.8029  3.2794
  17 -6.1540  3.1605
  18 -1.3355 -5.4895
  19  4.2503  7.0710
  20  0.6384  1.6098
  21 -0.5466 -0.5864
  22  5.4652  1.7159
  23 -0.8541  4.2833
  24  6.3919  1.3608
  25  4.0990 -7.5022
  26 -0.2513 -5.8555
  27 -0.5025 -5.7807
  28 -5.7899 -9.0511
  29 -2.4057 -1.6392
  30 -4.1249 -3.5269
  31  4.4044  4.7429
  32 -3.6849  0.9799
  33 -3.4902  0.7593
  34  2.6328 -6.5384
  35  0.9986  1.7732
  36  5.2198  8.8724
  37  4.8718  1.4868
  38  6.0642 -2.0481
  39 -5.9571  4.9634
  40  3.3332  8.0984
  41 -2.0802 -7.5684
  42 -3.7051  1.8601
  43 -8.7581 -7.0755
  44  6.6807 12.8247
  45  6.2157 -2.8570
  46  4.3630 -0.6558
  47 -3.5334 -2.3307
  48  6.7405 -3.4030
  49 -3.8006 -3.3268
  50  6.3182 -1.9993
  51  5.7726 10.3012
  52  2.6368  3.4706
  53 -0.2141 -5.4451
  54  1.9800 -0.1217
  55 -6.4295 -4.0213
  56  5.4409 -4.0037
  57  1.8818 -1.2184
  58  2.0657  0.5704
  59 -1.2354 -13.3554
  60  1.7629  4.7401
  61 -0.2373  7.3793
  62  6.1620  4.0039
  63 -1.0786 -3.3834
  64 -0.5961 -2.5594
  65  3.5064 -0.6567
  66  8.2047  2.8539
  67 -0.5453  4.7791
  68 -6.0690 -4.2233
  69 -0.8725  3.1011
  70 -5.9154  4.4459
  71  0.1307 -4.0648
  72  1.0112  3.4906
  73  3.1243 -4.5252
  74 -3.3129  5.4141
  75  8.7467  3.1358
  76  1.8531  0.1556
  77 -0.2486 -6.0386
  78 -2.3742 -6.2720
  79  4.5690 -0.4095
  80 -4.3528  9.5659
  81  5.5580 -4.6561
  82  4.8979  0.4016
  83 -1.1885  4.2019
  84 -7.5832  2.5369
  85 -1.9497  5.5014
  86 -7.0866 -3.2525
  87 -0.4713 -8.6875
  88 -4.4874 -5.5971
  89 -1.1505  0.6635
  90  7.4515 -1.8861
  91 -4.2157 -4.3680
  92  3.4530 -1.0824
  93  1.5885 -6.1422
  94  5.4510 -2.5972
  95 -0.5882  2.9485
  96 -1.9681  1.7623
  97  3.3964 -9.2970
  98  3.7943 -5.1638
  99  8.0850  2.8567
   0 -0.4470  2.4823
   1  4.1686 -3.0640
   2 -2.0933  4.0434
   3  5.8549 -6.1501
   4  8.1879 -5.7427
   5  7.6843  0.3858
   6  7.5035  7.4396
   7 -1.6932  0.1770
   8 -1.3302 -0.4137
   9  5.6798 -0.6173
  10  8.0778  4.5946
  11 -2.4859 -3.3455
  12  1.5856 -1.0310
  13  2.4928 -7.6562
  14 -5.8807 -5.2625
  15  4.7568 -7.4573
  16  5.2336 -3.2198
  17 -1.0336 -2.6994
  18  4.8480  7.8321
  19 -0.5435 -4.4848
  20  4.8240 -6.5008
  21  1.9520 -3.6221
  22 -7.9296 -1.1159
  23 -3.2789  2.9364
  24  0.0757  5.4728
  25 -4.5403  0.3884
  26 -1.2641 -3.2382
  27  9.0042  0.8944
  28  6.1326  0.1696
  29 -1.2425 -0.1867
  30 -3.5949 -0.4894
  31 -1.7167  2.7576
  32 -4.8732 -8.9266
  33 -5.3974  8.5656
  34 -1.9883  3.6952
  35  8.8861 -0.2659
  36 -8.7189  2.3805
  37  0.8209 -5.3263
  38 -5.8167  0.9196
  39 -2.3530  1.5913
  40 -0.9409  7.2751
  41  0.1850  3.1246
  42 -3.9888  0.2146
  43 -4.6802  0.4238
  44 -1.0482 -5.6428
  45  4.1386 -9.2108
  46 -2.0719  0.2412
  47 -0.5779 -2.4752
  48 -0.5691 -2.6328
  49 -3.1133 -2.5198
  50 -4.2785 -0.9198
  51 -3.7310 -8.8015
  52 -4.9887 -4.5650
  53 -4.8784  1.1252
  54 -1.9757 -0.5152
  55 -3.9232 -1.0728
  56  9.3753  4.2332
  57  1.6111  4.7863
  58 -1.8381  2.5549
  59  0.4018 -7.4597
  60  1.0972  2.5097
  61  3.4936  9.2302
  62 -8.5232 -2.1801
  63  3.4044  7.1728
  64 -5.8604 -4.5775
  65  0.6232 11.1388
  66 -2.6551 -3.4624
  67 -1.5018  2.6182
  68  2.8028 -1.5298
  69 -7.3967 -2.0893
  70 -1.1977  0.8554
  71  0.0562  2.9438
  72  8.5834  3.5377
  73  3.9417 -5.6656
  74 -11.3752 -2.6971
  75  0.5993 -1.8650
  76  4.9201  6.1974
  77 -2.3974 -7.1525
  78  9.4903  7.3571
  79 -1.0645 -6.0094
  80 -1.2986  0.4071
  81  1.6587 -4.1164
  82  0.4631  0.0411
  83 -3.7360 -0.0567
  84 -6.4021  2.9539
  85 -8.0504 -3.0855
  86 -4.2952  9.6002
  87 -0.8340 -0.5300
  88  6.8936  0.7033
  89  1.1813 -3.5653
  90 -2.1977  3.4880
  91  7.2172  0.6417
  92 -1.5069 -0.6480
  93  1.3300  3.5282
  94  3.2635  3.0464
  95 -4.1285 14.9047
  96  8.0583  2.9269
  97 -3.7509 -0.1586
  98  0.3786  0.0888
  99 -4.4352  5.8786
   0 -4.7551 -3.2222
   1  3.0496 -0.2926
   2  4.5373  6.4790
   3 -0.9694  1.0385
   4  4.8567 -3.4395
   5 -1.5777  0.4778
   6  5.9849  0.8732
   7 -10.8163  9.6873
   8  2.9204 -1.4117
   9  2.0733  1.7831
  10 -0.9592 -0.5420
  11  2.7504  1.4791
  12  0.5333  4.2054
  13 -3.5622  1.6537
  14  1.5958 -7.8712
  15  0.0199  5.0666
  16 -2.6105  0.8130
  17  0.1621  2.7279
  18 -1.9259 -4.2689
  19 -5.0863  0.4003
  20  4.1220 -6.2101
  21 -4.1339  3.0299
  22 -5.3446 -4.2766
  23  0.9962  0.6204
  24 -8.3836  3.8215
  25 -0.1166 -5.6369
  26  7.2896  0.0297
  27 -6.2990  0.8031
  28 -1.5015  1.6873
  29 -2.5659  0.3740
  30  6.9271 -4.9483
  31  0.5212 -5.0543
  32  4.2438  0.5949
  33 -3.6293 -0.0909
  34 -1.9313 -3.0805
  35 -2.8349  3.8593
  36 -3.1886  1.0839
  37  2.4421 -5.5212
  38  1.4745 -2.2567
  39 -7.9167 -1.6290
  40  1.8529  3.9416
  41  1.0041 -1.9870
  42  1.7902 -4.6769
  43  4.1987 -7.7198
  44 -0.1601 -4.7965
  45  6.4395  2.8163
  46  8.4058  2.6070
  47 -1.8924  3.8603
  48 -0.5937  0.0661
  49  2.2064  0.5587
  50  7.6611 -1.0654
  51 -1.1647 -5.1079
  52 -3.2287  9.9362
  53 -4.4082  7.9132
  54  5.3389 -0.3615
  55  3.4571 -6.3196
  56  1.7820  2.3840
  57 -3.6927 -2.1139
  58 10.0924  1.8870
  59 -5.6866 -1.8442
  60  7.2453  2.5280
  61  3.7393  2.5985
  62  0.1371 -7.4342
  63 -9.3627  0.0223
  64 -3.6434  2.5290
  65  6.9834 -6.5675
  66  8.6257 -3.4724
  67 -0.9656 -1.2383
  68  3.4318  4.7028
  69 -2.2466  1.7731
  70  1.7684  4.7919
  71 -3.3407  5.4630
  72  3.8156 -4.7972
  73  1.2013 14.1224
  74 -2.4678 -2.1187
  75 -10.2091  6.5030
  76  0.2884  3.3409
  77  2.8010  0.4624
  78 -1.1633 -1.1939
  79  4.3458 -0.9823
  80 -3.5319  5.7335
  81 10.0449  0.4970
  82 -2.1160  0.0030
  83 -0.5252 -6.9282
  84 -3.7316 -7.1141
  85  4.6048 -4.8682
  86 -2.1500  5.0946
  87 -1.8089 10.8431
  88 -0.5438 -1.7321
  89 -3.3770  6.4752
  90 -2.4562 -5.5890
  91 -4.7692 -5.8288
  92 -0.7986  4.4949
  93 -3.1736  3.2041
  94 -2.7726 15.9113
  95  7.8958  4.9707
  96 -1.7849  3.3625
  97 -2.6389  0.2649
  98  2.8332  1.7817
  99  1.6845  0.6055
   0  9.0832  3.7936
   1  0.5168  8.3734
   2  6.3873 -2.3922
   3  7.4425 -6.1389
   4  1.9591  6.9058
   5  0.8046  3.5228
   6  4.5201 -3.1597
   7  5.2226  2.7750
   8 -2.2582  9.5196
   9 -0.2953  0.0250
  10 -0.7309 -0.1263
  11 -6.5043 -1.4408
  12 -4.2889  3.5863
  13 -7.7444 10.1361
  14  2.5772  5.9082
  15  4.7387  0.0366
  16 -2.8843 -0.5924
  17 -2.6449  0.0314
  18  0.3856 -1.2524
  19  2.6610 -5.6414
  20 -3.7419 -1.5710
  21 -0.3863 -0.9409
  22 -3.7238 -4.6481
  23  5.4408 -2.2937
  24 -0.6219 -2.2298
  25 -0.1417 -5.1944
  26  7.1838 -0.3049
  27  4.5027 -3.9569
  28 -0.0373 -4.1486
  29 -1.8833 -4.9067
  30 -4.2518  1.9515
  31  4.7874 -5.2435
  32  1.5650  5.4054
  33 -4.4348  0.4718
  34  0.1365 -0.4371
  35 -3.3634  3.3164
  36 -2.3278 -14.2581
  37  2.7458 -1.4272
  38  0.7094  1.1782
  39 -3.4219 -3.8787
  40  1.5023 -5.7227
  41 -6.1661 -0.8607
  42  2.2862 -1.8956
  43  9.9945  2.7086
  44 -7.8833 -8.5867
  45 -0.2099 -0.1088
  46 -0.2724  4.1016
  47  9.6584 -1.2953
  48  0.2064 -1.2072
  49 -0.8521  4.7396
  50 -5.4734 -10.0896
  51  1.5816  5.1733
  52  4.0416  4.8571
  53  3.1111  8.1990
  54  4.1342  0.1051
  55  7.8647 -7.8045
  56 -0.3858  4.9209
  57 -1.3132 -5.3694
  58  6.7401 -2.9274
  59 -8.0700  0.3495
  60  2.2517 -3.9228
  61  0.7963  6.3340
  62  2.8739 -2.8507
  63  6.5321  1.0946
  64 -0.3561  2.8754
  65 -5.3591 -3.7812
  66 -1.4462 -7.6278
  67  2.6542  1.1761
  68  8.1628  1.6115
  69 -2.5764  2.9493
  70  4.1082 -1.2282
  71 -1.4888  3.3060
  72  2.4322 -2.2777
  73 -4.2962  1.6950
  74 -7.7041 -3.7592
  75 -4.1634  9.2936
  76  5.2845  3.4995
  77  3.9539  7.8437
  78 -1.0242  2.5584
  79  7.5907  1.1319
  80 -3.1805 -2.1309
  81  4.9002  4.1393
  82 -0.6127  5.5212
  83 -3.7898  3.4295
  84  4.7835 -5.7620
  85  1.5207 -1.0930
  86  5.3191 -3.1867
  87  6.9012 -1.6937
  88  0.9594  4.9402
  89 -7.3915  1.8864
  90  7.3621 -2.0820
  91 -7.6782  8.6326
  92  6.6575  0.1656
  93  2.0328  5.4104
  94 -0.3408 -0.4718
  95  1.4928 -12.6718
  96 -2.3818 -6.2117
  97 -3.2096  5.0104
  98 -2.9994  0.7805
  99 -4.1148 11.3167
   0 -6.5348  3.7875
   1  8.6882 -1.1005
   2  0.8616 -2.5145
   3 -2.5604  3.8845
   4  1.0445 -0.0050
   5  6.6992  2.3969
   6  3.7615 -5.9551
   7  0.7683  4.7605
   8 -1.1315  2.3330
   9 -3.0305  3.2811
  10  1.0225 -4.3202
  11 -4.6652 -2.9782
  12  1.4201  0.1232
  13 -6.2259  4.1315
  14 -4.2637  4.4136
  15  3.2086  5.9132
  16 -5.8970 11.0296
  17  2.9793 -6.3023
  18  2.8899  1.8547
  19 -6.3958  3.3922
  20  6.0777 -3.3157
  21 -1.2669 -2.4761
  22 -7.3360 -5.7251
  23 -2.5304  3.1782
  24  6.0010 -1.4681
  25 -2.6485  3.0043
  26 -4.5736 -1.6826
  27  0.7009 -3.8186
  28  0.8761 -9.1335
  29  8.2847  6.9165
  30  2.2864 10.2529
  31 -0.8798 -0.8030
  32  2.8398  0.3726
  33 -2.5161 -3.3205
  34  1.2688 -4.2598
  35  4.3155 -0.0725
  36  1.3126  8.7779
  37  6.3927  3.9877
  38 -0.3953  8.4102
  39 -4.0179 -2.8631
  40  5.9977 -4.7916
  41 -6.0187  9.4576
  42 -0.6121  9.1731
  43 -5.2898 -6.6821
  44  8.4797 -2.9914
  45 -3.0801  1.0259
  46 -1.1207  5.4413
  47 -1.5419  4.7691
  48  3.8417 -1.0985
  49 -3.8102  0.5097
  50 -1.8673  3.5878
  51 -2.0594 -10.3278
  52  1.7934  6.0855
  53 -9.1164  4.6609
  54 -0.7576 -7.9293
  55 -3.6693 -5.2529
  56  5.5553 -0.4973
  57  8.5686  1.5128
  58 -2.2628 -8.8634
  59 -0.7445  2.9437
  60 -0.4650 -5.4540
  61 -3.9374  2.1992
  62 -1.6753 -2.7018
  63  1.3025  3.5794
  64  2.3728 -5.6385
  65  1.4325 10.4280
  66 -3.7580  0.6730
  67  8.0753  7.3074
  68 -5.2690 -2.7283
  69  4.4071  0.8466
  70  0.1464 -0.1284
  71  9.0221 -4.5188
  72 -0.8258  6.4279
  73 -2.5707 -5.0959
  74  6.7531 -5.8161
  75  1.7001 -0.1130
  76  5.1990  6.1229
  77  0.2656 -0.3837
  78 -4.7617  3.6540
  79  1.8537  5.8627
  80  3.1263 -4.0602
  81  8.2502 -0.0549
  82 -2.8923 -2.1458
  83 -9.3289  4.2800
  84 -2.4208  0.6263
  85  3.4821 -2.4348
  86 -0.9645  2.4013
  87 -0.5475 -1.3923
  88 -1.1042 -0.2194
  89  4.5811  2.5789
  90 -3.0964  6.2418
  91 -10.7308 11.7290
  92  0.2571 -3.0266
  93  4.7873  8.0815
  94  1.6677  4.8786
  95 -1.0712  1.9508
  96 -5.5500 -1.8810
  97 -5.9497  8.3158
  98 -1.6947 -3.6136
  99 -2.4021  5.0547
   0 -3.6103 -6.8327
   1  4.4932  4.7912
   2 -2.5945 -2.6715
   3  7.4093  6.3324
   4 -3.9745  1.2362
   5  3.7599  3.2770
   6 -3.7114 -3.7460
   7  5.5775  5.8231
   8 -5.3605  6.6106
   9 -8.5231  1.2165
  10  6.7825  2.6085
  11 -2.4955  8.4766
  12  7.4486  0.9189
  13 -3.1568 -3.0148
  14 -6.0223 -15.7864
  15  0.5121 -1.4446
  16  7.9349 -8.0959
  17 -0.9513  3.0896
  18 -0.5966 -0.8601
  19  3.8077 -1.7225
  20  0.8456  0.2605
  21 -1.4060 -0.6014
  22  1.7638  1.1147
  23 -7.0619  3.2499
  24 -7.1228 -3.4519
  25 -4.6643  8.6655
  26  3.1917  4.4077
  27  6.7541 -4.8400
  28  2.2934  2.1710
  29 -2.5782  4.8713
  30  1.0398 -5.9990
  31  3.9255 -3.0456
  32 -0.2457 -2.4107
  33 -4.7785  3.6337
  34 -1.6074 -3.2758
  35  0.3319 -0.3883
  36 -4.6328  0.1642
  37 -5.7042  3.5555
  38 10.1797 -6.7807
  39 -0.8488  2.1830
  40 -5.6229 -1.9747
  41 -3.7500 -1.4440
  42 10.0491  8.2164
  43 -5.9346  2.9872
  44 -2.3611 -0.1753
  45 -0.0788 -0.3878
  46  9.2005 -0.3074
  47 -2.3696  6.8797
  48  3.9617  4.4748
  49 -4.3565  1.8766
  50  1.4963 -8.2029
  51 -1.6173  5.9616
  52  0.4479  1.0461
  53  2.9496 -8.3001
  54  3.5853 -0.8204
  55  2.9625 -3.3557
  56  5.8988  1.3056
  57  1.9447 -4.3976
  58 -6.1535 -7.4345
  59 -8.5562  4.2115
  60 -4.3485 -2.7743
  61  4.4811  3.8166
  62 -6.3183  2.9109
  63 -3.8311  2.5292
  64 -0.5687  5.0617
  65 -6.5779 -0.2397
  66  0.5752  0.4313
  67  8.2723  5.1147
  68 -4.4868 -5.2118
  69  0.4003 -6.1806
  70  1.6937 -4.4200
  71 10.4791 -2.5084
  72 -5.7176 -1.9803
  73  3.6725  0.4469
  74 -4.8321  6.4055
  75  4.9046 -5.4070
  76 -1.0494 -2.8335
  77  7.4972 -0.0615
  78  4.9856 -2.3814
  79  2.5442 -4.4607
  80 -2.1773  0.6030
  81  6.1514 -6.1828
  82 -1.8017 -4.0125
  83  9.1818  3.5279
  84 -5.7816 -2.2608
  85 -1.0964 -0.9964
  86 -2.5427 -0.3198
  87 -5.4156 -0.7603
  88 -8.5402  6.4950
  89  5.7510  3.7161
  90 -0.9580 -2.5953
  91 -8.4342 -10.3127
  92 -2.5613  4.8279
  93 -9.3377  0.3929
  94 -1.8348  6.7337
  95  0.8685 -0.8841
  96  7.9202  0.8445
  97 -3.0534 -0.5373
  98  1.7536 -1.1674
  99 -2.0992  2.9038
   0 -3.6356  7.6811
   1  0.2489  8.1605
   2  3.5560  1.6048
   3  8.2803 -9.2365
   4  3.2683 -3.8697
   5  3.6067 -4.2462
   6  1.2780  6.9241
   7 -0.3187  6.1216
   8  7.2199 -3.8069
   9 -6.3157 -5.2574
  10 -5.2305  0.9507
  11  7.5361  0.5850
  12  8.2832 -6.9300
  13 10.6711  6.4807
  14 -5.6502 -0.1534
  15  2.1203 -1.0167
  16 -0.4522 -1.4237
  17 -0.1215  2.7506
  18  6.2731  9.2768
  19  2.1948 -2.8993
  20  0.4744 -3.0151
  21 -6.2800  1.3340
  22  2.1869  1.4512
  23  2.4534 -0.8276
  24  8.0074  1.2744
  25 -3.2651 -4.5086
  26 -0.9919 -6.1110
  27  4.5856  0.2303
  28  3.6887  4.5922
  29 -8.3149  3.7847
  30 -0.3600 -0.7795
  31 -2.5899 -2.9224
  32 -1.5538 -6.6250
  33 -6.9545 -5.0357
  34 -0.8712  1.5294
  35 -8.7767  5.3089
  36  9.5938  3.8422
  37  0.2962  5.9497
  38 -4.4530 -2.3157
  39 -4.4297  1.5263
  40 -1.8305  2.6522
  41  8.3178 -0.2321
  42 -1.9947  6.4559
  43 -2.1251  0.1970
  44 -5.6602 -3.6105
  45 -7.0486 -3.7798
  46  9.1028 -4.3842
  47  0.7507  3.6808
  48  1.5318 -1.5689
  49 -2.0882  6.6673
  50 -10.7982  5.9538
  51  3.4893 -3.2860
  52  3.7308  6.1789
  53 -8.3747 -10.5093
  54 -4.7416 -3.9690
  55  2.8514 -0.8659
  56 -3.3692 -5.2402
  57 -0.8572  0.8252
  58  4.7865  5.8126
  59  5.1696 -4.3849
  60 -5.0201  0.5265
  61 -0.0118  4.8543
  62  5.4581 -10.0355
  63 -2.8747 -4.8816
  64  2.1390  7.9247
  65  3.6754  3.9395
  66 -2.6943  2.3430
  67 -1.2519 10.4388
  68 -4.8477  2.5563
  69  0.3758 -5.0605
  70 -1.9924 -0.1431
  71 -4.9581 -5.7418
  72  8.7672  0.2303
  73  0.2439  3.7385
  74 -4.8262  1.8233
  75 -7.3813  2.7810
  76 -2.2288 -7.1189
  77  5.5208  7.8312
  78 -1.3308 -6.7136
  79  1.0047  4.3247
  80  1.1454  5.2256
  81 -8.8720 -2.2116
  82 -0.0884  3.0404
  83  3.3881 -0.3868
  84  1.6867  6.6704
  85 -0.5161 14.0067
  86  1.3445 -2.0424
  87 -0.4381  0.7287
  88 -2.9688  2.6735
  89 -3.0027  4.6028
  90  7.1611  9.7404
  91 -1.1068 -5.0151
  92  2.2304  7.8154
  93  5.0101  7.8738
  94 -4.0150  1.9167
  95 -0.9887 -6.3581
  96  5.2072 -2.1163
  97 -5.5375  6.0848
  98  0.6601  3.0006
  99 -1.9931 -4.9451
