# model = toggleswitch.txt 
# tmax = 100
# branching = True
# nrRealizations = 10
# noiseObs = 1.0
# noiseDyn = 0.001
# seed = 0
# it       0       1 
   0 -0.1824 -0.0040
   1  0.9428  1.2419
   2 -0.0356  1.5635
   3 -0.0735  0.7206
   4  0.9681  0.5187
   5  0.1381  1.3017
   6  0.9657  1.6346
   7  0.0214  1.0913
   8  0.7226  1.4128
   9 -0.0841 -3.1782
  10 -1.0293  1.7359
  11  0.5185  0.0314
  12  0.3226 -1.1111
  13 -0.0058  0.0728
  14 -0.4518  1.3769
  15  0.0601 -0.5370
  16 -0.2771 -0.1472
  17  0.4778 -0.4216
  18 -0.2646 -1.3117
  19  1.3110  0.3718
  20 -0.7408  1.1194
  21 -0.8665 -0.7004
  22  2.1161 -0.2771
  23 -0.8958  1.1642
  24 -0.9656 -0.2588
  25  1.2029  0.8893
  26 -0.5330  1.0144
  27  1.4337 -1.6124
  28 -0.6014 -1.2305
  29  0.0106 -1.2228
  30  0.2330 -0.6456
  31  0.8952 -1.5721
  32  0.3154  0.5285
  33  0.1274 -0.3319
  34  3.3041  1.0189
  35 -0.9510  1.1011
  36 -0.0756 -0.8196
  37  0.3086  1.0585
  38  1.2344  0.0372
  39  1.9605 -0.1722
  40  1.0507 -0.0600
  41  1.3437  1.2093
  42  1.3823 -0.6314
  43 -1.0567  0.8142
  44  0.6677 -0.3521
  45  0.1995  0.6975
  46  1.3264  0.3976
  47  0.8847  0.0646
  48  1.5299  0.4152
  49  0.6823 -0.9409
  50 -0.3439 -0.0429
  51 -1.2672 -0.3954
  52  0.2047  0.4665
  53 -0.0457 -1.1406
  54 -1.5998 -0.4321
  55  0.9568 -1.2736
  56 -0.3243 -0.0459
  57 -0.3909 -0.6513
  58 -0.1337 -0.3208
  59  0.7558  0.1313
  60  0.4704  0.1538
  61  0.9417 -0.9902
  62  0.8312  0.0400
  63 -0.4187 -0.7610
  64 -0.6087  0.8057
  65  0.8342  2.1195
  66  2.1567 -2.0698
  67  1.6741 -1.0103
  68 -1.1135 -1.0791
  69  1.7944 -0.4974
  70  0.4577  0.5815
  71  1.5153 -1.0395
  72  0.8341 -0.0843
  73  0.4438  0.6062
  74 -0.6678 -1.4087
  75 -0.0014  0.7970
  76  0.6423 -1.2537
  77  1.7073 -0.4827
  78  0.8776 -1.5967
  79  1.0382  0.5415
  80  1.7181  1.0483
  81  0.1356 -0.0801
  82  0.1168 -0.4678
  83 -0.1179 -0.2273
  84 -0.6883  1.4347
  85 -0.7975  0.3635
  86  1.8158  0.2091
  87  2.1496 -2.1649
  88  0.6082 -1.7144
  89 -0.5160 -0.5699
  90 -1.0196  0.0617
  91  1.4022 -2.2806
  92  0.1683  1.1871
  93  0.0195 -0.1291
  94  2.2372 -0.8058
  95  1.9892  1.5051
  96  0.0435  0.6561
  97  2.2554 -1.1572
  98  1.0903  1.0294
  99  1.5136 -2.2537
   0  0.2229  0.7771
   1 -0.4303  2.4693
   2  1.8352  0.1777
   3  1.3471  0.3036
   4 -0.1236  1.7745
   5 -0.9856  1.3275
   6 -0.1455 -0.0905
   7  1.8882 -0.1886
   8 -1.0343  3.4216
   9  0.6633  0.7197
  10  0.6554 -0.8011
  11  0.6327 -0.2923
  12  1.4044  0.7656
  13  1.1156  0.2086
  14  0.1666  0.0749
  15 -0.3961  1.8735
  16  0.1074  1.5554
  17  0.5588  0.7770
  18 -1.5538 -1.0500
  19  1.2005  0.2405
  20  0.7057  0.4319
  21 -0.6603  0.7506
  22 -0.9553  0.1388
  23  0.7397  0.0098
  24 -0.0188  0.5830
  25  1.2287 -1.4877
  26  0.7494 -0.1862
  27  1.1301  0.1625
  28  0.3194 -1.1672
  29 -1.0200 -0.9566
  30 -1.9013 -1.4749
  31  0.8635 -0.0554
  32  1.1014  1.1183
  33  0.8029 -1.4997
  34  0.8411  0.8067
  35  1.3691 -0.5023
  36 -0.4725  0.6106
  37  0.0075  1.2604
  38 -2.7114 -0.5812
  39  2.1548  1.2846
  40  1.2936  0.1724
  41 -1.1179  1.8623
  42  1.4641 -0.1664
  43 -0.9768 -0.4312
  44 -0.8210 -0.3335
  45 -1.7901  1.1696
  46  1.3935 -0.5665
  47  1.2809 -1.1188
  48 -2.1188  2.8262
  49  0.3087  1.0838
  50  0.7320  0.9621
  51  0.3858  0.0333
  52  0.0762 -0.1381
  53  0.1343 -0.7661
  54 -0.3721  1.0637
  55 -0.2495 -0.7374
  56 -0.1330  0.4505
  57 -0.6032  1.7338
  58  1.3160 -0.8027
  59  1.4313 -0.7242
  60 -0.3446  0.7684
  61 -0.6650 -0.4085
  62 -0.0718 -1.9865
  63  1.3789  0.2282
  64 -0.0277  0.4840
  65 -0.6488  0.4225
  66 -1.7396 -0.3047
  67  0.0346 -1.8442
  68 -0.0450  0.2864
  69  0.5876  0.7117
  70  0.2705  0.1342
  71  0.4044 -1.2670
  72 -0.7669 -0.9615
  73  1.0089  0.2865
  74  0.8904  0.9681
  75  1.0654  0.2224
  76  1.3648  0.0832
  77 -0.1666  0.6453
  78 -0.7919 -0.6274
  79  2.0566  0.1401
  80  0.3792 -0.8454
  81  1.2536  1.7752
  82  0.3697 -0.2016
  83  0.4601  1.1164
  84  0.5298  0.6250
  85  0.1291 -0.5345
  86  0.0849  0.0178
  87  0.1931 -2.5602
  88  1.0435 -1.4327
  89 -0.2484  0.8142
  90  2.0970  1.3405
  91  0.5812  1.2335
  92  0.5574 -1.0563
  93 -0.6005 -0.7484
  94  0.0895 -0.3565
  95 -0.4318  0.1027
  96  1.7613 -1.4619
  97  2.6619 -0.8593
  98  0.6991  1.1852
  99  0.7878 -0.3162
   0  2.4776 -0.2095
   1  2.1306  0.1982
   2 -0.9308  0.8150
   3 -0.3316 -0.2918
   4  2.3997  0.8248
   5  0.6046  0.7468
   6 -0.1284  0.9193
   7 -0.8268 -1.4026
   8 -0.7703  1.3998
   9 -0.6654 -1.0350
  10  0.6340  1.6034
  11  1.5919 -0.3449
  12  1.3919  1.2868
  13 -0.5177  1.2153
  14  2.1483  2.3631
  15  1.1089 -0.4423
  16  1.1253  2.0299
  17 -0.0473  0.3700
  18 -1.3146  0.2927
  19  1.1410 -0.8555
  20  0.3187 -2.7659
  21  2.2983  0.7727
  22 -0.5490 -0.0974
  23 -0.7419 -0.3187
  24 -1.6942  0.7656
  25  1.6417  1.6788
  26 -0.5761  1.2613
  27 -1.0048 -0.3504
  28  0.4560  0.1771
  29 -1.2301  0.3590
  30  1.3164  1.5558
  31 -0.1803 -0.3754
  32 -0.0924 -0.1351
  33 -0.1266  0.3077
  34 -0.9823 -0.8635
  35  1.0231 -0.6463
  36  0.1751  0.2698
  37  0.0327  0.7816
  38 -0.0400 -0.7100
  39  0.1068 -1.7010
  40 -0.3430  2.2548
  41  0.0699  2.0949
  42 -0.1135 -0.8036
  43 -0.8828  1.1906
  44  0.9927  1.7047
  45  0.6748  0.6479
  46  1.1986  0.1579
  47 -0.0616  0.6024
  48  0.7450  2.5906
  49  0.8710  0.2724
  50  0.0578  1.1310
  51  0.7032  0.8713
  52 -1.0291  1.3790
  53  0.7347 -0.8202
  54 -0.6676  2.2453
  55 -0.1661  0.9095
  56  1.8012 -2.6765
  57  0.5613 -0.4818
  58  0.2407  0.5684
  59  0.1563  0.7977
  60 -0.3842  1.4742
  61 -1.1467 -1.2290
  62 -1.1278  1.6777
  63 -0.1940 -1.2014
  64 -0.3734  0.8860
  65  0.8692  0.3244
  66  1.1603  0.9557
  67  0.4470  0.4098
  68 -0.4698  0.4967
  69 -0.3361 -0.8750
  70  1.4481  0.9508
  71  1.7025 -0.2207
  72 -0.6009  1.5226
  73  0.1988  1.5198
  74  0.8910  1.2884
  75 -1.9736  2.2018
  76  0.0216 -0.2112
  77  1.0124  1.5079
  78  0.0158 -1.3318
  79 -0.7284  1.0878
  80 -0.0603 -0.7063
  81  0.7800  0.2924
  82 -1.7605  1.7511
  83  0.3857  1.1688
  84 -0.9917  0.5419
  85  0.6556  0.5630
  86  0.1272  1.1766
  87 -0.1751  0.8992
  88  2.9221  1.7365
  89 -0.5310  0.6512
  90 -0.6419 -0.3788
  91  2.0016 -0.5466
  92 -0.9355  2.0365
  93  0.7419  2.2719
  94  0.7431  1.6436
  95  0.4479  1.6269
  96  1.6917  2.5776
  97  0.3979  0.3263
  98 -0.4418  2.0642
  99 -0.3031  2.5587
   0 -0.1989  1.6073
   1  0.3542  1.5964
   2  1.8385  1.0126
   3  0.9791  0.3799
   4  2.2552  2.4046
   5 -0.1287 -0.5952
   6 -0.1896  0.3855
   7  0.1546  0.1530
   8  1.7485 -0.3106
   9 -0.0075  0.6685
  10  1.0964  1.4786
  11 -0.1942  0.7146
  12  0.4964  0.0866
  13  0.0754  0.6740
  14  0.3686  0.3678
  15  1.4786  2.2290
  16 -1.5119  0.8784
  17 -1.1632  0.8470
  18 -0.1291 -1.0218
  19  1.0697  1.6810
  20  0.2888  0.5003
  21  0.0305  0.0246
  22  1.3237  0.5168
  23 -0.0382  1.0684
  24  1.5228  0.4383
  25  1.0289 -1.4715
  26  0.0898 -1.1176
  27  0.0353 -1.1010
  28 -1.1042 -1.8064
  29 -0.3756 -0.2097
  30 -0.7468 -0.6169
  31  1.0908  1.1647
  32 -0.6523  0.3529
  33 -0.6098  0.3056
  34  0.7098 -1.2670
  35  0.3574  0.5231
  36  1.2668  2.0532
  37  1.1914  0.4619
  38  1.4479 -0.2990
  39 -1.1426  1.2124
  40  0.8584  1.8876
  41 -0.3083 -1.4890
  42 -0.6585  0.5435
  43 -1.7472 -1.3810
  44  1.5787  2.9062
  45  1.4775 -0.4715
  46  1.0781  0.0045
  47 -0.6242 -0.3560
  48  1.5873 -0.5868
  49 -0.6844 -0.5691
  50  1.4951 -0.2818
  51  1.3776  2.3686
  52  0.7007  0.8991
  53  0.0865 -1.0203
  54  0.5584  0.1276
  55 -1.2544 -0.7119
  56  1.3011 -0.7068
  57  0.5318 -0.1048
  58  0.5686  0.2818
  59 -0.1440 -2.7168
  60  0.5005  1.1846
  61  0.0679  1.7557
  62  1.4459  1.0307
  63 -0.1157 -0.5579
  64 -0.0141 -0.3766
  65  0.8669  0.0369
  66  1.8761  0.7968
  67 -0.0128  1.2165
  68 -1.2059 -0.7180
  69 -0.0889  0.8673
  70 -1.1780  1.1629
  71  0.1202 -0.6646
  72  0.3055  0.9731
  73  0.7559 -0.7451
  74 -0.6363  1.4066
  75  1.9591  0.9271
  76  0.4710  0.2961
  77  0.0135 -1.0242
  78 -0.4494 -1.0605
  79  1.0429  0.2188
  80 -0.8826  2.3840
  81  1.2496 -0.6624
  82  1.1046  0.4444
  83 -0.2112  1.2809
  84 -1.5941  0.9429
  85 -0.3834  1.6019
  86 -1.4937 -0.2636
  87 -0.0723 -1.4153
  88 -0.9400 -0.7279
  89 -0.2231  0.6412
  90  1.6272  0.1108
  91 -0.8881 -0.4043
  92  0.7632  0.3219
  93  0.3601 -0.7503
  94  1.1912  0.0288
  95 -0.1122  1.2397
  96 -0.4114  0.9989
  97  0.7452 -1.3711
  98  0.8299 -0.4687
  99  1.7527  1.2697
   0  0.5252  1.1634
   1  1.4586 -0.0933
   2  0.0549  1.3827
   3  1.7191 -0.8635
   4  2.1783 -0.8206
   5  2.0307  0.4595
   6  1.9571  1.9453
   7 -0.0551  0.3516
   8 -0.0037  0.1969
   9  1.4831  0.1298
  10  1.9805  1.2321
  11 -0.3115 -0.4957
  12  0.5506 -0.0136
  13  0.7330 -1.4535
  14 -1.0806 -0.9499
  15  1.2026 -1.4307
  16  1.2992 -0.5258
  17 -0.0576 -0.4194
  18  1.2051  1.8442
  19  0.0407 -0.8125
  20  1.1943 -1.2496
  21  0.5737 -0.6311
  22 -1.5572 -0.0921
  23 -0.5571  0.7785
  24  0.1634  1.3237
  25 -0.8315  0.2275
  26 -0.1267 -0.5543
  27  2.0841  0.3352
  28  1.4646  0.1799
  29 -0.1245  0.1038
  30 -0.6319  0.0379
  31 -0.2272  0.7379
  32 -0.9065 -1.7789
  33 -1.0187  1.9902
  34 -0.2844  0.9421
  35  2.0570  0.0891
  36 -1.7386  0.6583
  37  0.3156 -1.0029
  38 -1.1149  0.3426
  39 -0.3696  0.4875
  40 -0.0662  1.7118
  41  0.1757  0.8173
  42 -0.7234  0.1905
  43 -0.8731  0.2360
  44 -0.0918 -1.0699
  45  1.0268 -1.8382
  46 -0.3121  0.1997
  47  0.0090 -0.3847
  48  0.0099 -0.4174
  49 -0.5399 -0.3913
  50 -0.7911 -0.0452
  51 -0.6735 -1.7425
  52 -0.9457 -0.8281
  53 -0.9235  0.3997
  54 -0.2999  0.0485
  55 -0.7209 -0.0692
  56  2.1417  1.0754
  57  0.4687  1.1971
  58 -0.2770  0.7191
  59  0.2015 -1.4348
  60  0.3492  0.7153
  61  0.8633  2.1657
  62 -1.7281 -0.2884
  63  0.8398  1.7300
  64 -1.1589 -0.7972
  65  0.2362  2.5930
  66 -0.4730 -0.5473
  67 -0.2284  0.7696
  68  0.6952 -0.1156
  69 -1.5061 -0.2272
  70 -0.1742  0.4157
  71  0.0917  0.8753
  72  1.9258  1.0141
  73  0.9207 -0.9569
  74 -2.3831 -0.3046
  75  0.1920 -0.1129
  76  1.1182  1.6396
  77 -0.4621 -1.2181
  78  2.0941  1.9264
  79 -0.1847 -0.9345
  80 -0.2373  0.4677
  81  0.3964 -0.4863
  82  0.1336  0.4305
  83 -0.7741  0.4304
  84 -1.3511  1.0998
  85 -1.7094 -0.1814
  86 -0.9025  2.5726
  87 -0.1586  0.4108
  88  1.5044  0.6950
  89  0.2715 -0.2067
  90 -0.4586  1.3308
  91  1.5710  0.7341
  92 -0.3101  0.4695
  93  0.2995  1.3837
  94  0.7148  1.2934
  95 -0.8803  3.8597
  96  1.7442  1.2901
  97 -0.7997  0.6364
  98  0.0904  0.6994
  99 -0.9474  1.9543
   0 -0.4042 -0.0524
   1  1.2157  0.5158
   2  1.4821  1.9201
   3  0.2475  0.6973
   4  1.4594 -0.3121
   5  0.0331  0.4920
   6  1.6272  0.5410
   7 -2.0218  2.4104
   8  0.9119 -0.0090
   9  0.7067  0.6559
  10  0.0324  0.1338
  11  0.8140  0.5490
  12  0.3213  1.1211
  13 -0.5746  0.5592
  14  0.5261 -1.5039
  15  0.1779  1.2746
  16 -0.3963  0.3511
  17  0.1942  0.7579
  18 -0.2602 -0.7547
  19 -0.9453  0.2479
  20  1.0356 -1.1793
  21 -0.7467  0.8093
  22 -1.0098 -0.7648
  23  0.3540  0.2894
  24 -1.6688  0.9789
  25  0.1102 -1.0590
  26  1.7035  0.1626
  27 -1.2255  0.3303
  28 -0.1943  0.5208
  29 -0.4247  0.2387
  30  1.6176 -0.9070
  31  0.2370 -0.9276
  32  1.0376  0.2907
  33 -0.6595  0.1442
  34 -0.2943 -0.4974
  35 -0.4924  0.9997
  36 -0.5706  0.4044
  37  0.6401 -1.0163
  38  0.4299 -0.3092
  39 -1.5970 -0.1697
  40  0.5067  1.0348
  41  0.3213 -0.2386
  42  0.4877 -0.8118
  43  1.0029 -1.4614
  44  0.0610 -0.8252
  45  1.4799  0.8223
  46  1.8999  0.7835
  47 -0.3219  1.0608
  48 -0.0444  0.2528
  49  0.5557  0.3688
  50  1.7264  0.0293
  51 -0.1798 -0.8293
  52 -0.6299  2.4248
  53 -0.8897  2.0023
  54  1.2059  0.2372
  55  0.7970 -1.0282
  56  0.4313  0.8635
  57 -0.7520 -0.0858
  58  2.2146  0.7963
  59 -1.1883  0.0132
  60  1.5945  0.9762
  61  0.8352  1.0125
  62  0.0567 -1.1267
  63 -1.9923  0.5000
  64 -0.7622  1.0605
  65  1.5254 -0.8807
  66  1.8785 -0.1946
  67 -0.1903  0.3043
  68  0.7545  1.6000
  69 -0.4722  0.9836
  70  0.3916  1.6491
  71 -0.7101  1.8070
  72  0.8303 -0.3912
  73  0.2665  3.6981
  74 -0.5242  0.2102
  75 -2.1920  2.0776
  76  0.0674  1.4066
  77  0.6088  0.7946
  78 -0.2470  0.4457
  79  0.9382  0.4984
  80 -0.7596  1.9515
  81  2.1661  0.8297
  82 -0.4548  0.7272
  83 -0.1131 -0.7621
  84 -0.8032 -0.7975
  85  0.9944 -0.3085
  86 -0.4618  1.8408
  87 -0.3865  3.0817
  88 -0.1137  0.3753
  89 -0.7234  2.1460
  90 -0.5257 -0.4514
  91 -1.0238 -0.4997
  92 -0.1672  1.7258
  93 -0.6791  1.4494
  94 -0.5916  4.1879
  95  1.7068  1.8319
  96 -0.3814  1.4861
  97 -0.5650  0.8197
  98  0.6120  1.1472
  99  0.3630  0.8963
   0  0.7885  0.9274
   1  0.2296  0.9888
   2  3.3138  3.8584
   3  0.2478 -0.2690
   4  0.8545  1.1995
   5  1.0682  0.8426
   6  1.4458 -0.2259
   7  0.5625 -0.4715
   8 -2.0913  1.5833
   9 -0.0134 -1.0517
  10  0.7884  1.0296
  11  0.7646  0.2229
  12  1.1032  1.2279
  13 -1.3403  0.0469
  14  1.4749  0.0436
  15  0.5405  0.0352
  16  0.4674  2.7419
  17 -0.0842  0.3191
  18  1.0861 -0.8379
  19 -1.1026 -0.8408
  20  0.6993  0.7383
  21  0.9027  1.5566
  22  0.0506 -0.9981
  23 -0.7894 -0.8467
  24  1.2072  0.0758
  25  0.6091 -0.0043
  26 -0.2281  0.8707
  27  0.9588  0.0653
  28 -0.3880 -0.4657
  29 -0.6027  0.6866
  30 -0.8483  0.0605
  31 -1.0821 -1.4755
  32  0.4334  0.6892
  33  0.1549  1.0910
  34 -0.1458 -1.0043
  35  1.1952  2.4851
  36  0.3861  1.0642
  37  0.0848 -1.1205
  38  0.5160  0.8037
  39  2.1077  0.5448
  40 -1.8645 -1.0495
  41  1.5627  0.9291
  42  0.4113 -0.4418
  43 -0.3614  1.5483
  44  1.8055  1.6718
  45  0.6274  1.6523
  46  1.7389 -0.7922
  47 -0.5383 -1.0525
  48 -0.0205 -0.2348
  49  0.2835  0.9561
  50  0.8321 -1.0600
  51  0.3495 -1.2184
  52  0.6665 -0.7641
  53  0.6698  0.2172
  54  0.2701 -0.9224
  55  1.1077 -1.3752
  56 -1.7496 -1.5662
  57  0.2748  0.2557
  58  1.7364  0.1509
  59 -0.2593 -0.4324
  60  0.6360  0.3993
  61  0.2101 -0.3987
  62 -0.5630 -0.8019
  63 -1.3767  1.4161
  64 -0.3229 -0.0638
  65  0.0127  0.2171
  66  1.4115  0.1011
  67 -1.1877 -0.1681
  68  0.5054 -0.0029
  69 -0.8056  0.6633
  70  2.4310 -0.5263
  71  1.6542  0.2344
  72  1.3891  2.5766
  73  0.3752  1.8358
  74  1.2597  0.7049
  75 -1.5769  0.9957
  76 -0.9467  0.2894
  77  1.0117 -1.0509
  78  0.0319  0.3845
  79 -0.1361  1.8342
  80  0.7491  1.0897
  81  0.6329 -0.3006
  82  1.3818  1.1365
  83  0.7473  0.1035
  84  0.4960  0.9579
  85  0.0477  1.0004
  86  1.7728  0.8028
  87  1.0704 -0.0042
  88 -1.7240  0.1909
  89  0.9809  0.4420
  90  0.3975  0.4795
  91  2.0648 -0.2843
  92 -1.2505  1.0450
  93 -0.0798  0.5012
  94 -1.1909  0.7331
  95  0.4607 -1.9102
  96  0.0304  2.5961
  97 -1.1287  1.7005
  98 -1.4477  0.6612
  99  0.6768  0.0621
   0  3.7624 -0.6452
   1  1.0957  0.6843
   2 -0.3489 -0.2012
   3  1.6234 -2.1731
   4  1.9769 -1.0447
   5  2.2933  1.9200
   6  1.1370  0.2177
   7  0.7165 -0.8737
   8 -0.0015  0.4467
   9  0.2545 -1.0433
  10 -0.4829  0.4970
  11  0.7005 -1.6078
  12  1.1904  0.7601
  13  1.0089  0.9518
  14 -0.7098 -0.9348
  15 -0.8781  0.6678
  16  0.4713  0.6822
  17  0.9247  0.2497
  18  2.9413  0.3658
  19  0.3541  1.1517
  20 -1.0961  0.4933
  21  0.3726  0.2265
  22  1.4683 -0.6741
  23  2.1618 -0.0087
  24  0.6877  0.9788
  25  0.9135 -0.2665
  26  1.1206  0.4206
  27 -0.2149 -0.2627
  28  1.0219 -0.5668
  29  0.9866 -0.7641
  30 -0.2486  0.6696
  31  1.4030  0.3615
  32  0.3412 -0.5490
  33  0.3506  0.0448
  34  0.4426  1.1236
  35  1.4142 -0.4310
  36  1.0143 -0.3987
  37 -0.1540 -0.0865
  38  1.3030  1.1581
  39 -0.8334 -0.6017
  40  1.4747  0.5719
  41 -0.5487  0.0876
  42 -0.4065 -0.5320
  43  1.1641 -0.0723
  44  0.5920  1.5087
  45  2.1586  0.1882
  46  0.4979 -1.0185
  47  2.9129  0.1984
  48  0.7263  1.2903
  49  0.3658  0.9456
  50 -0.4683 -1.2968
  51  1.5957 -0.7880
  52 -1.0511  1.0800
  53 -0.0693  1.1742
  54 -0.7084  0.3851
  55  1.1524  1.1760
  56 -1.1596  0.9484
  57 -0.8668  0.7257
  58  0.7500  1.7480
  59  0.1877  0.0541
  60  0.5573 -1.5620
  61  1.6854  1.5259
  62  0.6506  0.8921
  63  0.1409 -0.5838
  64 -0.3109 -0.2321
  65 -1.4831  0.1662
  66 -0.0021  0.6651
  67 -0.2009 -0.4216
  68  0.8598 -0.4920
  69 -0.4038 -0.3370
  70 -1.6087  3.1252
  71 -0.6389 -0.2702
  72 -0.1393  0.9820
  73 -1.2327  0.5484
  74  0.0441 -1.5799
  75 -1.3892 -1.2139
  76  1.9143  0.7173
  77 -1.1766 -0.5072
  78  0.6647  1.2466
  79 -0.1311  0.1417
  80 -0.7012 -1.5524
  81  0.9362 -1.8569
  82 -1.3183  0.9768
  83  0.7276  0.8571
  84  1.2095  1.4911
  85 -0.5257 -0.1600
  86 -2.3243  1.7980
  87 -0.4005  1.3550
  88 -0.8436 -1.5350
  89  0.5262 -0.8946
  90 -0.5323  0.0258
  91 -0.5057  1.0795
  92  0.3040  2.2555
  93 -0.3352 -0.4936
  94  0.2827 -1.3942
  95  0.5436  1.7055
  96  0.6988  0.3354
  97  0.9718  0.1516
  98 -0.4733 -0.1428
  99 -0.5181  0.8048
   0  1.3401  1.3442
   1  1.0321 -1.4363
   2  2.1077  1.4433
   3  3.0176  0.6949
   4  0.1299 -0.7374
   5  0.3051  1.5910
   6 -1.6262 -0.1565
   7  1.0369  1.0804
   8  0.7968 -1.2066
   9 -0.1547  0.1982
  10  1.1281  0.0428
  11  0.4000  0.0863
  12  0.2955  1.3783
  13  0.2102  0.6042
  14 -0.4253 -1.6977
  15 -2.0165  0.2156
  16 -0.6824 -0.7584
  17  2.1295  3.3551
  18 -0.0617  0.6101
  19  1.3649  1.4291
  20 -0.5283  0.3936
  21 -0.5167 -0.2785
  22  0.5068 -0.8183
  23  1.4670  0.2841
  24 -0.8293  1.0604
  25 -0.4466 -0.0613
  26  0.1124  0.1732
  27  1.4599  1.4631
  28  1.1089  1.3438
  29 -0.5726  0.3368
  30 -0.3867 -1.5780
  31  1.5478 -0.3153
  32 -0.4653  1.0296
  33  0.0989  0.5408
  34 -2.0682  1.5785
  35 -0.2140  0.0349
  36 -0.8924 -0.7387
  37  0.9849  0.2000
  38  0.6769 -1.2674
  39  1.4766 -0.7703
  40 -0.4568  0.6409
  41  1.3384  0.9434
  42  0.3144  0.4622
  43 -0.3934  0.2027
  44 -0.4223 -0.1421
  45  0.7974  0.6370
  46  0.2162  0.3333
  47 -0.2258  0.5115
  48 -0.4227 -0.7910
  49 -0.4422  0.9681
  50 -0.0486 -0.2140
  51  1.3406  0.6498
  52  0.0897  0.7620
  53  1.4197  1.8404
  54 -0.7789 -0.1503
  55  0.9461 -0.4027
  56  0.2704  0.4914
  57  0.7221  1.1329
  58 -0.4741 -0.2370
  59 -0.0616  0.2972
  60  1.0488  0.4105
  61  1.6390  0.1105
  62 -0.7255  0.5691
  63 -1.0872 -0.6070
  64 -0.1446 -0.4845
  65 -0.8509  1.0198
  66  0.3668 -0.0382
  67 -1.7994 -1.1636
  68  1.1756  1.5943
  69 -0.2360 -0.7979
  70  1.4973 -0.6757
  71  0.9087  0.0672
  72  0.8494  0.7341
  73  0.0272  0.1384
  74  1.0232 -0.4062
  75  0.8383  1.7993
  76 -1.0097 -0.5748
  77  0.9960  0.9989
  78  0.1142 -0.6087
  79  1.0494  0.1342
  80 -1.3813  1.8632
  81  1.3388  1.9336
  82 -0.1939  0.6936
  83 -1.4722 -0.7276
  84  1.3311  1.1012
  85 -1.7815  0.1376
  86  1.0993  0.0470
  87 -1.0342  0.1594
  88 -0.1951  0.3327
  89 -1.1019  0.3357
  90  0.5189  0.1597
  91 -1.2547  0.3734
  92  2.0236 -0.2843
  93  0.2194  0.9475
  94  0.3291  0.5534
  95  0.2504  0.7808
  96  0.2728 -0.4769
  97 -0.4429  0.7896
  98 -0.5238  0.2337
  99 -0.4270  1.1138
   0  0.3208  0.3249
   1  0.3565  0.5215
   2 -0.1397  0.0633
   3  2.2542  1.5717
   4  0.3832  1.3093
   5  1.6062  0.5687
   6  1.0236  0.8194
   7  0.5643  0.4681
   8  2.1023 -0.4738
   9  0.3565 -0.8246
  10 -0.3344  0.7035
  11  1.2482  0.2894
  12  0.0468 -0.5264
  13 -0.9986  0.4506
  14  1.6504  0.2609
  15  0.8785  1.0401
  16  0.9026  0.3876
  17 -1.2698  0.2437
  18  1.0371  1.4135
  19 -0.1483  1.2598
  20  0.3653  0.1960
  21  0.8488 -0.0230
  22 -0.3546  0.3568
  23  1.6571  0.6539
  24  0.6867  0.5020
  25  0.1973  1.5987
  26 -1.4483 -0.5035
  27  0.7228 -0.3821
  28 -0.8326  0.6365
  29  0.3857 -1.4217
  30 -0.4463  0.4314
  31  1.5301  0.4520
  32  1.2088 -2.0035
  33  0.8817 -1.1842
  34 -0.0662  0.5777
  35  1.8445 -1.5583
  36  0.5935 -0.0469
  37  0.4060  0.5009
  38 -0.3151  0.8256
  39  2.6116 -0.1852
  40 -0.1191  1.2338
  41 -1.2636  1.7545
  42  0.5529 -1.8260
  43  0.9445  0.1334
  44  0.4647  1.0388
  45  1.2977 -0.6094
  46 -0.9510 -0.9699
  47  0.1014 -0.3142
  48  1.0927  0.8284
  49  1.0670  1.0969
  50  0.7752  2.4120
  51  0.0878 -0.9669
  52  0.4754 -0.6766
  53 -0.6638 -1.1051
  54  0.7935  0.2137
  55  1.4249 -0.3124
  56  0.1171  2.6272
  57 -0.1018 -1.6895
  58  0.1543 -0.3684
  59 -0.5522  1.1085
  60  1.7683  1.1232
  61 -0.2859 -0.2144
  62 -1.0070  1.1945
  63  2.0315  0.2429
  64 -0.1715  0.8862
  65 -0.0825 -0.4241
  66  0.6301 -0.9188
  67  0.0360 -0.2921
  68  1.5523  1.2270
  69 -1.2156 -0.3127
  70  0.9174 -0.2013
  71  1.1678  0.2088
  72  0.5203  0.2295
  73  0.2061  0.4945
  74  1.4511  1.4704
  75 -0.1940 -0.7955
  76 -1.6708  0.2049
  77 -1.0235 -0.1519
  78  0.1173  1.0050
  79  0.8443  1.4589
  80  1.4964 -0.1126
  81  1.7509 -0.8414
  82 -2.1966  2.1429
  83  0.5364  0.2912
  84  1.0022  0.9538
  85 -1.0912 -0.8905
  86 -2.0445  1.5709
  87  0.4296  1.4311
  88  0.3418  1.0215
  89  0.0466 -0.8255
  90  0.9079 -0.9859
  91 -1.2879 -1.6887
  92 -0.1121 -0.1831
  93 -1.3360  1.2549
  94  0.6748 -0.9849
  95 -0.9128  2.2530
  96 -1.0726 -0.2957
  97  1.3648 -0.4794
  98  0.9544  1.3038
  99  1.5358  1.3419
