# model = toggleswitch.txt 
# tmax = 100
# branching = True
# nrRealizations = 10
# noiseObs = 0.0001
# noiseDyn = 0.001
# seed = 0
# it       0       1 
   0  0.8151  0.7959
   1  0.7357  0.7185
   2  0.6637  0.6499
   3  0.5993  0.5873
   4  0.5412  0.5315
   5  0.4904  0.4823
   6  0.4438  0.4374
   7  0.4038  0.3997
   8  0.3687  0.3653
   9  0.3397  0.3362
  10  0.3137  0.3105
  11  0.2899  0.2891
  12  0.2723  0.2690
  13  0.2559  0.2522
  14  0.2409  0.2392
  15  0.2292  0.2268
  16  0.2209  0.2156
  17  0.2138  0.2080
  18  0.2076  0.2015
  19  0.2035  0.1956
  20  0.1994  0.1899
  21  0.1962  0.1860
  22  0.1950  0.1826
  23  0.1931  0.1802
  24  0.1935  0.1777
  25  0.1938  0.1760
  26  0.1950  0.1750
  27  0.1948  0.1722
  28  0.1947  0.1699
  29  0.1949  0.1683
  30  0.1967  0.1687
  31  0.1979  0.1652
  32  0.1996  0.1629
  33  0.2013  0.1616
  34  0.2028  0.1603
  35  0.2037  0.1594
  36  0.2065  0.1559
  37  0.2104  0.1531
  38  0.2158  0.1521
  39  0.2177  0.1496
  40  0.2212  0.1473
  41  0.2258  0.1452
  42  0.2311  0.1410
  43  0.2368  0.1373
  44  0.2437  0.1335
  45  0.2511  0.1305
  46  0.2587  0.1260
  47  0.2654  0.1232
  48  0.2735  0.1185
  49  0.2838  0.1121
  50  0.2955  0.1057
  51  0.3072  0.1003
  52  0.3223  0.0934
  53  0.3403  0.0898
  54  0.3583  0.0858
  55  0.3770  0.0800
  56  0.3951  0.0727
  57  0.4172  0.0676
  58  0.4398  0.0628
  59  0.4642  0.0584
  60  0.4890  0.0538
  61  0.5137  0.0495
  62  0.5400  0.0457
  63  0.5639  0.0431
  64  0.5894  0.0390
  65  0.6167  0.0352
  66  0.6433  0.0308
  67  0.6681  0.0267
  68  0.6916  0.0230
  69  0.7159  0.0212
  70  0.7392  0.0212
  71  0.7601  0.0213
  72  0.7796  0.0199
  73  0.7954  0.0164
  74  0.8110  0.0141
  75  0.8249  0.0129
  76  0.8377  0.0108
  77  0.8505  0.0113
  78  0.8630  0.0096
  79  0.8762  0.0065
  80  0.8876  0.0048
  81  0.8965  0.0053
  82  0.9066  0.0030
  83  0.9151  0.0038
  84  0.9218  0.0042
  85  0.9277  0.0042
  86  0.9340  0.0041
  87  0.9384  0.0043
  88  0.9432  0.0024
  89  0.9457  0.0011
  90  0.9482  0.0008
  91  0.9535  0.0007
  92  0.9570 -0.0001
  93  0.9606 -0.0009
  94  0.9649 -0.0029
  95  0.9670 -0.0026
  96  0.9667 -0.0026
  97  0.9695 -0.0023
  98  0.9715 -0.0027
  99  0.9737 -0.0026
   0  0.7930  0.8014
   1  0.7166  0.7226
   2  0.6476  0.6519
   3  0.5843  0.5901
   4  0.5271  0.5348
   5  0.4771  0.4840
   6  0.4347  0.4391
   7  0.3946  0.4031
   8  0.3606  0.3689
   9  0.3315  0.3375
  10  0.3061  0.3108
  11  0.2851  0.2890
  12  0.2668  0.2699
  13  0.2508  0.2534
  14  0.2367  0.2417
  15  0.2251  0.2318
  16  0.2162  0.2230
  17  0.2067  0.2143
  18  0.2015  0.2083
  19  0.1967  0.2038
  20  0.1916  0.2004
  21  0.1871  0.1974
  22  0.1848  0.1951
  23  0.1822  0.1942
  24  0.1812  0.1912
  25  0.1800  0.1902
  26  0.1797  0.1894
  27  0.1784  0.1878
  28  0.1760  0.1866
  29  0.1733  0.1852
  30  0.1735  0.1857
  31  0.1740  0.1874
  32  0.1738  0.1862
  33  0.1738  0.1876
  34  0.1743  0.1875
  35  0.1731  0.1884
  36  0.1720  0.1902
  37  0.1682  0.1903
  38  0.1692  0.1927
  39  0.1692  0.1938
  40  0.1667  0.1966
  41  0.1662  0.1977
  42  0.1634  0.1982
  43  0.1608  0.1998
  44  0.1571  0.2033
  45  0.1566  0.2052
  46  0.1557  0.2069
  47  0.1511  0.2125
  48  0.1490  0.2170
  49  0.1466  0.2218
  50  0.1436  0.2259
  51  0.1401  0.2303
  52  0.1365  0.2346
  53  0.1326  0.2417
  54  0.1279  0.2475
  55  0.1236  0.2558
  56  0.1185  0.2658
  57  0.1150  0.2750
  58  0.1114  0.2845
  59  0.1056  0.2965
  60  0.0998  0.3086
  61  0.0942  0.3210
  62  0.0901  0.3371
  63  0.0844  0.3547
  64  0.0781  0.3735
  65  0.0712  0.3935
  66  0.0657  0.4146
  67  0.0605  0.4393
  68  0.0562  0.4655
  69  0.0518  0.4918
  70  0.0475  0.5169
  71  0.0425  0.5427
  72  0.0392  0.5707
  73  0.0365  0.5985
  74  0.0339  0.6244
  75  0.0320  0.6496
  76  0.0284  0.6738
  77  0.0246  0.6963
  78  0.0241  0.7190
  79  0.0219  0.7389
  80  0.0205  0.7606
  81  0.0187  0.7784
  82  0.0169  0.7968
  83  0.0154  0.8133
  84  0.0133  0.8280
  85  0.0117  0.8416
  86  0.0102  0.8522
  87  0.0097  0.8630
  88  0.0080  0.8753
  89  0.0088  0.8873
  90  0.0078  0.8975
  91  0.0070  0.9051
  92  0.0050  0.9121
  93  0.0040  0.9191
  94  0.0024  0.9258
  95  0.0032  0.9305
  96  0.0048  0.9354
  97  0.0043  0.9416
  98  0.0037  0.9460
  99  0.0042  0.9495
