# model = toggleswitch.txt 
# tmax = 100
# branching = True
# nrRealizations = 10
# noiseObs = 100.0
# noiseDyn = 0.001
# seed = 0
# it       0       1 
   0 -98.9415 -79.2078
   1 21.4433 53.0648
   2 -69.2757 92.0204
   3 -66.6792 13.9197
   4 43.2308 -0.7534
   5 -34.7344 82.4289
   6 52.6425 120.1633
   7 -37.8448 69.5659
   8 35.7572 105.1237
   9 -42.0498 -351.1402
  10 -134.0018 142.8610
  11 23.1481 -25.4773
  12  5.3093 -137.7520
  13 -25.9113 -17.6858
  14 -69.0361 114.0217
  15 -16.6865 -76.1645
  16 -49.5863 -36.0735
  17 26.6098 -62.7562
  18 -47.0182 -151.1345
  19 110.9659 17.8195
  20 -93.8358 93.1492
  21 -106.0832 -88.4546
  22 192.3295 -45.7954
  23 -108.7102 98.5918
  24 -115.7270 -43.4760
  25 101.1181 71.5149
  26 -72.6107 84.1266
  27 124.0968 -178.3080
  28 -79.4238 -139.8841
  29 -18.2401 -138.9509
  30  3.8227 -81.2718
  31 69.9351 -173.5776
  32 11.7851 36.7280
  33 -7.1911 -49.1901
  34 310.3556 86.0356
  35 -115.2737 94.3427
  36 -28.0069 -97.4094
  37 10.0291 90.7020
  38 102.0898 -11.3378
  39 174.5214 -32.0383
  40 83.1783 -20.5845
  41 112.0255 106.5700
  42 115.3639 -77.1047
  43 -129.1265 67.8399
  44 42.6492 -48.4340
  45 -4.9186 56.8360
  46 107.0420 27.2856
  47 62.1956 -5.7394
  48 125.9305 29.7932
  49 40.1423 -105.2052
  50 -63.6520 -14.7470
  51 -157.1509 -49.4685
  52 -11.4352 37.4054
  53 -38.2625 -122.9694
  54 -195.4687 -51.7104
  55 58.3569 -135.2931
  56 -71.5575 -11.7889
  57 -80.3944 -71.8235
  58 -56.9146 -38.3048
  59 29.6276  7.3441
  60 -1.3664 10.0575
  61 43.3217 -103.9292
  62 29.6628 -0.5312
  63 -97.7060 -80.3728
  64 -119.2292 76.7158
  65 22.3693 208.4792
  66 151.9908 -210.0515
  67 101.2753 -103.6847
  68 -179.8349 -110.1965
  69 108.5737 -51.8521
  70 -27.4134 56.0581
  71 76.2810 -106.0677
  72  6.2270 -10.4079
  73 -34.3656 58.9963
  74 -147.0857 -142.2814
  75 -81.8211 78.4337
  76 -18.7040 -126.4486
  77 86.5437 -49.3881
  78  2.3266 -160.6369
  79 17.0752 53.5103
  80 83.9464 104.3677
  81 -75.1982 -8.5378
  82 -78.0896 -47.0809
  83 -102.3902 -23.1148
  84 -160.1024 143.0643
  85 -171.6107 35.9292
  86 89.1274 20.5054
  87 122.0746 -216.9378
  88 -32.5589 -171.6946
  89 -145.2407 -57.1090
  90 -195.8445  6.0891
  91 45.8254 -228.1554
  92 -77.9239 118.7269
  93 -93.1615 -12.8238
  94 128.2034 -80.3022
  95 103.1972 150.7848
  96 -91.3674 65.8751
  97 129.5666 -115.5089
  98 12.8591 103.2117
  99 54.9689 -225.1285
   0 -56.6852 -1.2774
   1 -114.1704 175.7579
   2 119.2906 -46.3668
   3 76.5696 -27.7129
   4 -65.0670 124.7452
   5 -146.3727 84.9892
   6 -57.9804 -52.5607
   7 149.1615 -58.4258
   8 -139.6603 306.0967
   9 32.8918 38.8475
  10 34.7156 -110.6232
  11 34.4964 -57.4041
  12 113.5458 50.1831
  13 86.2716 -4.0230
  14 -7.2759 -16.1192
  15 -62.4671 164.8775
  16 -11.1069 134.0618
  17 34.7921 56.8740
  18 -175.7767 -125.3910
  19 100.1339  4.2171
  20 51.0446 23.7299
  21 -85.2563 55.8715
  22 -114.2912 -5.0546
  23 55.6497 -17.7030
  24 -20.1663 39.8556
  25 104.6920 -167.0582
  26 57.0276 -36.8079
  27 95.1425 -1.7481
  28 14.1694 -134.4936
  29 -119.7950 -113.4340
  30 -208.0321 -165.1013
  31 68.5185 -23.3129
  32 92.2213 93.9190
  33 62.3552 -167.9058
  34 66.3016 62.6330
  35 119.1708 -68.1156
  36 -65.1320 43.1575
  37 -17.1465 108.2400
  38 -289.0980 -75.9599
  39 197.6934 110.7720
  40 111.5002 -0.3746
  41 -129.7656 168.5706
  42 128.4190 -34.1917
  43 -115.5577 -60.7140
  44 -100.0371 -50.9233
  45 -196.9797 99.4513
  46 121.3517 -74.0512
  47 110.0370 -129.3061
  48 -229.9234 265.3557
  49 12.5858 91.2130
  50 54.7038 79.1686
  51 20.1204 -13.8262
  52 -11.1173 -30.7878
  53 -5.5270 -93.5947
  54 -56.1398 89.4968
  55 -43.8205 -90.3435
  56 -32.2651 28.4960
  57 -79.5978 156.8400
  58 112.1425 -96.6921
  59 123.5209 -88.6433
  60 -54.3080 61.0127
  61 -86.4771 -56.4614
  62 -27.4406 -214.0485
  63 117.3591  7.5017
  64 -23.6149 33.3033
  65 -86.0437 27.4351
  66 -195.5013 -45.0519
  67 -18.6539 -198.7527
  68 -26.9416 14.6350
  69 35.8322 57.6240
  70  3.7178  0.1778
  71 16.3636 -139.6733
  72 -101.4546 -108.8092
  73 75.3343 16.3362
  74 62.6565 85.1641
  75 79.2963 11.1843
  76 108.0777 -2.0973
  77 -46.3053 54.4935
  78 -110.1558 -72.2758
  79 173.0857  5.0957
  80  3.7952 -92.9455
  81 89.2626 169.6259
  82 -0.9795 -27.5446
  83  5.9395 104.6711
  84 10.5924 56.0811
  85 -31.6281 -59.2083
  86 -38.7260 -3.4900
  87 -30.6118 -260.8455
  88 51.6542 -147.7864
  89 -80.1025 77.3656
  90 151.7922 130.5337
  91 -2.6894 120.1593
  92 -7.7194 -108.5362
  93 -126.1837 -77.4464
  94 -59.5777 -37.9295
  95 -114.0476  8.2893
  96 102.9956 -147.8880
  97 190.8660 -87.3177
  98 -7.4050 117.2028
  99 -0.2947 -32.7313
   0 167.9128 -99.4991
   1 140.9727 -51.1157
   2 -158.3199 17.4336
   3 -92.0956 -87.0315
   4 186.6637 30.1348
   5 12.0932 27.3411
   6 -56.7372 48.9992
   7 -122.6717 -179.3760
   8 -113.3403 104.1925
   9 -99.8223 -136.3819
  10 32.7369 129.9908
  11 130.6787 -62.6694
  12 112.7754 102.3349
  13 -76.6549 96.7984
  14 191.2468 212.8507
  15 88.5766 -66.6541
  16 91.1056 181.4241
  17 -25.4389 16.0053
  18 -151.5547  8.9399
  19 94.6161 -105.3823
  20 12.9576 -295.9693
  21 211.2180 58.2590
  22 -73.3132 -28.3980
  23 -92.4695 -50.5199
  24 -187.5863 58.1082
  25 146.2165 149.4880
  26 -75.5847 107.9219
  27 -118.4086 -53.1942
  28 27.8161 -0.5400
  29 -140.7049 17.6509
  30 114.1285 137.3883
  31 -35.4343 -55.7955
  32 -26.4586 -31.7382
  33 -29.6296 12.4539
  34 -115.0436 -104.8416
  35 85.4513 -83.1872
  36  0.7209  8.2703
  37 -13.5779 59.2580
  38 -20.7251 -89.8930
  39 -5.9530 -189.0863
  40 -50.9706 206.3828
  41 -9.5380 190.2256
  42 -27.7178 -99.5258
  43 -104.5622 99.7066
  44 83.1997 150.7850
  45 51.5277 44.9636
  46 104.0569 -4.3054
  47 -21.6448 39.9444
  48 59.0731 238.5564
  49 71.8337  6.4249
  50 -9.2640 91.9464
  51 55.5586 65.5961
  52 -117.2510 116.1359
  53 59.2213 -104.3228
  54 -80.5175 201.8505
  55 -30.0792 67.6110
  56 166.9594 -291.3986
  57 43.2960 -72.6578
  58 11.6355 31.6881
  59  3.7525 53.8031
  60 -49.8931 120.5565
  61 -125.7022 -150.8003
  62 -123.2994 138.9008
  63 -29.3421 -150.3524
  64 -46.6412 56.9361
  65 77.9573 -0.7620
  66 107.6729 60.7065
  67 36.8857  4.2772
  68 -54.3115 11.0002
  69 -40.5746 -128.4943
  70 138.3165 51.9257
  71 164.1342 -67.4286
  72 -65.5086 104.4818
  73 14.8969 101.6303
  74 84.5605 76.0075
  75 -201.5701 164.6274
  76 -1.6544 -79.2787
  77 97.7930 89.9203
  78 -1.6005 -196.5795
  79 -75.8137 42.9923
  80 -8.6222 -138.9108
  81 75.5052 -41.2901
  82 -178.3869 102.4474
  83 36.3682 42.3389
  84 -101.0183 -22.4289
  85 63.9215 -22.0052
  86 11.2739 37.7151
  87 -18.6912  8.5334
  88 291.1721 90.7939
  89 -54.0831 -19.1978
  90 -65.0175 -123.2645
  91 199.3511 -141.3159
  92 -94.3020 115.8935
  93 73.4447 138.3951
  94 73.6447 74.7810
  95 44.1598 72.3707
  96 168.5349 166.6945
  97 39.1155 -59.0231
  98 -44.7602 114.1350
  99 -30.8702 163.0599
   0 -36.7954 -120.7236
   1 55.6968 14.9521
   2 -3.1965 -83.1202
   3 -143.4358 -21.9331
   4 -61.0232 -204.3324
   5 109.8007  6.0698
   6 -161.3486 116.4030
   7 -36.3747 -129.0734
   8 -60.1645  3.3941
   9 30.4717 -106.1898
  10 58.0570 -46.7683
  11 -70.0864 -30.5368
  12 -40.5218 60.4762
  13 102.8350 53.9963
  14 48.7840 11.6052
  15 -62.7065 34.1715
  16 172.4456 46.3169
  17 81.9336 55.1225
  18  8.6022 167.8745
  19 218.0629 -184.8656
  20 45.1228 21.9231
  21 88.0437 26.6900
  22 -39.7612 18.8114
  23 -184.2849  0.8887
  24 -90.2354 -134.6788
  25 74.7252 -175.4671
  26 -113.4750 90.4208
  27 -128.3651 31.1947
  28 -88.9359  8.2868
  29 -56.8904 -6.2547
  30 -27.6628 -89.9210
  31 210.3685 -61.8621
  32 15.8463 -59.7226
  33 70.8112 148.7251
  34  1.9045 -25.5737
  35 16.7451 50.8386
  36 -5.0370 184.1129
  37 -100.8789 22.3003
  38 33.8398 48.6882
  39 -44.1380 -32.1900
  40 19.7829 -123.5800
  41 -111.4765 -27.5226
  42 34.6902 -15.0912
  43 -7.0755 -79.4748
  44 -98.5381 13.8712
  45 96.2265 107.6071
  46 -96.2947 105.7965
  47 102.1819 91.9796
  48 -117.9009 -149.8651
  49 128.2473 -154.4280
  50 -94.3420 177.5818
  51 68.0365 89.1299
  52 220.7073 -30.3947
  53 138.0198  0.8410
  54 229.4719 -236.4557
  55 61.3010 -144.3419
  56 68.2157 -172.5674
  57 -32.3390 -31.8716
  58 -161.8929 -184.1812
  59 -62.3885 -39.6250
  60 -28.2541 -173.0223
  61 -18.9169 176.3537
  62 -51.5079 -103.1996
  63 112.1307 24.5016
  64 -128.7147 -83.5606
  65 116.0824 -193.9351
  66 40.4064 -50.3246
  67 60.8449 68.0727
  68 40.8032  3.1048
  69 156.5142 -158.5354
  70 -12.8537 -66.3092
  71 -92.5645 79.5659
  72 15.9154 35.7721
  73 97.3238 -76.1563
  74 84.6336 -80.2723
  75 22.2579 164.5657
  76 -24.3264 -91.3284
  77 108.7372 -196.8569
  78 94.9121 46.3269
  79 -246.5667 -6.3443
  80 34.0120 -38.6329
  81 -68.0013 161.0793
  82 209.5428 23.2783
  83 88.3281 -166.8245
  84 195.6049 -13.5365
  85 -3.8731 133.5722
  86 159.2554 49.4770
  87 105.5234 -104.2460
  88 -126.5765 -163.7953
  89 -68.0208 -119.1377
  90 -8.2929 20.0119
  91 50.2058 -150.4319
  92 -17.5802 -168.6654
  93 -48.0326 60.7445
  94 192.9753 -127.3907
  95 44.2652  4.1607
  96 115.1720 85.8418
  97 -7.2312 44.8008
  98 -38.9768 -12.6684
  99 -55.7153 -68.1260
   0 -72.6874 90.3992
   1 -41.3003 -233.5475
   2 -66.7921 -122.5842
   3 -77.6144 -132.9360
   4 -26.5433 -76.5891
   5 -33.3263 65.5912
   6 54.0595 -15.0163
   7 13.3216 176.6619
   8 -41.2035 30.9409
   9 -102.2727 -9.2140
  10 -53.7586 -39.9143
  11 -130.5117 -152.4422
  12 136.8062 -11.8264
  13 58.0286 73.0812
  14 -4.1412 -184.8578
  15 -49.1489 -49.5082
  16 162.3877 -43.3921
  17 100.9058  7.1278
  18 197.5569 123.8883
  19 -143.4111 15.3230
  20 12.0410 -60.2027
  21 72.0315 71.4254
  22 -7.8833 -40.6123
  23 -57.0296 -61.5275
  24 -125.2713 -90.5088
  25 -10.3258 33.1242
  26 -17.9250 -1.1883
  27 -63.5634 123.8847
  28 -26.6093 53.9643
  29 -84.9198 -18.9713
  30 -17.0429  5.9213
  31 199.5915 -16.2618
  32 -33.0947 30.7194
  33 82.6963 95.8444
  34 205.4595 144.6196
  35 20.0129 -80.4369
  36 96.9386 -31.0168
  37 72.4111 -176.0310
  38 101.3799 -19.5877
  39 -26.9095 -15.6918
  40 -52.7057 151.2342
  41 -37.5011  7.2450
  42 -10.0291  2.7741
  43 21.3422 -5.2383
  44 -90.1686 48.4932
  45 51.1622 -4.1637
  46 -43.3753  3.3170
  47 -143.7753 75.5273
  48 -20.3450 -85.0083
  49 -32.5902  4.1000
  50 54.5415 286.1188
  51 -35.2629 136.7843
  52 163.9067 36.2378
  53 -24.6702 82.8113
  54 161.1598 84.0846
  55 151.6141 -108.8217
  56 187.7388 -26.1576
  57 -83.7862 61.2972
  58 92.3367 42.5080
  59 77.2435 -78.6096
  60 44.4444 12.9970
  61 -67.8125 -47.2983
  62 -110.0618 -85.7678
  63 81.8130 89.6083
  64 -109.8782 66.1098
  65 213.6895 45.1336
  66 -182.4019  0.6222
  67 -98.3198 -113.3773
  68 -11.5230 113.7968
  69 56.8810 -16.9639
  70 29.2944 -148.2458
  71 165.1125 105.4702
  72 103.8816 22.6286
  73 126.2844 -13.0985
  74 36.7015 -74.3925
  75 -131.4510  7.5521
  76 -0.5803  4.0902
  77 93.3071 28.2121
  78 -101.4344  1.7925
  79 -48.9284 108.1086
  80 -38.3095 96.3380
  81 -236.2080 213.2309
  82 -40.8412 59.2424
  83  1.6228 -199.4259
  84 -156.5308 -52.0053
  85 -108.3857 -225.1378
  86  2.4358 -83.5688
  87 -41.2253 -105.6237
  88 -47.7302 156.8483
  89 62.6363 86.5563
  90  6.2347 68.6275
  91 -59.3985 102.9587
  92 -107.5655 -168.2494
  93 -87.7674 -19.9210
  94 -91.4717  4.3773
  95 -174.9627 -41.1066
  96 43.5511 -51.7854
  97 -73.2188 45.0334
  98 122.0951 54.9666
  99 -21.5896 15.1218
   0 160.2990 -32.2752
   1 -3.6976 77.2750
   2 -96.0238 111.7090
   3 -18.5744 -60.7448
   4 -106.8887 94.8782
   5 34.8322 43.1729
   6 -57.4407 -104.2511
   7 -53.3397 68.6832
   8 -119.7198 -128.4961
   9 14.0342 -74.0438
  10 165.4416 -127.5367
  11 42.3962 -23.7149
  12 20.6292 -100.4401
  13 77.1236 151.1770
  14 -57.0160 180.3531
  15 59.8745 -17.1929
  16 -28.5514 -10.3343
  17 132.4863 -44.9682
  18 32.9538 10.7162
  19 -44.4556 -225.1157
  20 -97.7215 -18.0680
  21 83.0374 -86.0473
  22 -112.2144 40.1416
  23 42.7208 -159.9091
  24 -87.4976 -45.8970
  25 -25.8781 -294.9317
  26 80.5039 -45.2070
  27 101.5964 49.7420
  28 119.8131 74.0477
  29 -144.9414 -3.3115
  30 29.0181 131.9077
  31 31.1241 -36.3967
  32 -11.3798 34.6823
  33 -47.0829 -23.1811
  34 30.0992 10.8770
  35 -4.3803 -112.2816
  36 85.0835 38.1319
  37 82.3089 -35.3318
  38 -30.6543 -44.9534
  39  2.1978 93.7078
  40 -44.3502 10.5904
  41 -40.8248 96.5013
  42 -52.6731 117.9698
  43 -44.3807 -25.3636
  44 -23.0637 -178.9995
  45 -19.4485 131.7913
  46  4.3725 46.8248
  47 -6.3584 -37.0043
  48 -106.3331 75.9035
  49  3.8534 192.2248
  50 -81.3174 11.9083
  51 -182.6318 -21.2142
  52 -36.0576 64.3031
  53  7.4829 68.5902
  54 100.3552 -56.1748
  55 -72.9824 168.3578
  56 126.9133 58.9467
  57 31.9400 35.1080
  58 36.2916 -36.4057
  59 -87.2996 28.0573
  60 -159.9492 86.3919
  61 -179.4192 -68.6026
  62  0.6628 -77.7292
  63 10.7522 42.3410
  64 12.0119 -4.9744
  65 155.8569 -87.0277
  66 46.3726 13.5734
  67 -0.9336 91.8190
  68 -44.3178 19.9781
  69 -50.6294 -41.0047
  70 -126.4523 42.5562
  71 -14.6960 -34.3643
  72 79.1493 178.3895
  73 96.8993 -48.7702
  74 -94.1754 -88.7386
  75 -97.1919 269.7458
  76 -117.8989 -18.6277
  77 -169.9595  3.3007
  78 148.8943 -68.3250
  79 162.6818 -164.1153
  80 -52.1113 152.3053
  81 -91.9001 -35.5504
  82 72.7012 50.1123
  83 106.1256 -68.0648
  84 132.1401 50.9078
  85 151.8601 -54.0516
  86 -79.8594 -17.9738
  87 -188.2790 209.5535
  88 47.5395 -29.3641
  89 -42.4703 -11.0359
  90 -120.7607 -190.0350
  91 33.0198 38.7559
  92 48.1609 -41.7736
  93 -75.5883 -122.0798
  94 53.8262 22.5832
  95 123.1703 -2.4799
  96 62.4562 109.6750
  97 88.9539 -68.5441
  98 -83.4556 161.8842
  99 -63.6302 76.3473
   0 82.2297 -128.1398
   1 174.6330 44.2911
   2 66.1578 -206.9427
   3 50.8488 51.0662
   4 35.5242 179.2039
   5 -60.6322 26.1156
   6 114.1022 -8.6158
   7 60.4109 14.9795
   8 -43.5509 -25.5173
   9 -74.8668 23.6098
  10 -70.5299 82.4773
  11 135.7681 17.1417
  12 -1.7973 148.7657
  13  0.0394 44.7449
  14 -96.0314 -107.5645
  15 -41.1873 160.6917
  16 -32.5909 -5.3445
  17 78.7857 -42.2431
  18 62.7380 77.1838
  19 -26.1920 -194.6169
  20 -21.5444 77.4211
  21 57.4894 -170.0845
  22 21.1320 36.5659
  23 -28.2170 32.0694
  24 12.6255 -105.4047
  25 16.7342  7.3552
  26 -146.5497 -122.6785
  27 198.5575 17.1800
  28 167.9602 49.8355
  29 98.9802 -32.4739
  30 -55.7550 -96.1834
  31 -68.7702 115.0223
  32 -122.5716 97.4465
  33 -58.4978 -92.0077
  34 -9.8778 99.8752
  35 -70.7105 -108.8898
  36 49.6299 -138.3039
  37 48.8315 -22.8359
  38  2.7432 -172.4339
  39 -162.3886 -73.1668
  40 16.1134 159.5631
  41 -16.2867 129.1827
  42 -57.0782 -320.2842
  43  8.9194 -5.2554
  44 -79.0722 -63.2570
  45 70.4583 -56.5659
  46 -39.8539 147.8877
  47 -69.5777 113.3550
  48 -60.0926 -132.1940
  49 65.7455 -88.4098
  50 47.6274 105.6477
  51 -110.4657 238.6990
  52 -51.9090 -118.8026
  53 216.2135 67.4386
  54 48.3335 -2.2902
  55 13.4829 -37.5248
  56 -17.1922 27.4123
  57 68.3578 -74.1119
  58 25.2338 -0.6239
  59 74.8617 15.7170
  60 -77.9766 173.2782
  61 -24.8690 119.9771
  62 53.8460 171.6520
  63 36.7207 -63.0062
  64 -64.5086 35.0014
  65 -190.8187 72.1501
  66 -232.3739 -124.1121
  67 136.1492 -30.7579
  68 -19.8203 -30.0992
  69 85.8814 131.2907
  70 -123.8568 23.9349
  71 -41.4625 34.6997
  72 32.3165 -39.0208
  73 -144.3340 -101.2725
  74 -93.0207 -118.6405
  75 129.0134 -104.0492
  76 -75.5411 -113.5691
  77 13.8046  8.6675
  78 -84.4359 24.3858
  79 218.8828 70.9552
  80 93.3236 -52.3964
  81 38.7383 141.7376
  82 45.2165 -79.6821
  83 -26.6956 43.6877
  84 89.5880 -151.5457
  85 -61.0769 -29.7429
  86 52.2303 100.2870
  87 -101.0113 32.4857
  88 92.7307 -29.8801
  89 -59.3845 -74.5850
  90 62.8040 118.4303
  91 197.5585 98.6715
  92 29.0804 -95.3615
  93 -73.4655 -118.3555
  94 -93.7706 -22.5050
  95 -162.0345 -36.9663
  96 -28.8301 174.9758
  97 140.0831 -44.5329
  98 211.8584 25.7555
  99 172.8842 53.6241
   0 139.7087 58.1301
   1 159.7800 25.8571
   2 28.6242 -114.3821
   3 -26.1139 36.8001
   4 74.9485 -81.0521
   5 -58.5128 73.5417
   6 114.0089 -144.7384
   7 165.4262 -134.7701
   8 155.6136 -1.6677
   9 152.6420 151.2051
  10 -44.6764 -4.4893
  11 -36.1401 -16.4827
  12 115.5094 -20.2507
  13 167.6869 92.5852
  14 -59.4699 -78.0217
  15 28.6485 -27.7146
  16 48.5427 -170.1176
  17 -131.6021 -118.2231
  18 97.8064 -165.2956
  19 108.2447 -73.7857
  20 -26.6022 -62.4237
  21 100.2320 164.6158
  22 -15.8461 -100.6609
  23 99.8692 -144.0203
  24 38.0441 -81.9556
  25 -174.7942 -27.9355
  26 -74.5487 59.4355
  27 -2.2166 114.1102
  28 -101.6551  4.5932
  29 -31.0423 -73.5296
  30 190.2215 15.5266
  31 128.3783 -0.1095
  32 -30.5095 -7.8038
  33 -81.1730 -14.3076
  34 -40.7092 55.6334
  35 -108.7307 -196.1108
  36 -120.0418 180.7342
  37 -46.5885 75.7721
  38 187.7309 -9.5776
  39 -191.4857 47.4613
  40 14.0720 -118.5578
  41 -128.9163 16.0058
  42 -54.2655 30.4732
  43 -23.8176 152.9292
  44  0.4622 63.5159
  45 -89.4631  0.8133
  46 -104.3322  5.3054
  47 -26.0497 -125.4253
  48 85.6731 -202.3109
  49 -48.1002  1.2806
  50 -15.8875 -57.2665
  51 -15.6652 -60.7004
  52 -70.4263 -58.3150
  53 -95.5171 -23.8856
  54 -83.7046 -193.7169
  55 -110.7578 -102.4955
  56 -108.3324 20.0417
  57 -45.7389 -15.3663
  58 -87.6450 -27.4514
  59 198.9414 86.8198
  60 31.6863 98.6588
  61 -42.5373 50.5080
  62  5.8442 -165.3570
  63 20.9004 49.3555
  64 72.6092 194.0717
  65 -186.1952 -51.8762
  66 70.8507 149.5260
  67 -128.6563 -103.7488
  68 11.1073 234.7239
  69 -59.4153 -80.0042
  70 -34.4347 50.8075
  71 58.4366 -38.7934
  72 -161.1709 -51.0944
  73 -27.4914 12.1105
  74 -0.3381 56.8364
  75 183.4863 69.3289
  76 83.6449 -129.2766
  77 -246.2175 -65.6763
  78 11.9182 -48.0943
  79 105.1526 125.1761
  80 -52.3727 -162.9454
  81 203.8925 149.1477
  82 -23.3554 -139.3453
  83 -28.3219 -1.6528
  84 35.4995 -99.6732
  85  9.8984 -10.6809
  86 -80.4743 -13.3667
  87 -137.8310 50.9205
  88 -173.2454 -79.7431
  89 -92.2715 192.9852
  90 -17.6453 -25.8307
  91 148.9038  0.2312
  92 25.9014 -92.2254
  93 -46.8305 59.2421
  94 155.9820 -2.5347
  95 -31.9241 -30.6858
  96 29.2443 58.8916
  97 70.9389 48.1401
  98 -88.2454 303.3045
  99 174.3446 44.9488
   0 34.9239 -124.9771
   1 152.8421 -55.4688
   2 -26.8569 55.3939
   3 -94.9567 185.9100
   4 12.3619 -46.3553
   5 -88.8123 -5.5787
   6 47.3098 227.1877
   7 73.8668  0.4580
   8 36.5046 64.6328
   9 -154.2415 48.7357
  10 -101.4179 -59.9673
  11 121.9488 243.9841
  12 125.6548 -45.7132
  13 91.0305 111.9451
  14 -60.0582  0.5924
  15 -2.9432 -278.1959
  16 -11.5253 -1.0148
  17 -126.1646 79.6092
  18  0.6629 -60.9567
  19  4.0565 -21.2184
  20 -33.1442  3.1594
  21 -104.4696 -12.9979
  22 35.2471 -108.0891
  23 -30.9577  9.2504
  24 41.5740 -56.2648
  25 -111.4072 -16.2344
  26 -8.1425 167.8246
  27 -12.3427 13.0316
  28 -21.7305 53.7799
  29 -43.7674  1.1836
  30 -86.7870 69.8042
  31 24.4231 62.6427
  32 -98.0362 -88.6868
  33 45.4418 -49.2265
  34 -169.0751 -46.4857
  35 131.1081 37.5588
  36 35.3218 -77.3825
  37 119.1507 -111.3923
  38 159.1202 42.6440
  39 -178.0586 -25.4449
  40  9.0893 -22.9495
  41 -12.8161 -113.8263
  42 74.1393 31.7425
  43 -131.9603 51.3982
  44 205.6476 -31.5883
  45 62.7108 -81.8842
  46 13.7092 159.1127
  47 -38.4403 50.5240
  48 96.2938  9.4474
  49 92.0872 61.4211
  50 37.8482 -143.7734
  51 115.9180 -127.9497
  52 230.2032 41.7216
  53 143.1649 71.4671
  54 -11.9828 58.2534
  55 -39.1286 140.1982
  56 -137.9231 50.6747
  57 -173.5558 -151.9639
  58 -41.5070 155.1221
  59 76.4642 67.4545
  60 -107.9229 -205.7530
  61 -15.6235  1.0386
  62 42.2879 -36.6786
  63 -13.3938  8.7316
  64 -12.4622  3.9726
  65 -123.4004 12.9419
  66 33.7121 104.1016
  67 18.2350 -55.6142
  68 30.9147 52.3391
  69 33.2563 -76.8553
  70 158.1106 133.8100
  71 -64.8611 98.5514
  72 -115.4016 -55.3135
  73 -229.2916 -108.2642
  74 -15.5943 -24.5589
  75 14.6172 -101.0294
  76 -56.2598 -100.2056
  77 29.0236 128.7244
  78 68.3624  3.7757
  79 99.0532 -15.3892
  80 -183.1417 151.4348
  81 71.5993 -26.5014
  82 -157.9201 42.3310
  83 -165.5253 13.7213
  84 -51.7513 -35.3425
  85 103.4738 70.5571
  86 -87.9366 -170.1494
  87 -123.9222 -106.7872
  88 95.3554 11.3900
  89 209.5668 137.4650
  90 -91.8854 -75.1164
  91 247.4395 -95.6598
  92 76.1361 -12.3260
  93 132.7805 -14.7017
  94 -33.6597 -61.1637
  95 73.0600 142.6595
  96 192.5228 -63.8430
  97 32.4582 23.0796
  98 199.9129 -82.6528
  99 66.9219 -17.6155
   0 -56.1753 -14.4419
   1 61.6931 18.1379
   2 36.9168 -7.3374
   3 -132.6526 45.7399
   4 219.3867 46.6789
   5 117.4722 141.4162
   6 -54.4170 -57.9180
   7 80.9782 -89.0300
   8 207.3723 -0.4168
   9 29.6409 137.3117
  10 -241.7402 -71.3410
  11 -117.4406 12.4702
  12 47.5607 46.1713
  13 -39.0534 40.1630
  14 94.8669 -19.0435
  15 -69.5932 133.0587
  16 87.5310 92.2692
  17 71.4977 -34.4901
  18 -35.9447 -96.1588
  19 -34.1592 224.6037
  20 10.5387 -16.6646
  21 -57.6765 84.5261
  22 -38.4069 -160.9073
  23 18.4537 -247.8978
  24 -3.0126 -148.0902
  25 16.6365 13.6440
  26 -123.3334 97.4052
  27 -21.3163 101.9903
  28 -50.3441 -36.8747
  29 -142.3928 14.4442
  30 -26.6186 32.4873
  31 -72.6355 51.6076
  32 18.2499 48.7379
  33 48.9146 -8.7416
  34 -234.8889 48.9723
  35 50.9034 -77.2658
  36 -137.7883 48.1675
  37 -79.7780 -71.2516
  38 -62.8820 -0.3556
  39 101.0046 -89.6086
  40 115.8298 44.2557
  41 -171.8420 194.5150
  42 -123.0412 77.9094
  43 -90.7923  7.6359
  44 -78.0764 126.1547
  45 -33.6138 -32.8138
  46 -11.4287 176.5435
  47 -87.7161 -156.9309
  48 -24.0438  1.3171
  49 31.3784 -62.2414
  50 63.4624 -7.0052
  51 -24.6349 45.7765
  52 71.3137 -20.4663
  53 -186.1143 113.6567
  54 -112.1506 72.7532
  55 -31.1871 125.9796
  56 -13.1518 192.2141
  57 -38.1836 -42.6260
  58 -70.4773 -73.8843
  59 46.6708 -83.3742
  60 -69.3911 -73.4330
  61 -42.5050 -126.5176
  62 -11.9199 41.7580
  63 -39.6823 -18.0125
  64 -122.8424 -67.0200
  65 -41.8674 29.0310
  66 -44.1978 -70.4551
  67 77.8537 -46.9283
  68 37.0696 137.9660
  69 -99.5529 -115.4743
  70 152.3199 59.3236
  71 19.8775 -239.9274
  72 30.9166 80.8541
  73 -77.2430  7.2276
  74 -48.1059 -51.3003
  75 -84.5770 27.4312
  76 -7.5335 -24.5817
  77 97.1036 110.8362
  78 65.8942 99.1469
  79 -29.4684 242.1910
  80 32.7857 -138.4915
  81 -88.6515 33.1055
  82 -89.2932 15.3823
  83 -121.0047 17.6293
  84 19.0490 80.7314
  85 -15.3608 -8.0198
  86 -115.4627 12.7032
  87 -2.1351 153.9575
  88 -69.7812 152.4980
  89 104.5876 115.5688
  90 117.0626 21.7522
  91 167.4248 177.7354
  92 43.6229 -18.4469
  93 -243.3412 39.4820
  94 -115.1978 14.4886
  95 -89.5963 -107.8858
  96 192.9133 15.9295
  97 -71.1991 -40.6188
  98 113.2755 19.8934
  99 -75.5613 -254.0420
