# model = krumsiek11.txt 
# tmax = 160
# branching = True
# nrRealizations = 10
# noiseObs = 0.00046415888336127773
# noiseDyn = 0.001
# seed = 0
# it   Gata2   Gata1    Fog1    EKLF    Fli1     SCL   Cebpa    Pu.1    cJun  EgrNab    Gfi1 
   0  0.8035 -0.0004  0.0004  0.0013  0.0014  0.0022  0.7998  0.8017  0.0007  0.0013  0.0004
   1  0.7239  0.0011 -0.0002 -0.0010  0.0011  0.0017  0.8195  0.7254  0.0787  0.0078  0.0939
   2  0.6581  0.0018 -0.0012 -0.0032  0.0024  0.0001  0.8355  0.6622  0.1102  0.0239  0.1499
   3  0.5971  0.0036 -0.0011 -0.0066  0.0006 -0.0035  0.8531  0.5991  0.1269  0.0318  0.1709
   4  0.5386  0.0070 -0.0031 -0.0066  0.0009 -0.0070  0.8656  0.5470  0.1386  0.0378  0.1753
   5  0.4891  0.0105 -0.0018 -0.0057  0.0010 -0.0033  0.8760  0.4995  0.1493  0.0456  0.1742
   6  0.4454  0.0155 -0.0022 -0.0091  0.0002 -0.0049  0.8854  0.4511  0.1571  0.0486  0.1734
   7  0.4082  0.0136 -0.0008 -0.0136 -0.0023 -0.0080  0.8991  0.4098  0.1669  0.0565  0.1659
   8  0.3719  0.0153  0.0025 -0.0108 -0.0017 -0.0073  0.9063  0.3746  0.1731  0.0632  0.1616
   9  0.3424  0.0177  0.0026 -0.0083 -0.0043 -0.0018  0.9130  0.3422  0.1788  0.0696  0.1566
  10  0.3131  0.0179 -0.0003 -0.0098 -0.0042 -0.0041  0.9195  0.3182  0.1886  0.0795  0.1465
  11  0.2908  0.0219 -0.0005 -0.0076 -0.0037 -0.0014  0.9288  0.2933  0.1991  0.0831  0.1367
  12  0.2674  0.0252 -0.0022 -0.0074 -0.0023 -0.0007  0.9370  0.2744  0.2112  0.0942  0.1296
  13  0.2517  0.0278 -0.0012 -0.0026 -0.0039 -0.0022  0.9426  0.2600  0.2209  0.1019  0.1188
  14  0.2343  0.0374  0.0006 -0.0022 -0.0025 -0.0005  0.9488  0.2431  0.2328  0.1123  0.1089
  15  0.2212  0.0415  0.0005 -0.0026  0.0021  0.0020  0.9496  0.2356  0.2471  0.1212  0.1022
  16  0.2076  0.0418  0.0008 -0.0018  0.0054  0.0065  0.9532  0.2248  0.2635  0.1388  0.0916
  17  0.1988  0.0467 -0.0005  0.0014  0.0012  0.0080  0.9558  0.2187  0.2871  0.1579  0.0853
  18  0.1916  0.0529  0.0021  0.0039  0.0025  0.0143  0.9578  0.2113  0.3106  0.1754  0.0765
  19  0.1811  0.0619  0.0042  0.0062  0.0014  0.0185  0.9577  0.2037  0.3335  0.2003  0.0724
  20  0.1724  0.0676  0.0066  0.0068  0.0054  0.0222  0.9586  0.2051  0.3505  0.2230  0.0666
  21  0.1724  0.0721  0.0049  0.0109  0.0066  0.0262  0.9583  0.2023  0.3736  0.2428  0.0569
  22  0.1646  0.0764  0.0080  0.0182  0.0092  0.0283  0.9654  0.1982  0.3965  0.2722  0.0485
  23  0.1557  0.0833  0.0092  0.0154  0.0128  0.0384  0.9663  0.1982  0.4212  0.2962  0.0463
  24  0.1517  0.0835  0.0117  0.0175  0.0097  0.0377  0.9729  0.1939  0.4445  0.3235  0.0399
  25  0.1473  0.0819  0.0116  0.0166  0.0147  0.0431  0.9756  0.1896  0.4698  0.3503  0.0352
  26  0.1479  0.0846  0.0135  0.0183  0.0133  0.0467  0.9752  0.1896  0.4952  0.3771  0.0294
  27  0.1439  0.0875  0.0095  0.0180  0.0153  0.0548  0.9729  0.1891  0.5165  0.4034  0.0260
  28  0.1461  0.0888  0.0101  0.0232  0.0150  0.0556  0.9765  0.1906  0.5312  0.4326  0.0202
  29  0.1426  0.0916  0.0086  0.0255  0.0193  0.0586  0.9803  0.1885  0.5531  0.4589  0.0187
  30  0.1424  0.0919  0.0075  0.0277  0.0220  0.0624  0.9860  0.1879  0.5672  0.4825  0.0227
  31  0.1381  0.0955  0.0080  0.0301  0.0206  0.0685  0.9878  0.1902  0.5862  0.5032  0.0209
  32  0.1380  0.0987  0.0073  0.0264  0.0261  0.0727  0.9878  0.1923  0.6028  0.5224  0.0201
  33  0.1340  0.1005  0.0058  0.0239  0.0244  0.0746  0.9891  0.1879  0.6182  0.5402  0.0183
  34  0.1319  0.1002  0.0042  0.0278  0.0270  0.0790  0.9920  0.1887  0.6339  0.5545  0.0181
  35  0.1297  0.1040  0.0071  0.0305  0.0264  0.0825  0.9967  0.1863  0.6452  0.5757  0.0169
  36  0.1285  0.0999  0.0064  0.0294  0.0288  0.0867  0.9954  0.1844  0.6546  0.5921  0.0109
  37  0.1248  0.1013  0.0115  0.0351  0.0268  0.0902  0.9946  0.1892  0.6652  0.6066  0.0106
  38  0.1231  0.1059  0.0074  0.0361  0.0296  0.0977  0.9888  0.1864  0.6760  0.6203  0.0124
  39  0.1189  0.1038  0.0093  0.0360  0.0305  0.0998  0.9896  0.1859  0.6813  0.6299  0.0093
  40  0.1190  0.1035  0.0090  0.0336  0.0312  0.1014  0.9875  0.1857  0.6917  0.6411  0.0087
  41  0.1192  0.1042  0.0045  0.0334  0.0309  0.1003  0.9872  0.1869  0.7006  0.6516  0.0069
  42  0.1176  0.1055  0.0056  0.0342  0.0301  0.1037  0.9883  0.1887  0.7094  0.6585  0.0078
  43  0.1151  0.1069  0.0081  0.0352  0.0304  0.1039  0.9883  0.1914  0.7152  0.6710  0.0066
  44  0.1153  0.1093  0.0082  0.0334  0.0321  0.1071  0.9906  0.1890  0.7200  0.6801  0.0046
  45  0.1143  0.1094  0.0121  0.0360  0.0356  0.1084  0.9903  0.1889  0.7220  0.6880  0.0037
  46  0.1185  0.1075  0.0093  0.0349  0.0362  0.1058  0.9883  0.1906  0.7322  0.6986  0.0059
  47  0.1171  0.1043  0.0105  0.0363  0.0375  0.1059  0.9891  0.1884  0.7346  0.7058  0.0018
  48  0.1145  0.1029  0.0120  0.0404  0.0336  0.1100  0.9902  0.1899  0.7427  0.7129 -0.0010
  49  0.1124  0.1006  0.0076  0.0366  0.0361  0.1056  0.9902  0.1949  0.7474  0.7219 -0.0005
  50  0.1083  0.1026  0.0067  0.0341  0.0347  0.1056  0.9908  0.1987  0.7516  0.7302 -0.0019
  51  0.1104  0.1024  0.0077  0.0362  0.0340  0.1064  0.9890  0.1999  0.7534  0.7336 -0.0022
  52  0.1047  0.1012  0.0103  0.0362  0.0330  0.1054  0.9923  0.1995  0.7572  0.7390  0.0002
  53  0.1024  0.0995  0.0090  0.0367  0.0337  0.1079  0.9938  0.2039  0.7613  0.7457 -0.0037
  54  0.1008  0.0931  0.0112  0.0325  0.0340  0.1088  0.9905  0.2096  0.7632  0.7517 -0.0056
  55  0.1000  0.0927  0.0112  0.0346  0.0347  0.1069  0.9901  0.2151  0.7699  0.7549 -0.0026
  56  0.0952  0.0846  0.0118  0.0330  0.0301  0.1031  0.9871  0.2236  0.7735  0.7623  0.0023
  57  0.0924  0.0834  0.0071  0.0318  0.0262  0.1010  0.9867  0.2296  0.7838  0.7649  0.0008
  58  0.0835  0.0782  0.0055  0.0314  0.0255  0.0988  0.9896  0.2410  0.7924  0.7705  0.0031
  59  0.0814  0.0746  0.0028  0.0281  0.0258  0.0919  0.9897  0.2547  0.8000  0.7781 -0.0023
  60  0.0769  0.0739  0.0020  0.0274  0.0239  0.0899  0.9862  0.2694  0.8076  0.7833 -0.0022
  61  0.0714  0.0679  0.0020  0.0275  0.0210  0.0854  0.9869  0.2840  0.8174  0.7921  0.0003
  62  0.0676  0.0623  0.0034  0.0279  0.0192  0.0817  0.9894  0.3006  0.8279  0.8009 -0.0024
  63  0.0634  0.0577  0.0008  0.0274  0.0148  0.0743  0.9928  0.3205  0.8357  0.8084 -0.0003
  64  0.0612  0.0532  0.0054  0.0288  0.0134  0.0704  0.9939  0.3415  0.8403  0.8188 -0.0033
  65  0.0578  0.0484  0.0048  0.0267  0.0107  0.0620  0.9969  0.3647  0.8515  0.8259 -0.0046
  66  0.0538  0.0449  0.0046  0.0241  0.0138  0.0563  0.9985  0.3889  0.8541  0.8358  0.0006
  67  0.0477  0.0395  0.0045  0.0217  0.0113  0.0506  0.9957  0.4162  0.8617  0.8437  0.0028
  68  0.0469  0.0367  0.0043  0.0231  0.0100  0.0482  0.9955  0.4451  0.8711  0.8511  0.0003
  69  0.0388  0.0307  0.0078  0.0224  0.0111  0.0456  0.9952  0.4747  0.8801  0.8613 -0.0007
  70  0.0377  0.0289  0.0061  0.0218  0.0073  0.0402  0.9959  0.5084  0.8884  0.8712 -0.0009
  71  0.0354  0.0263  0.0072  0.0152  0.0060  0.0373  0.9958  0.5369  0.8908  0.8803 -0.0040
  72  0.0326  0.0207  0.0083  0.0152  0.0080  0.0343  0.9981  0.5648  0.8928  0.8876 -0.0034
  73  0.0293  0.0189  0.0038  0.0180  0.0088  0.0322  1.0023  0.5960  0.9015  0.8971 -0.0009
  74  0.0231  0.0154  0.0017  0.0164  0.0050  0.0305  1.0043  0.6243  0.9090  0.9032  0.0005
  75  0.0225  0.0089 -0.0014  0.0165  0.0029  0.0276  1.0073  0.6517  0.9164  0.9114  0.0022
  76  0.0215  0.0083  0.0000  0.0156  0.0047  0.0246  1.0038  0.6807  0.9245  0.9179 -0.0006
  77  0.0172  0.0100 -0.0034  0.0128  0.0042  0.0226  1.0020  0.7105  0.9316  0.9201  0.0014
  78  0.0169  0.0083 -0.0030  0.0156  0.0006  0.0219  1.0009  0.7346  0.9368  0.9254 -0.0026
  79  0.0168  0.0097 -0.0002  0.0106  0.0009  0.0203  1.0026  0.7560  0.9431  0.9316  0.0004
  80  0.0178  0.0106 -0.0000  0.0095 -0.0019  0.0183  0.9997  0.7761  0.9458  0.9353  0.0028
  81  0.0150  0.0113  0.0033  0.0067 -0.0037  0.0176  0.9992  0.7932  0.9499  0.9424 -0.0011
  82  0.0133  0.0090  0.0029  0.0054  0.0005  0.0153  1.0000  0.8095  0.9505  0.9474 -0.0000
  83  0.0133  0.0114  0.0042  0.0087 -0.0025  0.0129  0.9975  0.8268  0.9492  0.9501 -0.0010
  84  0.0129  0.0128  0.0070  0.0101 -0.0056  0.0119  0.9960  0.8393  0.9514  0.9543 -0.0023
  85  0.0104  0.0065  0.0098  0.0116 -0.0066  0.0127  0.9988  0.8521  0.9566  0.9533 -0.0035
  86  0.0066  0.0061  0.0081  0.0098 -0.0052  0.0134  0.9968  0.8688  0.9585  0.9516 -0.0019
  87  0.0017  0.0076  0.0084  0.0055 -0.0023  0.0124  0.9977  0.8816  0.9623  0.9580 -0.0050
  88  0.0023  0.0104  0.0068  0.0037 -0.0018  0.0112  0.9971  0.8928  0.9621  0.9589 -0.0021
  89 -0.0009  0.0138  0.0067  0.0039  0.0003  0.0110  0.9982  0.9012  0.9620  0.9641 -0.0035
  90 -0.0027  0.0172  0.0068  0.0066  0.0028  0.0127  0.9985  0.9078  0.9684  0.9672 -0.0058
  91  0.0009  0.0130  0.0057  0.0067  0.0003  0.0110  1.0004  0.9129  0.9683  0.9715 -0.0041
  92  0.0011  0.0094  0.0070  0.0058  0.0040  0.0070  0.9996  0.9202  0.9717  0.9691 -0.0064
  93 -0.0036  0.0147  0.0077  0.0079  0.0063  0.0025  1.0004  0.9252  0.9706  0.9736 -0.0064
  94 -0.0021  0.0120  0.0035  0.0059  0.0056  0.0040  0.9997  0.9353  0.9717  0.9730 -0.0115
  95 -0.0037  0.0076  0.0044  0.0039  0.0017  0.0003  1.0059  0.9473  0.9720  0.9706 -0.0064
  96 -0.0008  0.0108  0.0066  0.0029  0.0009  0.0003  1.0028  0.9456  0.9740  0.9696 -0.0082
  97 -0.0029  0.0111  0.0094  0.0053 -0.0016 -0.0024  1.0025  0.9530  0.9757  0.9692 -0.0082
  98 -0.0058  0.0133  0.0119  0.0056 -0.0019 -0.0029  1.0030  0.9572  0.9784  0.9700 -0.0042
  99 -0.0066  0.0112  0.0092 -0.0006 -0.0010 -0.0037  1.0002  0.9569  0.9791  0.9688 -0.0049
 100 -0.0079  0.0146  0.0065 -0.0013 -0.0043 -0.0022  0.9967  0.9617  0.9801  0.9702 -0.0052
 101 -0.0055  0.0132  0.0040  0.0012 -0.0031 -0.0012  0.9974  0.9635  0.9814  0.9706 -0.0067
 102 -0.0062  0.0163  0.0023  0.0018 -0.0053  0.0001  0.9951  0.9641  0.9792  0.9750 -0.0075
 103 -0.0044  0.0180  0.0015  0.0037 -0.0029 -0.0001  0.9967  0.9576  0.9807  0.9742 -0.0072
 104 -0.0040  0.0163  0.0018  0.0035  0.0008 -0.0008  0.9943  0.9594  0.9803  0.9751 -0.0043
 105 -0.0047  0.0143  0.0027  0.0044  0.0021  0.0001  0.9938  0.9609  0.9833  0.9723 -0.0006
 106 -0.0045  0.0140  0.0034 -0.0022  0.0019  0.0047  0.9940  0.9629  0.9851  0.9728  0.0001
 107  0.0005  0.0104  0.0020 -0.0029  0.0069  0.0064  0.9964  0.9664  0.9824  0.9754 -0.0015
 108  0.0014  0.0109  0.0000 -0.0076  0.0086  0.0066  0.9959  0.9712  0.9837  0.9737 -0.0052
 109  0.0027  0.0108 -0.0027 -0.0084  0.0078  0.0022  0.9938  0.9752  0.9868  0.9732 -0.0014
 110  0.0029  0.0095 -0.0016 -0.0047  0.0071  0.0045  0.9945  0.9791  0.9828  0.9672 -0.0010
 111  0.0044  0.0069  0.0025 -0.0056  0.0055  0.0056  0.9931  0.9833  0.9875  0.9658  0.0006
 112  0.0040  0.0066  0.0011 -0.0046  0.0044  0.0029  0.9922  0.9872  0.9887  0.9649  0.0002
 113  0.0019  0.0095 -0.0022 -0.0026  0.0059  0.0043  0.9927  0.9828  0.9899  0.9652 -0.0011
 114  0.0021  0.0051 -0.0004 -0.0089  0.0066  0.0036  0.9939  0.9882  0.9904  0.9739  0.0025
 115  0.0035  0.0042 -0.0005 -0.0085  0.0036  0.0018  0.9913  0.9899  0.9881  0.9756  0.0049
 116  0.0039  0.0009  0.0003 -0.0096 -0.0002  0.0017  0.9962  0.9898  0.9892  0.9737  0.0041
 117  0.0054 -0.0021 -0.0003 -0.0072  0.0021  0.0025  0.9919  0.9893  0.9937  0.9765  0.0074
 118  0.0017 -0.0029 -0.0021 -0.0029 -0.0012  0.0027  0.9945  0.9890  0.9915  0.9759  0.0053
 119  0.0030 -0.0058 -0.0020 -0.0053  0.0020 -0.0012  0.9917  0.9936  0.9901  0.9771  0.0044
 120  0.0069 -0.0024 -0.0013 -0.0032  0.0050 -0.0027  0.9944  0.9921  0.9904  0.9736  0.0041
 121  0.0056 -0.0041 -0.0014 -0.0040  0.0067  0.0003  0.9957  0.9910  0.9908  0.9754  0.0082
 122  0.0020 -0.0064  0.0018 -0.0063  0.0086  0.0016  0.9960  0.9892  0.9860  0.9751  0.0094
 123  0.0022 -0.0086  0.0015 -0.0064  0.0070  0.0012  0.9975  0.9911  0.9827  0.9707  0.0093
 124  0.0009 -0.0060  0.0012 -0.0049  0.0068  0.0015  0.9968  0.9916  0.9847  0.9693  0.0126
 125 -0.0006 -0.0014  0.0001 -0.0036  0.0048  0.0040  0.9992  0.9914  0.9850  0.9668  0.0123
 126 -0.0012 -0.0017 -0.0022 -0.0055  0.0074  0.0037  1.0004  0.9940  0.9852  0.9631  0.0122
 127 -0.0018 -0.0038 -0.0007 -0.0045  0.0060 -0.0014  0.9968  0.9966  0.9810  0.9612  0.0091
 128 -0.0009 -0.0045  0.0004 -0.0036  0.0073 -0.0023  1.0004  0.9935  0.9816  0.9588  0.0123
 129  0.0030 -0.0083 -0.0033 -0.0036  0.0078  0.0011  0.9987  0.9910  0.9849  0.9581  0.0102
 130  0.0026 -0.0083 -0.0033 -0.0034  0.0095  0.0045  0.9987  0.9887  0.9828  0.9606  0.0091
 131  0.0003 -0.0051 -0.0025 -0.0009  0.0078  0.0005  0.9975  0.9899  0.9806  0.9610  0.0099
 132 -0.0006 -0.0037 -0.0015  0.0028  0.0080  0.0023  0.9992  0.9885  0.9793  0.9596  0.0087
 133  0.0021 -0.0035  0.0017  0.0048  0.0070  0.0015  1.0025  0.9881  0.9803  0.9607  0.0040
 134  0.0023 -0.0074  0.0026  0.0038  0.0051  0.0016  1.0035  0.9888  0.9817  0.9659  0.0011
 135 -0.0011 -0.0058 -0.0048  0.0041  0.0081  0.0023  1.0030  0.9888  0.9846  0.9650  0.0031
 136 -0.0016 -0.0031 -0.0047  0.0034  0.0065 -0.0007  0.9995  0.9934  0.9846  0.9664 -0.0007
 137 -0.0034 -0.0022 -0.0027  0.0032  0.0078 -0.0016  0.9955  0.9913  0.9844  0.9666 -0.0012
 138 -0.0030 -0.0011 -0.0074  0.0036  0.0062  0.0012  0.9943  0.9917  0.9845  0.9645  0.0024
 139  0.0017 -0.0000 -0.0065  0.0014  0.0076  0.0052  0.9943  0.9928  0.9844  0.9639  0.0067
 140  0.0016 -0.0039 -0.0022 -0.0010  0.0124  0.0031  0.9943  0.9941  0.9871  0.9639  0.0052
 141 -0.0003 -0.0079 -0.0024 -0.0014  0.0093  0.0007  0.9975  0.9971  0.9833  0.9687  0.0044
 142  0.0003 -0.0083  0.0002 -0.0043  0.0065  0.0039  0.9987  1.0000  0.9827  0.9681  0.0080
 143 -0.0028 -0.0126  0.0013 -0.0015  0.0050  0.0054  0.9957  0.9993  0.9791  0.9683  0.0069
 144 -0.0032 -0.0104 -0.0003 -0.0020  0.0037 -0.0000  0.9999  0.9962  0.9806  0.9683  0.0037
 145 -0.0020 -0.0108  0.0047 -0.0018  0.0015  0.0002  0.9985  0.9936  0.9824  0.9634  0.0006
 146  0.0022 -0.0050  0.0051 -0.0006 -0.0002  0.0028  0.9957  0.9951  0.9850  0.9652 -0.0029
 147 -0.0033 -0.0045  0.0053  0.0002 -0.0023 -0.0010  0.9979  0.9944  0.9827  0.9669 -0.0069
 148 -0.0015 -0.0044  0.0048  0.0039 -0.0032 -0.0019  0.9982  0.9938  0.9879  0.9668 -0.0019
 149 -0.0003 -0.0064  0.0020  0.0070 -0.0003  0.0002  1.0012  0.9917  0.9880  0.9702  0.0005
 150  0.0028 -0.0087 -0.0001  0.0058 -0.0016  0.0007  1.0001  0.9955  0.9867  0.9723  0.0021
 151  0.0063 -0.0104 -0.0007  0.0064 -0.0016 -0.0002  1.0002  0.9939  0.9869  0.9711 -0.0030
 152  0.0032 -0.0138 -0.0032  0.0019 -0.0004 -0.0037  0.9981  0.9928  0.9902  0.9701 -0.0045
 153  0.0052 -0.0119 -0.0062  0.0017 -0.0045 -0.0040  0.9952  0.9957  0.9872  0.9669 -0.0028
 154  0.0065 -0.0113 -0.0052  0.0019  0.0038 -0.0021  0.9962  0.9935  0.9884  0.9643 -0.0011
 155  0.0058 -0.0100 -0.0059  0.0016  0.0030 -0.0061  0.9975  0.9935  0.9856  0.9658  0.0011
 156  0.0056 -0.0100 -0.0005 -0.0001  0.0002 -0.0077  0.9953  0.9961  0.9843  0.9658  0.0036
 157  0.0047 -0.0102 -0.0011 -0.0039  0.0040 -0.0099  0.9994  0.9944  0.9821  0.9649  0.0019
 158  0.0015 -0.0088  0.0007 -0.0048  0.0033 -0.0065  1.0022  0.9949  0.9838  0.9720  0.0000
 159  0.0042 -0.0078  0.0018 -0.0041  0.0021 -0.0084  1.0047  0.9938  0.9889  0.9726 -0.0001
   0  0.8003 -0.0026  0.0005  0.0008  0.0009  0.0001  0.8000  0.8022  0.0010 -0.0007 -0.0001
   1  0.7285  0.0039 -0.0007  0.0012 -0.0031 -0.0025  0.8185  0.7277  0.0836  0.0088  0.0939
   2  0.6620  0.0044 -0.0021  0.0003 -0.0001  0.0023  0.8402  0.6607  0.1177  0.0243  0.1451
   3  0.6004  0.0095 -0.0040  0.0002  0.0019 -0.0007  0.8548  0.6029  0.1347  0.0349  0.1626
   4  0.5442  0.0094 -0.0032 -0.0014  0.0027  0.0047  0.8698  0.5464  0.1470  0.0418  0.1700
   5  0.4978  0.0110 -0.0019 -0.0012  0.0000  0.0049  0.8818  0.4950  0.1600  0.0424  0.1742
   6  0.4500  0.0139 -0.0004 -0.0061 -0.0014  0.0043  0.8946  0.4546  0.1668  0.0489  0.1769
   7  0.4112  0.0179 -0.0015 -0.0024 -0.0026  0.0051  0.9046  0.4153  0.1746  0.0534  0.1721
   8  0.3726  0.0205 -0.0039 -0.0019  0.0003  0.0041  0.9131  0.3744  0.1806  0.0594  0.1680
   9  0.3402  0.0210 -0.0035 -0.0030  0.0013  0.0068  0.9221  0.3445  0.1844  0.0628  0.1613
  10  0.3152  0.0251 -0.0038 -0.0045  0.0000  0.0089  0.9318  0.3184  0.1964  0.0670  0.1516
  11  0.2923  0.0323 -0.0008 -0.0010  0.0045  0.0072  0.9341  0.2913  0.2060  0.0778  0.1390
  12  0.2697  0.0352 -0.0047 -0.0009  0.0034  0.0057  0.9412  0.2737  0.2173  0.0846  0.1290
  13  0.2525  0.0378 -0.0033  0.0024  0.0021  0.0079  0.9489  0.2533  0.2298  0.0949  0.1187
  14  0.2365  0.0403 -0.0023  0.0036  0.0014  0.0088  0.9545  0.2402  0.2437  0.1079  0.1088
  15  0.2231  0.0438 -0.0048  0.0055  0.0022  0.0090  0.9584  0.2286  0.2600  0.1220  0.0991
  16  0.2120  0.0475 -0.0038  0.0072  0.0019  0.0095  0.9619  0.2220  0.2746  0.1388  0.0927
  17  0.2047  0.0506 -0.0024  0.0069  0.0050  0.0105  0.9704  0.2114  0.2942  0.1572  0.0831
  18  0.1976  0.0520 -0.0033  0.0080  0.0024  0.0133  0.9734  0.2058  0.3174  0.1782  0.0739
  19  0.1869  0.0596 -0.0052  0.0070  0.0039  0.0161  0.9832  0.2015  0.3431  0.2012  0.0644
  20  0.1834  0.0643 -0.0096  0.0059  0.0048  0.0176  0.9852  0.1987  0.3693  0.2208  0.0587
  21  0.1763  0.0707 -0.0081  0.0081  0.0066  0.0219  0.9880  0.1973  0.3868  0.2468  0.0542
  22  0.1692  0.0761 -0.0090  0.0104  0.0036  0.0277  0.9877  0.1915  0.4130  0.2739  0.0426
  23  0.1652  0.0813 -0.0066  0.0125  0.0069  0.0297  0.9912  0.1906  0.4382  0.3048  0.0398
  24  0.1646  0.0855 -0.0073  0.0143  0.0065  0.0386  0.9920  0.1841  0.4609  0.3270  0.0387
  25  0.1625  0.0914 -0.0041  0.0127  0.0059  0.0448  0.9933  0.1799  0.4800  0.3553  0.0369
  26  0.1618  0.0985 -0.0020  0.0191  0.0089  0.0463  0.9973  0.1782  0.4984  0.3819  0.0316
  27  0.1595  0.1025 -0.0000  0.0233  0.0099  0.0526  1.0011  0.1770  0.5125  0.4026  0.0271
  28  0.1593  0.1019  0.0037  0.0256  0.0122  0.0621  0.9995  0.1713  0.5319  0.4278  0.0232
  29  0.1625  0.1059  0.0008  0.0275  0.0103  0.0684  1.0003  0.1669  0.5441  0.4454  0.0200
  30  0.1611  0.1117  0.0023  0.0278  0.0132  0.0741  1.0018  0.1631  0.5598  0.4678  0.0152
  31  0.1593  0.1166  0.0042  0.0293  0.0139  0.0809  1.0002  0.1557  0.5704  0.4838  0.0125
  32  0.1596  0.1261  0.0027  0.0325  0.0167  0.0900  0.9989  0.1488  0.5856  0.5035  0.0110
  33  0.1605  0.1270  0.0062  0.0355  0.0166  0.1014  0.9976  0.1461  0.5944  0.5196  0.0095
  34  0.1614  0.1317  0.0046  0.0382  0.0186  0.1139  0.9965  0.1405  0.5954  0.5343  0.0064
  35  0.1649  0.1376  0.0033  0.0402  0.0237  0.1248  0.9954  0.1403  0.6048  0.5438  0.0061
  36  0.1682  0.1427  0.0036  0.0461  0.0254  0.1357  0.9947  0.1357  0.6065  0.5516  0.0070
  37  0.1706  0.1497  0.0081  0.0445  0.0281  0.1427  0.9945  0.1304  0.6098  0.5594  0.0064
  38  0.1767  0.1576  0.0095  0.0483  0.0322  0.1544  0.9967  0.1282  0.6100  0.5673  0.0023
  39  0.1818  0.1663  0.0095  0.0532  0.0366  0.1679  0.9991  0.1225  0.6111  0.5705  0.0065
  40  0.1858  0.1748  0.0124  0.0520  0.0368  0.1833  0.9995  0.1165  0.6092  0.5705  0.0066
  41  0.1960  0.1831  0.0194  0.0568  0.0462  0.2013  1.0020  0.1125  0.6011  0.5700  0.0079
  42  0.2047  0.1948  0.0219  0.0610  0.0478  0.2195  1.0031  0.1031  0.5966  0.5630  0.0103
  43  0.2175  0.2053  0.0229  0.0668  0.0503  0.2338  0.9967  0.0995  0.5859  0.5529  0.0117
  44  0.2395  0.2203  0.0244  0.0786  0.0559  0.2493  0.9969  0.0926  0.5754  0.5468  0.0133
  45  0.2561  0.2379  0.0258  0.0839  0.0600  0.2683  0.9924  0.0867  0.5633  0.5327  0.0091
  46  0.2755  0.2576  0.0305  0.0920  0.0616  0.2952  0.9882  0.0753  0.5476  0.5160  0.0109
  47  0.3002  0.2819  0.0346  0.0979  0.0649  0.3203  0.9810  0.0693  0.5256  0.4980  0.0081
  48  0.3245  0.3075  0.0416  0.1058  0.0719  0.3484  0.9760  0.0651  0.5069  0.4810  0.0094
  49  0.3501  0.3354  0.0465  0.1103  0.0776  0.3781  0.9657  0.0579  0.4832  0.4571  0.0120
  50  0.3785  0.3669  0.0509  0.1195  0.0823  0.4102  0.9562  0.0482  0.4558  0.4359  0.0115
  51  0.4114  0.4008  0.0601  0.1303  0.0872  0.4416  0.9432  0.0431  0.4299  0.4069  0.0113
  52  0.4411  0.4347  0.0650  0.1400  0.0950  0.4771  0.9243  0.0416  0.4050  0.3802  0.0089
  53  0.4719  0.4662  0.0766  0.1482  0.0961  0.5092  0.9015  0.0392  0.3796  0.3549  0.0112
  54  0.5028  0.4985  0.0888  0.1570  0.0995  0.5378  0.8760  0.0357  0.3578  0.3326  0.0068
  55  0.5226  0.5303  0.1012  0.1641  0.1034  0.5711  0.8450  0.0343  0.3347  0.3097  0.0052
  56  0.5460  0.5579  0.1133  0.1710  0.1059  0.5991  0.8107  0.0320  0.3142  0.2902  0.0041
  57  0.5675  0.5857  0.1294  0.1827  0.1090  0.6259  0.7728  0.0280  0.2934  0.2711  0.0021
  58  0.5834  0.6127  0.1432  0.1916  0.1076  0.6494  0.7341  0.0256  0.2743  0.2521  0.0027
  59  0.5992  0.6395  0.1560  0.1986  0.1110  0.6810  0.6989  0.0264  0.2521  0.2284  0.0055
  60  0.6094  0.6666  0.1741  0.2067  0.1160  0.6995  0.6575  0.0240  0.2317  0.2183  0.0093
  61  0.6181  0.6917  0.1890  0.2114  0.1148  0.7220  0.6226  0.0249  0.2175  0.1987  0.0111
  62  0.6269  0.7115  0.2030  0.2198  0.1120  0.7427  0.5894  0.0262  0.2021  0.1855  0.0102
  63  0.6304  0.7310  0.2166  0.2245  0.1162  0.7651  0.5567  0.0190  0.1872  0.1690  0.0141
  64  0.6298  0.7518  0.2347  0.2350  0.1152  0.7825  0.5213  0.0151  0.1734  0.1603  0.0129
  65  0.6341  0.7732  0.2455  0.2379  0.1152  0.7986  0.4894  0.0151  0.1580  0.1458  0.0161
  66  0.6360  0.7903  0.2636  0.2427  0.1163  0.8151  0.4608  0.0141  0.1442  0.1348  0.0135
  67  0.6357  0.8069  0.2758  0.2524  0.1144  0.8301  0.4337  0.0144  0.1347  0.1255  0.0145
  68  0.6321  0.8230  0.2886  0.2598  0.1102  0.8417  0.4035  0.0113  0.1212  0.1170  0.0178
  69  0.6295  0.8388  0.2974  0.2683  0.1081  0.8532  0.3758  0.0149  0.1123  0.1033  0.0165
  70  0.6234  0.8473  0.3044  0.2772  0.1042  0.8602  0.3501  0.0165  0.1034  0.0936  0.0220
  71  0.6180  0.8603  0.3163  0.2846  0.1022  0.8704  0.3244  0.0163  0.0957  0.0855  0.0210
  72  0.6152  0.8669  0.3296  0.2938  0.0967  0.8795  0.3032  0.0136  0.0870  0.0809  0.0265
  73  0.6125  0.8779  0.3417  0.3029  0.0984  0.8872  0.2861  0.0139  0.0787  0.0704  0.0292
  74  0.6070  0.8869  0.3563  0.3126  0.0956  0.8942  0.2652  0.0139  0.0748  0.0626  0.0351
  75  0.5985  0.8928  0.3630  0.3194  0.0956  0.8998  0.2487  0.0161  0.0696  0.0572  0.0357
  76  0.5905  0.8959  0.3660  0.3237  0.0940  0.9092  0.2327  0.0145  0.0654  0.0538  0.0430
  77  0.5846  0.8959  0.3740  0.3336  0.0957  0.9119  0.2232  0.0158  0.0633  0.0500  0.0488
  78  0.5813  0.9028  0.3802  0.3409  0.0878  0.9177  0.2101  0.0181  0.0598  0.0474  0.0581
  79  0.5759  0.9055  0.3900  0.3540  0.0877  0.9232  0.1973  0.0135  0.0563  0.0434  0.0670
  80  0.5717  0.9077  0.3975  0.3633  0.0862  0.9292  0.1886  0.0155  0.0530  0.0373  0.0705
  81  0.5697  0.9159  0.4028  0.3716  0.0829  0.9323  0.1766  0.0136  0.0535  0.0324  0.0816
  82  0.5666  0.9180  0.4085  0.3812  0.0790  0.9372  0.1645  0.0132  0.0462  0.0315  0.0954
  83  0.5671  0.9248  0.4148  0.3926  0.0777  0.9399  0.1563  0.0126  0.0418  0.0267  0.1118
  84  0.5649  0.9320  0.4161  0.4011  0.0758  0.9404  0.1502  0.0148  0.0385  0.0213  0.1253
  85  0.5625  0.9354  0.4226  0.4168  0.0735  0.9447  0.1424  0.0119  0.0335  0.0139  0.1448
  86  0.5554  0.9432  0.4247  0.4277  0.0724  0.9475  0.1349  0.0155  0.0290  0.0110  0.1792
  87  0.5527  0.9451  0.4290  0.4349  0.0690  0.9499  0.1261  0.0098  0.0292  0.0069  0.2113
  88  0.5548  0.9461  0.4322  0.4454  0.0651  0.9540  0.1206  0.0101  0.0254  0.0048  0.2471
  89  0.5509  0.9502  0.4382  0.4557  0.0624  0.9556  0.1147  0.0091  0.0221  0.0072  0.2798
  90  0.5518  0.9544  0.4401  0.4599  0.0596  0.9558  0.1045  0.0089  0.0214  0.0055  0.2984
  91  0.5480  0.9523  0.4395  0.4687  0.0593  0.9622  0.1039  0.0087  0.0197  0.0045  0.3170
  92  0.5470  0.9519  0.4421  0.4839  0.0545  0.9633  0.1003  0.0093  0.0213  0.0023  0.3342
  93  0.5434  0.9545  0.4453  0.4938  0.0559  0.9655  0.0970  0.0120  0.0171  0.0021  0.3528
  94  0.5422  0.9531  0.4496  0.5017  0.0522  0.9638  0.0965  0.0098  0.0148  0.0039  0.3652
  95  0.5395  0.9545  0.4519  0.5089  0.0483  0.9686  0.0912  0.0113  0.0143  0.0028  0.3747
  96  0.5367  0.9574  0.4526  0.5261  0.0464  0.9705  0.0905  0.0139  0.0140  0.0054  0.3813
  97  0.5356  0.9602  0.4568  0.5381  0.0465  0.9689  0.0864  0.0131  0.0144  0.0029  0.3852
  98  0.5336  0.9624  0.4535  0.5534  0.0454  0.9702  0.0842  0.0083  0.0128  0.0040  0.3901
  99  0.5324  0.9611  0.4577  0.5636  0.0449  0.9694  0.0864  0.0104  0.0135  0.0021  0.3942
 100  0.5289  0.9631  0.4594  0.5775  0.0426  0.9745  0.0852  0.0107  0.0122  0.0046  0.3997
 101  0.5264  0.9613  0.4586  0.5894  0.0425  0.9757  0.0847  0.0094  0.0107  0.0058  0.4002
 102  0.5262  0.9610  0.4604  0.5962  0.0400  0.9766  0.0837  0.0106  0.0106  0.0051  0.3964
 103  0.5256  0.9617  0.4634  0.6066  0.0379  0.9749  0.0796  0.0157  0.0104  0.0047  0.3958
 104  0.5235  0.9615  0.4664  0.6167  0.0356  0.9757  0.0749  0.0107  0.0125  0.0052  0.3910
 105  0.5232  0.9650  0.4694  0.6255  0.0366  0.9749  0.0753  0.0128  0.0079  0.0058  0.3827
 106  0.5221  0.9624  0.4713  0.6344  0.0369  0.9756  0.0724  0.0125  0.0077  0.0030  0.3814
 107  0.5221  0.9626  0.4728  0.6467  0.0393  0.9737  0.0734  0.0117  0.0060  0.0072  0.3783
 108  0.5182  0.9606  0.4748  0.6501  0.0397  0.9746  0.0733  0.0086  0.0045  0.0031  0.3705
 109  0.5194  0.9630  0.4744  0.6538  0.0372  0.9774  0.0761  0.0090  0.0053  0.0068  0.3713
 110  0.5185  0.9637  0.4783  0.6605  0.0367  0.9782  0.0746  0.0081  0.0039  0.0086  0.3679
 111  0.5157  0.9633  0.4770  0.6620  0.0352  0.9783  0.0710  0.0027  0.0045  0.0064  0.3647
 112  0.5191  0.9663  0.4793  0.6642  0.0307  0.9797  0.0695  0.0052 -0.0006  0.0015  0.3565
 113  0.5189  0.9631  0.4799  0.6696  0.0310  0.9806  0.0688  0.0059  0.0037  0.0018  0.3528
 114  0.5184  0.9646  0.4804  0.6781  0.0292  0.9785  0.0679  0.0093  0.0005  0.0016  0.3481
 115  0.5202  0.9616  0.4856  0.6858  0.0260  0.9798  0.0669  0.0078  0.0028  0.0063  0.3436
 116  0.5213  0.9599  0.4816  0.6908  0.0278  0.9819  0.0643  0.0044  0.0028  0.0056  0.3338
 117  0.5217  0.9598  0.4825  0.6952  0.0205  0.9876  0.0660  0.0033  0.0066  0.0036  0.3311
 118  0.5241  0.9645  0.4819  0.7004  0.0178  0.9856  0.0625  0.0060  0.0088  0.0007  0.3274
 119  0.5261  0.9624  0.4831  0.7101  0.0155  0.9836  0.0667  0.0053  0.0063 -0.0019  0.3233
 120  0.5253  0.9668  0.4807  0.7137  0.0127  0.9815  0.0631  0.0029  0.0022  0.0005  0.3165
 121  0.5248  0.9655  0.4809  0.7182  0.0104  0.9797  0.0641 -0.0026  0.0009 -0.0016  0.3139
 122  0.5259  0.9685  0.4778  0.7234  0.0092  0.9784  0.0606 -0.0005  0.0010 -0.0017  0.3102
 123  0.5281  0.9697  0.4801  0.7289  0.0102  0.9805  0.0574 -0.0041 -0.0016 -0.0041  0.3057
 124  0.5277  0.9682  0.4841  0.7376  0.0088  0.9766  0.0535 -0.0044  0.0009 -0.0019  0.2967
 125  0.5253  0.9721  0.4846  0.7409  0.0111  0.9801  0.0536 -0.0033  0.0035 -0.0017  0.2910
 126  0.5282  0.9696  0.4834  0.7451  0.0142  0.9832  0.0552 -0.0056  0.0053  0.0021  0.2850
 127  0.5291  0.9719  0.4854  0.7491  0.0117  0.9793  0.0559 -0.0036  0.0040 -0.0010  0.2784
 128  0.5291  0.9730  0.4855  0.7521  0.0121  0.9794  0.0565 -0.0017  0.0050 -0.0028  0.2756
 129  0.5254  0.9708  0.4879  0.7557  0.0125  0.9770  0.0585 -0.0042  0.0045 -0.0050  0.2705
 130  0.5271  0.9732  0.4884  0.7600  0.0103  0.9792  0.0551 -0.0028  0.0027 -0.0053  0.2646
 131  0.5284  0.9763  0.4871  0.7607  0.0109  0.9775  0.0600 -0.0025  0.0011 -0.0025  0.2594
 132  0.5244  0.9764  0.4872  0.7640  0.0131  0.9790  0.0599 -0.0030 -0.0021  0.0008  0.2570
 133  0.5251  0.9778  0.4872  0.7653  0.0088  0.9792  0.0634 -0.0043  0.0023  0.0012  0.2557
 134  0.5238  0.9785  0.4889  0.7698  0.0092  0.9813  0.0613 -0.0042  0.0004  0.0037  0.2568
 135  0.5208  0.9749  0.4852  0.7710  0.0101  0.9829  0.0556 -0.0009  0.0013  0.0031  0.2563
 136  0.5227  0.9754  0.4854  0.7687  0.0112  0.9847  0.0541  0.0044 -0.0019  0.0011  0.2555
 137  0.5217  0.9752  0.4858  0.7706  0.0113  0.9836  0.0563 -0.0002  0.0020 -0.0009  0.2522
 138  0.5223  0.9777  0.4871  0.7699  0.0147  0.9846  0.0558  0.0004  0.0012 -0.0029  0.2462
 139  0.5239  0.9793  0.4922  0.7699  0.0114  0.9844  0.0536  0.0011 -0.0010 -0.0053  0.2453
 140  0.5255  0.9836  0.4920  0.7708  0.0096  0.9864  0.0520 -0.0032 -0.0033 -0.0062  0.2404
 141  0.5232  0.9851  0.4907  0.7681  0.0095  0.9870  0.0517 -0.0014 -0.0037 -0.0050  0.2358
 142  0.5230  0.9843  0.4922  0.7693  0.0074  0.9887  0.0509  0.0001 -0.0022 -0.0034  0.2353
 143  0.5224  0.9837  0.4920  0.7746  0.0079  0.9906  0.0550 -0.0040 -0.0002 -0.0017  0.2345
 144  0.5198  0.9777  0.4916  0.7728  0.0090  0.9877  0.0536 -0.0066 -0.0011 -0.0008  0.2301
 145  0.5205  0.9738  0.4892  0.7765  0.0080  0.9858  0.0522 -0.0041 -0.0047  0.0016  0.2284
 146  0.5187  0.9777  0.4862  0.7789  0.0086  0.9874  0.0516 -0.0040 -0.0023 -0.0032  0.2295
 147  0.5206  0.9779  0.4859  0.7792  0.0160  0.9848  0.0531 -0.0048 -0.0058 -0.0015  0.2279
 148  0.5174  0.9769  0.4870  0.7761  0.0156  0.9841  0.0553 -0.0077 -0.0043 -0.0051  0.2297
 149  0.5206  0.9771  0.4887  0.7735  0.0146  0.9823  0.0564 -0.0069 -0.0029 -0.0050  0.2303
 150  0.5233  0.9740  0.4918  0.7714  0.0155  0.9865  0.0589 -0.0056  0.0017 -0.0053  0.2324
 151  0.5221  0.9704  0.4925  0.7717  0.0167  0.9828  0.0576 -0.0040 -0.0004 -0.0048  0.2321
 152  0.5175  0.9731  0.4897  0.7729  0.0144  0.9790  0.0566 -0.0013  0.0010 -0.0034  0.2346
 153  0.5219  0.9711  0.4912  0.7723  0.0166  0.9842  0.0555 -0.0002  0.0012 -0.0014  0.2344
 154  0.5217  0.9708  0.4917  0.7756  0.0172  0.9845  0.0561  0.0034 -0.0048  0.0009  0.2345
 155  0.5164  0.9752  0.4883  0.7752  0.0144  0.9814  0.0581  0.0049 -0.0060  0.0010  0.2332
 156  0.5144  0.9713  0.4890  0.7806  0.0135  0.9840  0.0594  0.0045 -0.0055  0.0014  0.2356
 157  0.5180  0.9750  0.4908  0.7833  0.0134  0.9878  0.0620  0.0049 -0.0037  0.0004  0.2392
 158  0.5175  0.9793  0.4889  0.7842  0.0116  0.9902  0.0616  0.0049 -0.0028  0.0010  0.2459
 159  0.5122  0.9745  0.4871  0.7853  0.0130  0.9892  0.0632  0.0037 -0.0018  0.0013  0.2523
   0  0.8004 -0.0016 -0.0001 -0.0015 -0.0012 -0.0004  0.7997  0.8021 -0.0012  0.0004 -0.0022
   1  0.7252 -0.0039  0.0015 -0.0011  0.0008 -0.0042  0.8194  0.7294  0.0774  0.0074  0.0926
   2  0.6561  0.0004  0.0008 -0.0009  0.0015 -0.0044  0.8355  0.6564  0.1093  0.0187  0.1555
   3  0.5977  0.0025 -0.0040 -0.0016  0.0066 -0.0040  0.8545  0.5992  0.1194  0.0244  0.1870
   4  0.5390  0.0015 -0.0065 -0.0033  0.0073 -0.0033  0.8677  0.5469  0.1278  0.0296  0.2039
   5  0.4906 -0.0002 -0.0088 -0.0066  0.0030 -0.0028  0.8838  0.4988  0.1327  0.0306  0.2162
   6  0.4447  0.0077 -0.0107 -0.0066  0.0018 -0.0073  0.8959  0.4564  0.1394  0.0327  0.2280
   7  0.4049  0.0076 -0.0121 -0.0062  0.0022 -0.0088  0.9056  0.4188  0.1403  0.0359  0.2336
   8  0.3721  0.0107 -0.0126 -0.0012 -0.0015 -0.0083  0.9140  0.3844  0.1479  0.0359  0.2316
   9  0.3391  0.0166 -0.0071  0.0004  0.0009 -0.0082  0.9221  0.3571  0.1484  0.0359  0.2331
  10  0.3104  0.0169 -0.0077 -0.0004  0.0027 -0.0083  0.9337  0.3336  0.1492  0.0368  0.2313
  11  0.2858  0.0232 -0.0056  0.0019  0.0021 -0.0108  0.9386  0.3118  0.1488  0.0383  0.2255
  12  0.2663  0.0292 -0.0041 -0.0022  0.0024 -0.0088  0.9440  0.2954  0.1537  0.0379  0.2228
  13  0.2496  0.0352 -0.0106 -0.0032  0.0042 -0.0022  0.9510  0.2756  0.1560  0.0439  0.2228
  14  0.2337  0.0379 -0.0061 -0.0000  0.0036 -0.0013  0.9575  0.2657  0.1521  0.0430  0.2163
  15  0.2168  0.0457 -0.0053  0.0006  0.0046  0.0030  0.9603  0.2526  0.1473  0.0465  0.2122
  16  0.2052  0.0474 -0.0018  0.0013  0.0068  0.0013  0.9663  0.2400  0.1460  0.0490  0.2069
  17  0.1926  0.0489 -0.0032  0.0000  0.0083  0.0064  0.9685  0.2358  0.1431  0.0518  0.1984
  18  0.1843  0.0549 -0.0035  0.0021  0.0054  0.0117  0.9743  0.2264  0.1496  0.0566  0.1896
  19  0.1788  0.0573 -0.0035  0.0014  0.0040  0.0164  0.9749  0.2217  0.1540  0.0590  0.1789
  20  0.1774  0.0592 -0.0045  0.0040  0.0060  0.0184  0.9746  0.2181  0.1600  0.0640  0.1682
  21  0.1709  0.0651 -0.0070  0.0078  0.0064  0.0231  0.9786  0.2113  0.1681  0.0660  0.1582
  22  0.1648  0.0671 -0.0076  0.0076  0.0058  0.0251  0.9807  0.2086  0.1739  0.0716  0.1510
  23  0.1594  0.0740 -0.0066  0.0098  0.0092  0.0298  0.9833  0.2022  0.1821  0.0754  0.1412
  24  0.1545  0.0775 -0.0042  0.0117  0.0106  0.0334  0.9854  0.1979  0.1902  0.0832  0.1313
  25  0.1542  0.0808  0.0026  0.0110  0.0125  0.0386  0.9855  0.1931  0.1952  0.0879  0.1260
  26  0.1495  0.0837  0.0066  0.0103  0.0136  0.0451  0.9915  0.1918  0.2073  0.0942  0.1204
  27  0.1463  0.0834  0.0089  0.0139  0.0127  0.0464  0.9913  0.1896  0.2158  0.1041  0.1126
  28  0.1420  0.0820  0.0071  0.0154  0.0157  0.0486  0.9937  0.1871  0.2318  0.1149  0.1090
  29  0.1435  0.0865  0.0067  0.0128  0.0189  0.0507  0.9942  0.1877  0.2463  0.1230  0.0996
  30  0.1405  0.0908  0.0058  0.0147  0.0207  0.0545  0.9982  0.1850  0.2605  0.1349  0.0920
  31  0.1399  0.0932  0.0087  0.0133  0.0191  0.0581  0.9974  0.1863  0.2777  0.1506  0.0826
  32  0.1329  0.0973  0.0128  0.0146  0.0192  0.0620  0.9986  0.1864  0.2975  0.1672  0.0751
  33  0.1328  0.0961  0.0138  0.0134  0.0252  0.0645  0.9965  0.1837  0.3159  0.1898  0.0714
  34  0.1313  0.0990  0.0176  0.0174  0.0293  0.0679  0.9941  0.1842  0.3345  0.2112  0.0637
  35  0.1306  0.1026  0.0177  0.0189  0.0297  0.0742  0.9943  0.1814  0.3575  0.2298  0.0606
  36  0.1282  0.1049  0.0187  0.0244  0.0336  0.0766  0.9917  0.1801  0.3737  0.2485  0.0560
  37  0.1306  0.1109  0.0171  0.0255  0.0348  0.0828  0.9922  0.1784  0.3946  0.2732  0.0503
  38  0.1331  0.1115  0.0159  0.0292  0.0340  0.0885  0.9931  0.1755  0.4151  0.2966  0.0496
  39  0.1335  0.1101  0.0169  0.0304  0.0323  0.0963  0.9892  0.1745  0.4361  0.3188  0.0442
  40  0.1322  0.1169  0.0181  0.0312  0.0333  0.1004  0.9906  0.1724  0.4542  0.3408  0.0396
  41  0.1317  0.1185  0.0157  0.0318  0.0339  0.1084  0.9957  0.1716  0.4710  0.3637  0.0323
  42  0.1327  0.1227  0.0161  0.0365  0.0348  0.1126  0.9937  0.1709  0.4893  0.3905  0.0291
  43  0.1320  0.1232  0.0193  0.0398  0.0390  0.1129  0.9964  0.1684  0.5100  0.4139  0.0253
  44  0.1323  0.1229  0.0151  0.0410  0.0404  0.1174  0.9969  0.1619  0.5268  0.4350  0.0245
  45  0.1338  0.1248  0.0141  0.0389  0.0426  0.1223  0.9973  0.1608  0.5371  0.4570  0.0221
  46  0.1293  0.1322  0.0134  0.0383  0.0451  0.1279  0.9959  0.1651  0.5532  0.4743  0.0187
  47  0.1300  0.1376  0.0099  0.0413  0.0495  0.1329  0.9923  0.1620  0.5648  0.4910  0.0181
  48  0.1316  0.1414  0.0109  0.0414  0.0519  0.1363  0.9966  0.1566  0.5798  0.5099  0.0161
  49  0.1317  0.1426  0.0146  0.0402  0.0534  0.1434  0.9948  0.1545  0.5931  0.5272  0.0142
  50  0.1333  0.1440  0.0143  0.0397  0.0539  0.1525  0.9930  0.1499  0.6050  0.5370  0.0168
  51  0.1404  0.1445  0.0191  0.0439  0.0592  0.1615  0.9928  0.1412  0.6107  0.5477  0.0169
  52  0.1461  0.1520  0.0223  0.0448  0.0620  0.1708  0.9945  0.1337  0.6089  0.5475  0.0165
  53  0.1522  0.1589  0.0187  0.0452  0.0619  0.1770  0.9944  0.1310  0.6081  0.5495  0.0176
  54  0.1659  0.1653  0.0178  0.0475  0.0624  0.1854  0.9960  0.1264  0.6069  0.5526  0.0143
  55  0.1745  0.1778  0.0203  0.0487  0.0656  0.1934  0.9927  0.1216  0.6077  0.5534  0.0124
  56  0.1827  0.1882  0.0214  0.0494  0.0712  0.2071  0.9921  0.1141  0.6017  0.5559  0.0109
  57  0.1954  0.2038  0.0216  0.0527  0.0748  0.2196  0.9905  0.1090  0.6019  0.5548  0.0079
  58  0.2062  0.2177  0.0238  0.0570  0.0776  0.2354  0.9871  0.1022  0.5914  0.5499  0.0083
  59  0.2206  0.2346  0.0255  0.0595  0.0825  0.2547  0.9864  0.0959  0.5821  0.5470  0.0071
  60  0.2385  0.2499  0.0313  0.0649  0.0904  0.2752  0.9867  0.0892  0.5679  0.5363  0.0117
  61  0.2588  0.2715  0.0332  0.0699  0.0950  0.2952  0.9834  0.0801  0.5515  0.5181  0.0120
  62  0.2859  0.2960  0.0353  0.0753  0.0982  0.3246  0.9794  0.0715  0.5339  0.5023  0.0124
  63  0.3110  0.3259  0.0413  0.0794  0.1035  0.3545  0.9669  0.0639  0.5154  0.4788  0.0163
  64  0.3366  0.3510  0.0470  0.0846  0.1124  0.3820  0.9582  0.0584  0.4912  0.4571  0.0130
  65  0.3641  0.3807  0.0544  0.0864  0.1178  0.4131  0.9464  0.0561  0.4694  0.4331  0.0085
  66  0.3913  0.4063  0.0631  0.0942  0.1293  0.4433  0.9323  0.0508  0.4419  0.4112  0.0059
  67  0.4214  0.4377  0.0670  0.0989  0.1370  0.4742  0.9156  0.0441  0.4184  0.3829  0.0048
  68  0.4511  0.4719  0.0783  0.1030  0.1436  0.5062  0.8942  0.0408  0.3925  0.3638  0.0060
  69  0.4788  0.5057  0.0897  0.1054  0.1533  0.5426  0.8722  0.0380  0.3693  0.3415  0.0061
  70  0.5011  0.5339  0.1024  0.1081  0.1647  0.5711  0.8472  0.0387  0.3466  0.3202  0.0059
  71  0.5223  0.5661  0.1112  0.1115  0.1710  0.5997  0.8159  0.0337  0.3251  0.3016  0.0079
  72  0.5375  0.5932  0.1255  0.1187  0.1784  0.6250  0.7825  0.0299  0.3018  0.2819  0.0115
  73  0.5562  0.6221  0.1381  0.1235  0.1818  0.6523  0.7461  0.0285  0.2816  0.2620  0.0080
  74  0.5742  0.6473  0.1487  0.1275  0.1892  0.6746  0.7060  0.0287  0.2652  0.2416  0.0110
  75  0.5864  0.6680  0.1628  0.1301  0.1964  0.7022  0.6706  0.0291  0.2481  0.2277  0.0106
  76  0.5973  0.6886  0.1801  0.1273  0.2031  0.7218  0.6306  0.0276  0.2277  0.2142  0.0098
  77  0.6048  0.7138  0.1910  0.1240  0.2060  0.7377  0.5964  0.0266  0.2095  0.1967  0.0091
  78  0.6069  0.7334  0.2057  0.1230  0.2070  0.7552  0.5621  0.0263  0.1961  0.1888  0.0105
  79  0.6108  0.7528  0.2236  0.1236  0.2134  0.7750  0.5261  0.0237  0.1817  0.1736  0.0088
  80  0.6148  0.7703  0.2400  0.1226  0.2214  0.7934  0.4941  0.0227  0.1653  0.1573  0.0106
  81  0.6135  0.7926  0.2540  0.1248  0.2291  0.8090  0.4593  0.0207  0.1534  0.1453  0.0148
  82  0.6134  0.8085  0.2681  0.1256  0.2366  0.8238  0.4303  0.0168  0.1476  0.1318  0.0144
  83  0.6127  0.8226  0.2823  0.1244  0.2384  0.8346  0.4020  0.0186  0.1331  0.1239  0.0144
  84  0.6135  0.8370  0.2943  0.1238  0.2437  0.8489  0.3729  0.0175  0.1191  0.1177  0.0166
  85  0.6141  0.8521  0.3041  0.1234  0.2465  0.8611  0.3479  0.0156  0.1082  0.1050  0.0199
  86  0.6105  0.8597  0.3164  0.1162  0.2507  0.8727  0.3236  0.0181  0.0975  0.0983  0.0243
  87  0.6082  0.8679  0.3239  0.1152  0.2576  0.8835  0.3029  0.0140  0.0917  0.0914  0.0227
  88  0.6032  0.8786  0.3349  0.1143  0.2641  0.8904  0.2790  0.0157  0.0860  0.0829  0.0230
  89  0.5974  0.8897  0.3419  0.1134  0.2739  0.8956  0.2563  0.0142  0.0817  0.0741  0.0210
  90  0.5930  0.8980  0.3520  0.1103  0.2836  0.9008  0.2449  0.0154  0.0724  0.0671  0.0227
  91  0.5906  0.9028  0.3627  0.1058  0.2880  0.9037  0.2296  0.0178  0.0698  0.0573  0.0267
  92  0.5860  0.9074  0.3736  0.1040  0.2974  0.9078  0.2158  0.0162  0.0684  0.0500  0.0336
  93  0.5790  0.9112  0.3809  0.0991  0.3079  0.9125  0.2018  0.0147  0.0641  0.0448  0.0412
  94  0.5734  0.9200  0.3852  0.0967  0.3144  0.9151  0.1890  0.0160  0.0579  0.0444  0.0512
  95  0.5722  0.9249  0.3940  0.0948  0.3254  0.9219  0.1811  0.0168  0.0556  0.0428  0.0612
  96  0.5692  0.9269  0.3992  0.0927  0.3335  0.9287  0.1708  0.0180  0.0495  0.0437  0.0684
  97  0.5633  0.9331  0.4047  0.0908  0.3431  0.9307  0.1636  0.0172  0.0438  0.0359  0.0777
  98  0.5637  0.9370  0.4061  0.0877  0.3515  0.9330  0.1547  0.0160  0.0363  0.0339  0.0904
  99  0.5571  0.9415  0.4103  0.0880  0.3562  0.9394  0.1489  0.0157  0.0335  0.0311  0.1023
 100  0.5578  0.9426  0.4156  0.0856  0.3681  0.9433  0.1414  0.0135  0.0341  0.0286  0.1111
 101  0.5564  0.9452  0.4249  0.0824  0.3785  0.9427  0.1322  0.0116  0.0289  0.0277  0.1244
 102  0.5557  0.9521  0.4326  0.0798  0.3870  0.9438  0.1275  0.0131  0.0314  0.0271  0.1336
 103  0.5566  0.9524  0.4395  0.0718  0.3954  0.9428  0.1183  0.0113  0.0293  0.0261  0.1412
 104  0.5534  0.9601  0.4431  0.0696  0.4111  0.9490  0.1116  0.0068  0.0234  0.0243  0.1458
 105  0.5517  0.9613  0.4454  0.0666  0.4206  0.9507  0.1060  0.0077  0.0223  0.0244  0.1505
 106  0.5462  0.9646  0.4466  0.0578  0.4331  0.9562  0.1049  0.0101  0.0198  0.0233  0.1582
 107  0.5413  0.9675  0.4535  0.0574  0.4468  0.9571  0.0997  0.0084  0.0140  0.0204  0.1666
 108  0.5382  0.9732  0.4555  0.0550  0.4624  0.9569  0.0942  0.0054  0.0148  0.0219  0.1756
 109  0.5337  0.9733  0.4584  0.0511  0.4797  0.9573  0.0924  0.0051  0.0112  0.0226  0.1779
 110  0.5323  0.9776  0.4617  0.0521  0.4955  0.9609  0.0898  0.0056  0.0081  0.0195  0.1767
 111  0.5306  0.9788  0.4649  0.0487  0.5041  0.9637  0.0879  0.0070  0.0061  0.0169  0.1813
 112  0.5297  0.9803  0.4650  0.0446  0.5177  0.9646  0.0848  0.0086  0.0088  0.0155  0.1865
 113  0.5269  0.9801  0.4624  0.0429  0.5290  0.9648  0.0863  0.0102  0.0087  0.0158  0.1956
 114  0.5217  0.9838  0.4666  0.0444  0.5430  0.9698  0.0837  0.0097  0.0090  0.0139  0.1990
 115  0.5206  0.9896  0.4701  0.0399  0.5551  0.9715  0.0818  0.0102  0.0051  0.0154  0.2041
 116  0.5196  0.9863  0.4729  0.0390  0.5671  0.9712  0.0820  0.0093  0.0059  0.0143  0.2034
 117  0.5200  0.9888  0.4767  0.0371  0.5799  0.9710  0.0767  0.0104  0.0081  0.0169  0.2091
 118  0.5184  0.9892  0.4785  0.0350  0.5921  0.9746  0.0722  0.0095  0.0073  0.0161  0.2108
 119  0.5169  0.9924  0.4797  0.0350  0.6060  0.9737  0.0701  0.0097  0.0036  0.0142  0.2107
 120  0.5121  0.9905  0.4831  0.0379  0.6170  0.9716  0.0720  0.0072  0.0043  0.0098  0.2169
 121  0.5099  0.9894  0.4880  0.0361  0.6227  0.9727  0.0692  0.0078  0.0013  0.0098  0.2177
 122  0.5113  0.9910  0.4878  0.0269  0.6322  0.9725  0.0664  0.0068  0.0031  0.0069  0.2243
 123  0.5073  0.9956  0.4876  0.0222  0.6415  0.9751  0.0669  0.0087  0.0043  0.0059  0.2285
 124  0.5101  0.9937  0.4854  0.0218  0.6497  0.9796  0.0651  0.0054  0.0016  0.0090  0.2331
 125  0.5100  0.9973  0.4892  0.0217  0.6596  0.9786  0.0650  0.0107  0.0012  0.0095  0.2320
 126  0.5062  0.9952  0.4887  0.0216  0.6736  0.9736  0.0659  0.0099 -0.0021  0.0108  0.2328
 127  0.5051  0.9921  0.4898  0.0212  0.6828  0.9783  0.0683  0.0079  0.0002  0.0083  0.2325
 128  0.5036  0.9911  0.4891  0.0210  0.6899  0.9776  0.0697  0.0100 -0.0020  0.0047  0.2388
 129  0.5075  0.9888  0.4878  0.0178  0.6966  0.9763  0.0670  0.0102 -0.0023  0.0046  0.2473
 130  0.5089  0.9919  0.4874  0.0146  0.7031  0.9744  0.0662  0.0102 -0.0007  0.0061  0.2535
 131  0.5095  0.9948  0.4874  0.0156  0.7087  0.9753  0.0665  0.0092  0.0015  0.0070  0.2535
 132  0.5152  0.9942  0.4857  0.0175  0.7129  0.9772  0.0636  0.0063  0.0018  0.0065  0.2532
 133  0.5125  0.9955  0.4906  0.0164  0.7185  0.9775  0.0662  0.0069  0.0015  0.0047  0.2583
 134  0.5113  0.9897  0.4920  0.0141  0.7237  0.9790  0.0634  0.0043 -0.0006  0.0094  0.2565
 135  0.5151  0.9904  0.4909  0.0174  0.7275  0.9809  0.0644  0.0043 -0.0007  0.0078  0.2588
 136  0.5132  0.9950  0.4904  0.0151  0.7312  0.9833  0.0638  0.0049  0.0005  0.0083  0.2595
 137  0.5117  0.9942  0.4906  0.0146  0.7377  0.9836  0.0626  0.0067 -0.0011  0.0065  0.2577
 138  0.5112  0.9954  0.4912  0.0110  0.7407  0.9827  0.0635  0.0072  0.0006  0.0076  0.2584
 139  0.5052  0.9916  0.4918  0.0097  0.7468  0.9854  0.0640  0.0072  0.0024  0.0046  0.2570
 140  0.5056  0.9931  0.4984  0.0142  0.7495  0.9905  0.0641  0.0045 -0.0003  0.0015  0.2543
 141  0.5056  0.9966  0.4983  0.0128  0.7505  0.9941  0.0606  0.0055  0.0010 -0.0022  0.2576
 142  0.5055  0.9994  0.4970  0.0125  0.7573  0.9919  0.0596  0.0050 -0.0023 -0.0019  0.2594
 143  0.5059  0.9987  0.5014  0.0120  0.7633  0.9931  0.0612  0.0050 -0.0036  0.0001  0.2555
 144  0.5041  0.9980  0.5036  0.0119  0.7656  0.9929  0.0594  0.0033 -0.0036  0.0003  0.2551
 145  0.5045  0.9979  0.5030  0.0141  0.7681  0.9926  0.0577  0.0028 -0.0073  0.0028  0.2555
 146  0.5022  0.9981  0.5039  0.0153  0.7714  0.9958  0.0577  0.0030 -0.0046  0.0006  0.2520
 147  0.4988  0.9963  0.5030  0.0169  0.7734  0.9911  0.0555  0.0018 -0.0036 -0.0014  0.2490
 148  0.4973  0.9971  0.5042  0.0169  0.7725  0.9972  0.0555  0.0008  0.0001  0.0042  0.2456
 149  0.4960  0.9975  0.5003  0.0143  0.7729  0.9999  0.0560  0.0030 -0.0014  0.0030  0.2395
 150  0.4969  1.0002  0.5020  0.0151  0.7745  1.0009  0.0578  0.0069  0.0023  0.0009  0.2367
 151  0.4977  1.0008  0.5027  0.0182  0.7749  1.0016  0.0575  0.0018  0.0017  0.0027  0.2402
 152  0.4947  1.0014  0.5021  0.0149  0.7762  0.9986  0.0553 -0.0013 -0.0014  0.0028  0.2362
 153  0.4957  1.0033  0.5028  0.0176  0.7746  1.0002  0.0557 -0.0028 -0.0044  0.0036  0.2361
 154  0.4970  1.0024  0.5039  0.0162  0.7807  0.9988  0.0569 -0.0052 -0.0004  0.0050  0.2328
 155  0.4965  1.0010  0.5047  0.0152  0.7782  0.9961  0.0561 -0.0053 -0.0014  0.0013  0.2291
 156  0.4911  1.0038  0.5028  0.0145  0.7761  0.9930  0.0565 -0.0068  0.0010 -0.0002  0.2298
 157  0.4941  0.9998  0.5059  0.0154  0.7777  0.9949  0.0564 -0.0037  0.0014  0.0031  0.2298
 158  0.4969  1.0012  0.5076  0.0111  0.7778  0.9903  0.0551 -0.0020 -0.0002  0.0016  0.2283
 159  0.4998  1.0043  0.5072  0.0104  0.7800  0.9932  0.0555 -0.0030 -0.0017  0.0003  0.2327
   0  0.7997  0.0030  0.0014 -0.0023 -0.0016  0.0000  0.7996  0.7992  0.0010  0.0007 -0.0022
   1  0.7222  0.0057  0.0025 -0.0020  0.0021  0.0016  0.8224  0.7239  0.0788  0.0064  0.0980
   2  0.6562  0.0090  0.0053 -0.0000  0.0028 -0.0013  0.8421  0.6587  0.1064  0.0154  0.1631
   3  0.5942  0.0122  0.0018  0.0017  0.0012 -0.0020  0.8562  0.5991  0.1225  0.0221  0.2027
   4  0.5363  0.0120 -0.0002 -0.0025  0.0033 -0.0054  0.8664  0.5445  0.1255  0.0223  0.2258
   5  0.4852  0.0129 -0.0071 -0.0002  0.0045 -0.0031  0.8794  0.4963  0.1294  0.0252  0.2438
   6  0.4397  0.0187 -0.0050  0.0008  0.0027 -0.0004  0.8915  0.4523  0.1314  0.0272  0.2546
   7  0.4014  0.0231 -0.0069 -0.0003  0.0058 -0.0010  0.8948  0.4121  0.1314  0.0280  0.2704
   8  0.3662  0.0254 -0.0033  0.0018  0.0035 -0.0010  0.9057  0.3778  0.1261  0.0259  0.2724
   9  0.3344  0.0275 -0.0024  0.0039  0.0046  0.0018  0.9118  0.3460  0.1228  0.0275  0.2780
  10  0.3090  0.0288  0.0002  0.0043  0.0029  0.0068  0.9236  0.3198  0.1195  0.0302  0.2782
  11  0.2836  0.0318  0.0006  0.0011  0.0037  0.0088  0.9317  0.2980  0.1211  0.0365  0.2790
  12  0.2648  0.0353  0.0009  0.0014  0.0035  0.0116  0.9380  0.2779  0.1187  0.0345  0.2723
  13  0.2440  0.0370 -0.0023 -0.0012  0.0058  0.0124  0.9439  0.2677  0.1188  0.0349  0.2703
  14  0.2251  0.0436 -0.0026  0.0020  0.0088  0.0128  0.9454  0.2549  0.1159  0.0333  0.2705
  15  0.2105  0.0469 -0.0021  0.0071  0.0083  0.0166  0.9484  0.2444  0.1096  0.0313  0.2690
  16  0.1984  0.0535 -0.0010  0.0100  0.0089  0.0194  0.9568  0.2347  0.1103  0.0320  0.2727
  17  0.1858  0.0587 -0.0009  0.0086  0.0083  0.0217  0.9613  0.2268  0.1064  0.0293  0.2758
  18  0.1764  0.0651  0.0011  0.0090  0.0062  0.0221  0.9657  0.2208  0.1073  0.0295  0.2800
  19  0.1662  0.0677  0.0018  0.0068  0.0094  0.0283  0.9692  0.2123  0.1039  0.0288  0.2796
  20  0.1586  0.0740  0.0014  0.0088  0.0068  0.0281  0.9703  0.2052  0.1050  0.0291  0.2809
  21  0.1519  0.0723  0.0021  0.0081  0.0041  0.0347  0.9715  0.2014  0.0989  0.0281  0.2864
  22  0.1488  0.0716  0.0025  0.0141  0.0073  0.0385  0.9721  0.1991  0.0984  0.0288  0.2904
  23  0.1438  0.0707  0.0052  0.0144  0.0099  0.0405  0.9774  0.1994  0.0953  0.0313  0.2931
  24  0.1412  0.0732  0.0062  0.0143  0.0118  0.0403  0.9761  0.2027  0.0995  0.0308  0.2909
  25  0.1393  0.0728  0.0071  0.0164  0.0133  0.0409  0.9779  0.2064  0.0972  0.0305  0.2917
  26  0.1367  0.0759  0.0062  0.0135  0.0141  0.0435  0.9744  0.2030  0.0946  0.0285  0.2934
  27  0.1361  0.0787  0.0074  0.0147  0.0149  0.0460  0.9815  0.2049  0.0924  0.0293  0.2960
  28  0.1332  0.0797  0.0065  0.0152  0.0171  0.0545  0.9835  0.2075  0.0887  0.0318  0.2962
  29  0.1301  0.0851  0.0087  0.0151  0.0147  0.0561  0.9859  0.2117  0.0880  0.0355  0.2908
  30  0.1275  0.0848  0.0076  0.0159  0.0127  0.0564  0.9904  0.2104  0.0885  0.0290  0.2914
  31  0.1231  0.0835  0.0076  0.0184  0.0161  0.0610  0.9893  0.2123  0.0894  0.0273  0.2904
  32  0.1214  0.0771  0.0102  0.0168  0.0169  0.0610  0.9915  0.2191  0.0882  0.0289  0.2966
  33  0.1193  0.0777  0.0104  0.0182  0.0163  0.0599  0.9920  0.2220  0.0879  0.0298  0.2987
  34  0.1164  0.0759  0.0090  0.0172  0.0144  0.0573  0.9949  0.2261  0.0878  0.0326  0.3002
  35  0.1139  0.0784  0.0121  0.0205  0.0151  0.0580  0.9952  0.2268  0.0888  0.0310  0.3023
  36  0.1119  0.0783  0.0108  0.0217  0.0125  0.0601  0.9942  0.2350  0.0894  0.0290  0.3040
  37  0.1075  0.0751  0.0116  0.0227  0.0145  0.0584  0.9984  0.2410  0.0910  0.0272  0.3092
  38  0.1028  0.0751  0.0091  0.0227  0.0180  0.0603  1.0014  0.2485  0.0898  0.0279  0.3093
  39  0.0991  0.0743  0.0093  0.0219  0.0196  0.0569  1.0028  0.2568  0.0881  0.0272  0.3116
  40  0.0972  0.0718  0.0086  0.0200  0.0216  0.0576  0.9996  0.2598  0.0864  0.0221  0.3179
  41  0.0904  0.0693  0.0120  0.0179  0.0208  0.0590  0.9975  0.2640  0.0857  0.0204  0.3350
  42  0.0872  0.0640  0.0120  0.0140  0.0237  0.0574  0.9994  0.2768  0.0843  0.0186  0.3469
  43  0.0780  0.0645  0.0105  0.0138  0.0229  0.0562  1.0009  0.2913  0.0778  0.0179  0.3637
  44  0.0759  0.0611  0.0106  0.0145  0.0240  0.0511  0.9959  0.3053  0.0730  0.0198  0.3770
  45  0.0676  0.0577  0.0067  0.0118  0.0244  0.0472  0.9970  0.3252  0.0718  0.0205  0.3869
  46  0.0603  0.0560  0.0087  0.0118  0.0208  0.0443  0.9994  0.3477  0.0690  0.0163  0.3983
  47  0.0559  0.0473  0.0067  0.0077  0.0208  0.0422  1.0024  0.3728  0.0686  0.0138  0.4198
  48  0.0539  0.0405  0.0062  0.0085  0.0212  0.0373  1.0013  0.3981  0.0630  0.0156  0.4445
  49  0.0476  0.0380  0.0076  0.0082  0.0178  0.0350  1.0016  0.4266  0.0626  0.0127  0.4626
  50  0.0406  0.0333  0.0084  0.0042  0.0165  0.0318  1.0037  0.4560  0.0577  0.0092  0.4900
  51  0.0376  0.0299  0.0069  0.0049  0.0115  0.0272  1.0026  0.4868  0.0544  0.0082  0.5199
  52  0.0343  0.0260  0.0064  0.0026  0.0086  0.0232  1.0014  0.5207  0.0544  0.0090  0.5522
  53  0.0352  0.0242  0.0020  0.0041  0.0097  0.0211  0.9991  0.5489  0.0517  0.0077  0.5806
  54  0.0339  0.0203  0.0035  0.0010  0.0104  0.0209  0.9970  0.5814  0.0462  0.0029  0.6110
  55  0.0291  0.0151  0.0015  0.0012  0.0090  0.0171  0.9988  0.6122  0.0450  0.0033  0.6484
  56  0.0273  0.0158 -0.0011  0.0037  0.0092  0.0192  0.9960  0.6402  0.0464  0.0019  0.6777
  57  0.0233  0.0170 -0.0031  0.0043  0.0108  0.0141  0.9970  0.6659  0.0425  0.0022  0.7061
  58  0.0196  0.0157 -0.0010  0.0034  0.0103  0.0136  0.9984  0.6920  0.0438  0.0054  0.7292
  59  0.0188  0.0128 -0.0030  0.0065  0.0125  0.0114  0.9980  0.7173  0.0409  0.0063  0.7472
  60  0.0185  0.0136 -0.0022  0.0063  0.0129  0.0106  0.9993  0.7407  0.0409  0.0034  0.7609
  61  0.0130  0.0088 -0.0007  0.0048  0.0107  0.0114  1.0004  0.7636  0.0373  0.0033  0.7764
  62  0.0132  0.0056  0.0066  0.0053  0.0091  0.0108  1.0036  0.7847  0.0360  0.0049  0.7944
  63  0.0113  0.0048  0.0083  0.0012  0.0085  0.0124  1.0038  0.8004  0.0350  0.0077  0.8066
  64  0.0063  0.0036  0.0062  0.0023  0.0048  0.0098  1.0051  0.8147  0.0357  0.0101  0.8078
  65  0.0028  0.0042  0.0091  0.0048  0.0032  0.0097  1.0046  0.8336  0.0350  0.0088  0.8086
  66  0.0032  0.0016  0.0088  0.0056  0.0014  0.0063  1.0051  0.8454  0.0364  0.0098  0.8046
  67  0.0037  0.0004  0.0074  0.0049 -0.0016  0.0111  1.0103  0.8643  0.0353  0.0121  0.7976
  68  0.0025 -0.0008  0.0077  0.0026 -0.0013  0.0158  1.0077  0.8785  0.0347  0.0119  0.7896
  69 -0.0005  0.0015  0.0055  0.0029 -0.0030  0.0187  1.0055  0.8895  0.0325  0.0160  0.7797
  70 -0.0005  0.0041  0.0038  0.0033 -0.0027  0.0160  1.0048  0.9025  0.0344  0.0166  0.7638
  71  0.0008  0.0056  0.0048  0.0019  0.0011  0.0140  1.0059  0.9121  0.0300  0.0144  0.7490
  72 -0.0001  0.0013  0.0029  0.0016 -0.0002  0.0104  1.0030  0.9224  0.0287  0.0125  0.7386
  73 -0.0007  0.0046 -0.0010  0.0003  0.0000  0.0126  1.0046  0.9316  0.0295  0.0127  0.7405
  74  0.0016  0.0049 -0.0034  0.0018 -0.0010  0.0119  1.0060  0.9393  0.0312  0.0104  0.7420
  75  0.0020  0.0054 -0.0030  0.0011 -0.0020  0.0141  1.0070  0.9439  0.0292  0.0120  0.7464
  76  0.0052  0.0060 -0.0007 -0.0002 -0.0051  0.0135  1.0071  0.9492  0.0280  0.0068  0.7511
  77  0.0010  0.0032  0.0002 -0.0007 -0.0043  0.0161  1.0050  0.9542  0.0264  0.0041  0.7672
  78 -0.0037  0.0036  0.0002 -0.0017 -0.0007  0.0136  1.0036  0.9552  0.0244  0.0029  0.7851
  79 -0.0037  0.0018 -0.0010  0.0008 -0.0035  0.0082  1.0047  0.9597  0.0235  0.0036  0.8046
  80 -0.0049  0.0011 -0.0011  0.0057 -0.0023  0.0056  1.0026  0.9611  0.0177  0.0035  0.8230
  81 -0.0053  0.0003 -0.0002  0.0040  0.0022  0.0082  1.0021  0.9668  0.0175  0.0015  0.8409
  82 -0.0047 -0.0014  0.0005  0.0041  0.0020  0.0050  1.0014  0.9686  0.0183  0.0032  0.8537
  83 -0.0066 -0.0001  0.0015  0.0044  0.0004  0.0056  1.0042  0.9717  0.0193  0.0006  0.8639
  84 -0.0032 -0.0018  0.0035  0.0041 -0.0025  0.0055  1.0046  0.9706  0.0218  0.0039  0.8743
  85 -0.0015 -0.0042  0.0022  0.0016 -0.0050  0.0073  1.0087  0.9700  0.0199  0.0038  0.8787
  86 -0.0009 -0.0050  0.0028  0.0020 -0.0045  0.0058  1.0062  0.9698  0.0177  0.0019  0.8834
  87  0.0006 -0.0033  0.0007  0.0016 -0.0045  0.0082  1.0080  0.9739  0.0187  0.0023  0.8909
  88  0.0007 -0.0031 -0.0018 -0.0011 -0.0066  0.0079  1.0079  0.9744  0.0202 -0.0020  0.9000
  89  0.0011 -0.0056 -0.0028 -0.0022 -0.0091  0.0089  1.0056  0.9766  0.0230 -0.0024  0.9073
  90  0.0046 -0.0051 -0.0028 -0.0048 -0.0114  0.0093  1.0074  0.9771  0.0187 -0.0025  0.9134
  91  0.0020 -0.0054 -0.0004 -0.0077 -0.0065  0.0105  1.0063  0.9797  0.0170  0.0004  0.9183
  92  0.0050 -0.0015  0.0030 -0.0073 -0.0070  0.0079  1.0079  0.9779  0.0169  0.0032  0.9256
  93  0.0051  0.0022  0.0068 -0.0086 -0.0068  0.0102  1.0043  0.9814  0.0135  0.0004  0.9318
  94  0.0052 -0.0006  0.0058 -0.0045 -0.0070  0.0053  1.0025  0.9813  0.0134 -0.0026  0.9370
  95  0.0042  0.0002  0.0072 -0.0050 -0.0101  0.0032  1.0038  0.9829  0.0177  0.0006  0.9443
  96  0.0024  0.0013  0.0091 -0.0008 -0.0089  0.0003  1.0008  0.9826  0.0151 -0.0038  0.9442
  97  0.0012 -0.0011  0.0053 -0.0061 -0.0106  0.0009  0.9991  0.9854  0.0149  0.0006  0.9478
  98  0.0022 -0.0010  0.0060 -0.0042 -0.0127  0.0023  1.0014  0.9890  0.0154  0.0003  0.9486
  99  0.0033  0.0032  0.0040 -0.0031 -0.0119  0.0004  0.9987  0.9889  0.0156 -0.0011  0.9525
 100  0.0023 -0.0027  0.0029 -0.0007 -0.0116 -0.0026  1.0012  0.9852  0.0159 -0.0014  0.9535
 101  0.0027 -0.0000  0.0036 -0.0027 -0.0106 -0.0078  0.9987  0.9869  0.0171  0.0030  0.9539
 102  0.0008 -0.0027  0.0037 -0.0004 -0.0100 -0.0078  0.9985  0.9901  0.0160  0.0060  0.9529
 103 -0.0026  0.0011  0.0016  0.0010 -0.0119 -0.0069  0.9980  0.9941  0.0153  0.0049  0.9488
 104 -0.0012 -0.0013  0.0035 -0.0018 -0.0082 -0.0073  1.0018  0.9951  0.0127  0.0066  0.9437
 105 -0.0001 -0.0029 -0.0022 -0.0005 -0.0088 -0.0061  1.0045  1.0013  0.0126  0.0068  0.9390
 106 -0.0005 -0.0029 -0.0015 -0.0021 -0.0020 -0.0053  1.0031  1.0043  0.0121  0.0048  0.9408
 107 -0.0001 -0.0032 -0.0045 -0.0034 -0.0059 -0.0010  1.0030  1.0059  0.0144  0.0064  0.9382
 108  0.0008 -0.0064 -0.0051  0.0002 -0.0039 -0.0027  1.0035  1.0069  0.0170  0.0070  0.9401
 109  0.0011 -0.0053 -0.0076 -0.0040 -0.0067 -0.0010  1.0009  1.0050  0.0176  0.0049  0.9361
 110  0.0005 -0.0041 -0.0079 -0.0054 -0.0024 -0.0012  0.9983  1.0049  0.0155  0.0048  0.9308
 111  0.0025 -0.0045 -0.0058 -0.0003 -0.0023  0.0008  0.9989  1.0035  0.0168  0.0065  0.9297
 112  0.0039 -0.0049 -0.0039  0.0017 -0.0024 -0.0006  1.0005  1.0012  0.0203  0.0063  0.9272
 113  0.0025 -0.0039 -0.0037  0.0017  0.0005 -0.0016  1.0030  1.0010  0.0214  0.0026  0.9277
 114  0.0026 -0.0011 -0.0020 -0.0001 -0.0009  0.0006  1.0034  1.0029  0.0185  0.0016  0.9330
 115  0.0025 -0.0014 -0.0027  0.0038 -0.0059  0.0023  1.0044  1.0045  0.0180 -0.0011  0.9372
 116  0.0036 -0.0030 -0.0039  0.0036 -0.0034  0.0043  1.0061  1.0059  0.0196 -0.0010  0.9391
 117  0.0020 -0.0050 -0.0001  0.0008 -0.0003  0.0051  1.0069  1.0053  0.0214 -0.0023  0.9428
 118 -0.0009 -0.0060 -0.0012 -0.0008 -0.0035  0.0018  1.0016  1.0053  0.0189 -0.0038  0.9454
 119 -0.0027 -0.0043 -0.0039 -0.0005 -0.0012 -0.0004  1.0024  1.0051  0.0187 -0.0066  0.9385
 120 -0.0076 -0.0061 -0.0017  0.0010 -0.0025 -0.0040  1.0037  1.0047  0.0152 -0.0101  0.9282
 121 -0.0045 -0.0071 -0.0040  0.0027  0.0007 -0.0007  1.0019  1.0027  0.0137 -0.0044  0.9213
 122 -0.0009 -0.0063 -0.0030  0.0045 -0.0018 -0.0034  1.0000  1.0043  0.0112 -0.0054  0.9229
 123 -0.0012 -0.0020 -0.0047  0.0058  0.0034 -0.0022  0.9987  1.0073  0.0108 -0.0068  0.9221
 124 -0.0020 -0.0001 -0.0005  0.0066  0.0032 -0.0017  0.9950  1.0050  0.0139 -0.0076  0.9171
 125 -0.0011  0.0025 -0.0025  0.0078  0.0026  0.0001  0.9960  1.0046  0.0130 -0.0050  0.9146
 126  0.0002  0.0037 -0.0012  0.0060  0.0019  0.0017  0.9949  1.0035  0.0143 -0.0029  0.9211
 127  0.0020  0.0020  0.0012  0.0060  0.0051  0.0002  0.9968  1.0069  0.0160 -0.0005  0.9242
 128  0.0013  0.0027 -0.0015  0.0079  0.0049 -0.0002  0.9970  1.0071  0.0134 -0.0013  0.9320
 129  0.0015  0.0004 -0.0021  0.0063  0.0056 -0.0010  0.9891  1.0057  0.0140 -0.0041  0.9355
 130  0.0012  0.0022  0.0011  0.0049  0.0049  0.0028  0.9867  1.0053  0.0124 -0.0062  0.9390
 131  0.0047  0.0008  0.0018  0.0023  0.0074  0.0009  0.9872  1.0044  0.0129 -0.0075  0.9328
 132  0.0074  0.0018  0.0031  0.0057  0.0053 -0.0008  0.9918  1.0057  0.0120 -0.0091  0.9202
 133  0.0056  0.0000  0.0032  0.0097  0.0063 -0.0023  0.9920  1.0069  0.0131 -0.0070  0.9185
 134  0.0052 -0.0024  0.0054  0.0089  0.0041 -0.0052  0.9908  1.0036  0.0134 -0.0049  0.9201
 135  0.0027 -0.0020  0.0029  0.0070  0.0047 -0.0081  0.9930  1.0030  0.0160 -0.0053  0.9198
 136 -0.0013 -0.0024  0.0005  0.0055  0.0013 -0.0073  0.9934  1.0017  0.0138 -0.0042  0.9239
 137  0.0005 -0.0051  0.0008  0.0045  0.0029 -0.0086  0.9930  1.0007  0.0132 -0.0041  0.9227
 138  0.0001 -0.0043  0.0011  0.0069  0.0055 -0.0114  0.9951  1.0028  0.0115 -0.0066  0.9241
 139 -0.0020 -0.0058 -0.0005  0.0080  0.0033 -0.0075  0.9923  1.0025  0.0133 -0.0063  0.9279
 140 -0.0035 -0.0067  0.0002  0.0075 -0.0006 -0.0072  0.9928  1.0047  0.0129 -0.0047  0.9239
 141 -0.0032 -0.0115  0.0041  0.0063  0.0040 -0.0057  0.9910  1.0051  0.0147 -0.0018  0.9328
 142 -0.0037 -0.0109  0.0021  0.0035  0.0034 -0.0028  0.9917  1.0024  0.0165 -0.0010  0.9366
 143 -0.0050 -0.0129  0.0034  0.0020  0.0043 -0.0017  0.9908  1.0000  0.0136 -0.0017  0.9367
 144 -0.0033 -0.0159  0.0009  0.0017  0.0040 -0.0008  0.9943  0.9977  0.0133  0.0015  0.9444
 145 -0.0019 -0.0154 -0.0015  0.0018  0.0013 -0.0023  0.9943  0.9940  0.0157 -0.0055  0.9499
 146 -0.0037 -0.0157  0.0029 -0.0013  0.0021  0.0005  0.9966  0.9928  0.0126 -0.0024  0.9447
 147 -0.0027 -0.0117  0.0012  0.0016 -0.0023  0.0011  1.0010  0.9942  0.0112 -0.0070  0.9496
 148 -0.0032 -0.0084  0.0027  0.0006  0.0002 -0.0011  1.0018  0.9925  0.0132 -0.0075  0.9394
 149 -0.0006 -0.0055  0.0005  0.0035 -0.0016 -0.0023  1.0002  0.9933  0.0125 -0.0061  0.9406
 150 -0.0032 -0.0068 -0.0003  0.0032 -0.0027 -0.0009  0.9976  0.9957  0.0166 -0.0071  0.9401
 151  0.0006 -0.0052  0.0002  0.0033 -0.0028 -0.0014  1.0008  0.9931  0.0159 -0.0076  0.9378
 152 -0.0018 -0.0073  0.0030  0.0031 -0.0051 -0.0013  1.0011  0.9918  0.0159 -0.0101  0.9322
 153 -0.0033 -0.0044  0.0032  0.0054 -0.0049 -0.0033  0.9984  0.9912  0.0177 -0.0086  0.9231
 154 -0.0000 -0.0028  0.0066  0.0052 -0.0041 -0.0019  0.9991  0.9912  0.0159 -0.0067  0.9166
 155 -0.0011 -0.0022  0.0016  0.0031 -0.0054 -0.0005  0.9982  0.9921  0.0111 -0.0076  0.9112
 156  0.0025 -0.0033  0.0012  0.0046 -0.0067  0.0018  1.0000  0.9948  0.0125 -0.0071  0.9105
 157  0.0031 -0.0033  0.0004  0.0056 -0.0070 -0.0003  1.0015  0.9976  0.0130 -0.0046  0.9067
 158  0.0069 -0.0017 -0.0007  0.0080 -0.0039  0.0003  0.9997  0.9968  0.0113 -0.0020  0.9110
 159  0.0051  0.0007 -0.0007  0.0051 -0.0032  0.0005  1.0000  0.9967  0.0068 -0.0033  0.9175
