# model = krumsiek11.txt 
# tmax = 160
# branching = True
# nrRealizations = 10
# noiseObs = 0.0001
# noiseDyn = 0.001
# seed = 0
# it   Gata2   Gata1    Fog1    EKLF    Fli1     SCL   Cebpa    Pu.1    cJun  EgrNab    Gfi1 
   0  0.8033 -0.0005  0.0000  0.0005  0.0014  0.0013  0.7997  0.8017  0.0006  0.0010  0.0002
   1  0.7239  0.0015 -0.0003 -0.0010  0.0011  0.0021  0.8195  0.7255  0.0785  0.0077  0.0940
   2  0.6579  0.0014 -0.0010 -0.0028  0.0024  0.0009  0.8358  0.6623  0.1104  0.0239  0.1497
   3  0.5972  0.0038 -0.0009 -0.0065  0.0007 -0.0036  0.8534  0.5992  0.1270  0.0313  0.1703
   4  0.5394  0.0071 -0.0030 -0.0064  0.0011 -0.0070  0.8656  0.5470  0.1385  0.0379  0.1752
   5  0.4896  0.0109 -0.0022 -0.0060  0.0013 -0.0034  0.8759  0.4997  0.1496  0.0458  0.1746
   6  0.4450  0.0153 -0.0020 -0.0090  0.0003 -0.0055  0.8854  0.4515  0.1570  0.0488  0.1728
   7  0.4079  0.0132 -0.0012 -0.0124 -0.0023 -0.0077  0.8987  0.4096  0.1667  0.0558  0.1660
   8  0.3719  0.0155  0.0022 -0.0106 -0.0009 -0.0068  0.9062  0.3743  0.1731  0.0631  0.1621
   9  0.3424  0.0175  0.0027 -0.0083 -0.0045 -0.0017  0.9134  0.3430  0.1782  0.0698  0.1565
  10  0.3140  0.0179 -0.0002 -0.0100 -0.0042 -0.0039  0.9192  0.3177  0.1890  0.0787  0.1471
  11  0.2902  0.0216 -0.0007 -0.0071 -0.0034 -0.0017  0.9282  0.2934  0.1989  0.0842  0.1370
  12  0.2674  0.0254 -0.0021 -0.0074 -0.0028 -0.0012  0.9372  0.2748  0.2105  0.0942  0.1300
  13  0.2518  0.0282 -0.0011 -0.0028 -0.0037 -0.0022  0.9425  0.2600  0.2211  0.1020  0.1192
  14  0.2351  0.0372  0.0008 -0.0018 -0.0019 -0.0001  0.9491  0.2437  0.2334  0.1116  0.1089
  15  0.2210  0.0414  0.0008 -0.0028  0.0020  0.0024  0.9501  0.2353  0.2473  0.1217  0.1019
  16  0.2077  0.0422  0.0004 -0.0016  0.0048  0.0059  0.9528  0.2248  0.2643  0.1389  0.0916
  17  0.1986  0.0465 -0.0005  0.0012  0.0022  0.0081  0.9553  0.2187  0.2867  0.1573  0.0847
  18  0.1914  0.0530  0.0020  0.0036  0.0023  0.0143  0.9574  0.2116  0.3104  0.1756  0.0762
  19  0.1816  0.0615  0.0038  0.0063  0.0017  0.0181  0.9579  0.2035  0.3332  0.2000  0.0723
  20  0.1732  0.0668  0.0068  0.0067  0.0053  0.0218  0.9585  0.2051  0.3505  0.2228  0.0671
  21  0.1721  0.0717  0.0052  0.0112  0.0066  0.0260  0.9585  0.2025  0.3741  0.2432  0.0567
  22  0.1640  0.0762  0.0083  0.0178  0.0095  0.0288  0.9655  0.1982  0.3969  0.2725  0.0490
  23  0.1556  0.0828  0.0090  0.0152  0.0126  0.0376  0.9662  0.1976  0.4209  0.2965  0.0461
  24  0.1515  0.0832  0.0117  0.0170  0.0100  0.0383  0.9725  0.1937  0.4449  0.3236  0.0396
  25  0.1474  0.0821  0.0122  0.0172  0.0150  0.0430  0.9757  0.1897  0.4697  0.3503  0.0348
  26  0.1480  0.0843  0.0136  0.0185  0.0133  0.0468  0.9751  0.1899  0.4953  0.3773  0.0296
  27  0.1440  0.0871  0.0100  0.0183  0.0152  0.0545  0.9733  0.1893  0.5165  0.4036  0.0263
  28  0.1463  0.0891  0.0093  0.0231  0.0155  0.0552  0.9761  0.1906  0.5318  0.4324  0.0202
  29  0.1416  0.0918  0.0085  0.0255  0.0193  0.0592  0.9797  0.1887  0.5533  0.4583  0.0196
  30  0.1417  0.0919  0.0069  0.0274  0.0219  0.0628  0.9854  0.1888  0.5678  0.4825  0.0225
  31  0.1384  0.0953  0.0073  0.0305  0.0209  0.0687  0.9869  0.1904  0.5857  0.5026  0.0212
  32  0.1385  0.0992  0.0074  0.0265  0.0266  0.0729  0.9878  0.1918  0.6031  0.5224  0.0199
  33  0.1338  0.1010  0.0060  0.0237  0.0242  0.0750  0.9896  0.1884  0.6188  0.5403  0.0179
  34  0.1319  0.1008  0.0045  0.0278  0.0267  0.0793  0.9924  0.1891  0.6339  0.5545  0.0174
  35  0.1296  0.1037  0.0073  0.0301  0.0265  0.0819  0.9967  0.1857  0.6451  0.5754  0.0170
  36  0.1284  0.1001  0.0063  0.0298  0.0292  0.0867  0.9950  0.1841  0.6546  0.5918  0.0111
  37  0.1247  0.1017  0.0112  0.0354  0.0265  0.0901  0.9948  0.1888  0.6651  0.6067  0.0116
  38  0.1231  0.1057  0.0078  0.0354  0.0299  0.0973  0.9889  0.1860  0.6759  0.6209  0.0119
  39  0.1185  0.1040  0.0088  0.0358  0.0304  0.0996  0.9890  0.1861  0.6812  0.6300  0.0093
  40  0.1191  0.1036  0.0092  0.0325  0.0305  0.1016  0.9880  0.1853  0.6914  0.6416  0.0084
  41  0.1197  0.1036  0.0050  0.0333  0.0307  0.1002  0.9873  0.1870  0.7005  0.6514  0.0069
  42  0.1172  0.1055  0.0055  0.0340  0.0302  0.1040  0.9878  0.1889  0.7092  0.6589  0.0077
  43  0.1156  0.1066  0.0084  0.0350  0.0303  0.1033  0.9882  0.1907  0.7144  0.6706  0.0065
  44  0.1158  0.1096  0.0085  0.0339  0.0321  0.1076  0.9903  0.1887  0.7201  0.6802  0.0046
  45  0.1141  0.1095  0.0117  0.0361  0.0362  0.1087  0.9904  0.1885  0.7224  0.6883  0.0035
  46  0.1185  0.1080  0.0096  0.0350  0.0363  0.1056  0.9887  0.1909  0.7316  0.6989  0.0053
  47  0.1173  0.1045  0.0100  0.0369  0.0371  0.1060  0.9890  0.1883  0.7347  0.7055  0.0022
  48  0.1137  0.1024  0.0112  0.0407  0.0331  0.1093  0.9908  0.1904  0.7427  0.7131 -0.0011
  49  0.1122  0.1003  0.0074  0.0365  0.0364  0.1054  0.9904  0.1946  0.7472  0.7214 -0.0014
  50  0.1082  0.1032  0.0070  0.0345  0.0347  0.1053  0.9900  0.1983  0.7511  0.7302 -0.0022
  51  0.1103  0.1026  0.0078  0.0363  0.0340  0.1066  0.9895  0.1997  0.7534  0.7336 -0.0018
  52  0.1047  0.1011  0.0098  0.0364  0.0326  0.1057  0.9923  0.1992  0.7573  0.7389 -0.0002
  53  0.1025  0.0992  0.0092  0.0366  0.0337  0.1077  0.9940  0.2040  0.7612  0.7455 -0.0039
  54  0.1005  0.0927  0.0114  0.0322  0.0337  0.1090  0.9902  0.2098  0.7634  0.7517 -0.0053
  55  0.0998  0.0923  0.0114  0.0341  0.0348  0.1072  0.9903  0.2148  0.7698  0.7553 -0.0022
  56  0.0951  0.0846  0.0113  0.0332  0.0301  0.1032  0.9876  0.2235  0.7737  0.7625  0.0028
  57  0.0924  0.0829  0.0074  0.0316  0.0261  0.1015  0.9869  0.2298  0.7837  0.7650  0.0008
  58  0.0835  0.0783  0.0060  0.0318  0.0254  0.0989  0.9900  0.2409  0.7927  0.7705  0.0026
  59  0.0813  0.0749  0.0031  0.0286  0.0256  0.0923  0.9896  0.2546  0.7999  0.7776 -0.0018
  60  0.0769  0.0739  0.0021  0.0277  0.0233  0.0904  0.9858  0.2698  0.8081  0.7834 -0.0024
  61  0.0721  0.0679  0.0029  0.0277  0.0215  0.0857  0.9875  0.2841  0.8175  0.7923  0.0003
  62  0.0674  0.0626  0.0037  0.0277  0.0194  0.0810  0.9897  0.3010  0.8278  0.8008 -0.0022
  63  0.0631  0.0581  0.0019  0.0274  0.0149  0.0738  0.9928  0.3202  0.8357  0.8083  0.0000
  64  0.0612  0.0532  0.0056  0.0295  0.0131  0.0708  0.9939  0.3415  0.8407  0.8187 -0.0032
  65  0.0579  0.0485  0.0052  0.0272  0.0107  0.0616  0.9972  0.3644  0.8514  0.8257 -0.0041
  66  0.0536  0.0451  0.0049  0.0238  0.0133  0.0565  0.9986  0.3888  0.8544  0.8366  0.0007
  67  0.0477  0.0399  0.0043  0.0218  0.0115  0.0500  0.9957  0.4159  0.8616  0.8433  0.0028
  68  0.0469  0.0365  0.0037  0.0231  0.0098  0.0486  0.9952  0.4457  0.8703  0.8509  0.0006
  69  0.0389  0.0306  0.0076  0.0225  0.0102  0.0460  0.9950  0.4745  0.8801  0.8616 -0.0009
  70  0.0381  0.0284  0.0056  0.0212  0.0077  0.0401  0.9959  0.5080  0.8884  0.8711 -0.0010
  71  0.0350  0.0259  0.0073  0.0154  0.0069  0.0378  0.9960  0.5372  0.8909  0.8803 -0.0035
  72  0.0321  0.0208  0.0082  0.0151  0.0080  0.0345  0.9987  0.5652  0.8929  0.8878 -0.0034
  73  0.0293  0.0188  0.0040  0.0176  0.0085  0.0327  1.0025  0.5955  0.9016  0.8970 -0.0010
  74  0.0238  0.0157  0.0021  0.0166  0.0050  0.0304  1.0039  0.6246  0.9093  0.9031  0.0003
  75  0.0221  0.0090 -0.0012  0.0165  0.0033  0.0273  1.0071  0.6518  0.9159  0.9112  0.0013
  76  0.0212  0.0079  0.0002  0.0160  0.0044  0.0248  1.0038  0.6807  0.9248  0.9181 -0.0004
  77  0.0172  0.0098 -0.0038  0.0133  0.0039  0.0226  1.0019  0.7107  0.9312  0.9203  0.0011
  78  0.0169  0.0090 -0.0027  0.0158  0.0004  0.0221  1.0008  0.7343  0.9365  0.9253 -0.0025
  79  0.0168  0.0095 -0.0008  0.0105  0.0012  0.0207  1.0023  0.7559  0.9429  0.9312  0.0006
  80  0.0184  0.0099 -0.0003  0.0100 -0.0014  0.0188  0.9998  0.7761  0.9459  0.9360  0.0030
  81  0.0154  0.0113  0.0028  0.0073 -0.0037  0.0173  0.9994  0.7938  0.9499  0.9424 -0.0010
  82  0.0127  0.0088  0.0025  0.0053  0.0002  0.0156  1.0001  0.8089  0.9504  0.9474 -0.0000
  83  0.0134  0.0110  0.0041  0.0088 -0.0017  0.0131  0.9982  0.8266  0.9490  0.9501 -0.0007
  84  0.0126  0.0124  0.0073  0.0101 -0.0060  0.0118  0.9962  0.8391  0.9514  0.9545 -0.0024
  85  0.0107  0.0062  0.0097  0.0117 -0.0064  0.0125  0.9985  0.8515  0.9561  0.9537 -0.0039
  86  0.0060  0.0063  0.0084  0.0098 -0.0053  0.0136  0.9970  0.8691  0.9585  0.9517 -0.0022
  87  0.0020  0.0084  0.0083  0.0061 -0.0021  0.0124  0.9971  0.8816  0.9621  0.9577 -0.0048
  88  0.0021  0.0108  0.0068  0.0045 -0.0021  0.0108  0.9976  0.8924  0.9619  0.9592 -0.0027
  89 -0.0007  0.0139  0.0068  0.0038  0.0008  0.0110  0.9977  0.9007  0.9620  0.9636 -0.0036
  90 -0.0030  0.0167  0.0068  0.0061  0.0023  0.0131  0.9992  0.9088  0.9677  0.9674 -0.0059
  91  0.0008  0.0135  0.0063  0.0065  0.0012  0.0108  1.0005  0.9129  0.9681  0.9715 -0.0039
  92  0.0012  0.0093  0.0072  0.0063  0.0039  0.0073  0.9997  0.9201  0.9721  0.9695 -0.0060
  93 -0.0031  0.0145  0.0078  0.0072  0.0060  0.0030  1.0008  0.9251  0.9705  0.9735 -0.0062
  94 -0.0020  0.0117  0.0036  0.0054  0.0057  0.0039  0.9996  0.9348  0.9716  0.9734 -0.0107
  95 -0.0034  0.0079  0.0037  0.0037  0.0017  0.0005  1.0055  0.9464  0.9710  0.9709 -0.0066
  96 -0.0008  0.0108  0.0062  0.0023  0.0004  0.0005  1.0030  0.9457  0.9737  0.9695 -0.0084
  97 -0.0026  0.0109  0.0094  0.0052 -0.0022 -0.0026  1.0027  0.9528  0.9753  0.9694 -0.0087
  98 -0.0054  0.0131  0.0116  0.0053 -0.0019 -0.0027  1.0037  0.9569  0.9781  0.9703 -0.0043
  99 -0.0067  0.0112  0.0092 -0.0005 -0.0010 -0.0036  1.0003  0.9569  0.9794  0.9688 -0.0049
 100 -0.0075  0.0141  0.0064 -0.0011 -0.0046 -0.0024  0.9978  0.9607  0.9802  0.9699 -0.0050
 101 -0.0060  0.0136  0.0036  0.0012 -0.0036 -0.0012  0.9978  0.9640  0.9810  0.9702 -0.0066
 102 -0.0060  0.0165  0.0024  0.0017 -0.0053  0.0004  0.9958  0.9642  0.9794  0.9753 -0.0070
 103 -0.0045  0.0183  0.0014  0.0039 -0.0032  0.0003  0.9965  0.9577  0.9802  0.9744 -0.0066
 104 -0.0042  0.0163  0.0024  0.0038  0.0009 -0.0004  0.9944  0.9593  0.9805  0.9748 -0.0044
 105 -0.0045  0.0146  0.0029  0.0044  0.0016  0.0001  0.9941  0.9609  0.9830  0.9732 -0.0004
 106 -0.0047  0.0133  0.0036 -0.0019  0.0018  0.0048  0.9941  0.9631  0.9852  0.9728  0.0011
 107  0.0003  0.0102  0.0027 -0.0029  0.0061  0.0067  0.9960  0.9661  0.9824  0.9749 -0.0020
 108  0.0015  0.0111  0.0001 -0.0078  0.0082  0.0064  0.9959  0.9715  0.9836  0.9735 -0.0044
 109  0.0026  0.0106 -0.0024 -0.0084  0.0083  0.0026  0.9942  0.9753  0.9868  0.9731 -0.0020
 110  0.0027  0.0093 -0.0020 -0.0050  0.0070  0.0047  0.9943  0.9794  0.9826  0.9674 -0.0007
 111  0.0042  0.0063  0.0021 -0.0054  0.0056  0.0058  0.9932  0.9830  0.9873  0.9666  0.0006
 112  0.0039  0.0067  0.0010 -0.0044  0.0045  0.0026  0.9922  0.9871  0.9890  0.9645  0.0001
 113  0.0026  0.0095 -0.0010 -0.0030  0.0057  0.0042  0.9923  0.9835  0.9896  0.9659 -0.0010
 114  0.0019  0.0048 -0.0007 -0.0084  0.0066  0.0036  0.9946  0.9885  0.9904  0.9747  0.0027
 115  0.0029  0.0039 -0.0000 -0.0086  0.0039  0.0015  0.9909  0.9901  0.9883  0.9756  0.0049
 116  0.0039  0.0006  0.0005 -0.0096 -0.0003  0.0013  0.9954  0.9903  0.9889  0.9734  0.0042
 117  0.0051 -0.0023 -0.0002 -0.0072  0.0023  0.0027  0.9924  0.9893  0.9933  0.9762  0.0071
 118  0.0013 -0.0035 -0.0023 -0.0030 -0.0015  0.0026  0.9942  0.9892  0.9907  0.9753  0.0052
 119  0.0038 -0.0062 -0.0019 -0.0054  0.0018 -0.0013  0.9923  0.9933  0.9899  0.9769  0.0043
 120  0.0064 -0.0024 -0.0016 -0.0034  0.0042 -0.0024  0.9944  0.9919  0.9902  0.9737  0.0037
 121  0.0058 -0.0049 -0.0014 -0.0040  0.0066 -0.0002  0.9960  0.9916  0.9903  0.9756  0.0085
 122  0.0018 -0.0063  0.0012 -0.0059  0.0092  0.0018  0.9962  0.9892  0.9865  0.9750  0.0094
 123  0.0022 -0.0091  0.0018 -0.0062  0.0067  0.0020  0.9979  0.9905  0.9829  0.9705  0.0089
 124  0.0017 -0.0062  0.0016 -0.0047  0.0063  0.0019  0.9973  0.9918  0.9846  0.9693  0.0122
 125 -0.0005 -0.0015  0.0002 -0.0034  0.0058  0.0037  0.9995  0.9917  0.9850  0.9668  0.0124
 126 -0.0015 -0.0014 -0.0024 -0.0053  0.0071  0.0030  1.0001  0.9945  0.9850  0.9632  0.0119
 127 -0.0015 -0.0042 -0.0008 -0.0038  0.0051 -0.0014  0.9970  0.9967  0.9819  0.9612  0.0096
 128 -0.0002 -0.0043 -0.0002 -0.0036  0.0080 -0.0023  1.0002  0.9934  0.9817  0.9588  0.0121
 129  0.0028 -0.0076 -0.0033 -0.0041  0.0076  0.0012  0.9986  0.9908  0.9844  0.9580  0.0107
 130  0.0021 -0.0080 -0.0031 -0.0035  0.0093  0.0041  0.9991  0.9892  0.9822  0.9600  0.0082
 131  0.0005 -0.0051 -0.0024 -0.0013  0.0088  0.0007  0.9975  0.9897  0.9810  0.9605  0.0097
 132 -0.0003 -0.0045 -0.0009  0.0030  0.0076  0.0014  1.0003  0.9884  0.9795  0.9588  0.0091
 133  0.0022 -0.0037  0.0015  0.0042  0.0068  0.0015  1.0027  0.9882  0.9801  0.9605  0.0037
 134  0.0016 -0.0067  0.0021  0.0036  0.0055  0.0016  1.0036  0.9892  0.9824  0.9662  0.0010
 135 -0.0008 -0.0055 -0.0049  0.0039  0.0080  0.0024  1.0025  0.9888  0.9849  0.9645  0.0025
 136 -0.0022 -0.0029 -0.0051  0.0036  0.0067 -0.0005  1.0001  0.9929  0.9849  0.9666 -0.0009
 137 -0.0031 -0.0021 -0.0022  0.0036  0.0071 -0.0018  0.9958  0.9910  0.9842  0.9664 -0.0010
 138 -0.0030 -0.0011 -0.0075  0.0039  0.0057  0.0010  0.9940  0.9920  0.9846  0.9643  0.0026
 139  0.0021 -0.0001 -0.0062  0.0020  0.0072  0.0049  0.9942  0.9920  0.9844  0.9642  0.0070
 140  0.0022 -0.0039 -0.0020 -0.0010  0.0116  0.0032  0.9939  0.9943  0.9869  0.9642  0.0057
 141 -0.0003 -0.0077 -0.0024 -0.0017  0.0093  0.0012  0.9973  0.9974  0.9833  0.9690  0.0046
 142 -0.0001 -0.0077 -0.0001 -0.0039  0.0069  0.0034  0.9981  0.9993  0.9822  0.9674  0.0078
 143 -0.0030 -0.0126  0.0015 -0.0014  0.0051  0.0054  0.9955  0.9992  0.9795  0.9677  0.0067
 144 -0.0033 -0.0109  0.0001 -0.0016  0.0032  0.0000  1.0001  0.9959  0.9807  0.9681  0.0036
 145 -0.0022 -0.0104  0.0045 -0.0016  0.0015  0.0004  0.9981  0.9939  0.9825  0.9633  0.0002
 146  0.0018 -0.0054  0.0047 -0.0005 -0.0003  0.0021  0.9961  0.9961  0.9850  0.9651 -0.0029
 147 -0.0026 -0.0046  0.0051  0.0000 -0.0024 -0.0010  0.9986  0.9947  0.9830  0.9668 -0.0070
 148 -0.0018 -0.0046  0.0046  0.0043 -0.0028 -0.0019  0.9983  0.9936  0.9876  0.9661 -0.0017
 149  0.0002 -0.0061  0.0020  0.0068 -0.0004 -0.0002  1.0016  0.9923  0.9882  0.9700  0.0008
 150  0.0028 -0.0085  0.0001  0.0053 -0.0013  0.0010  1.0009  0.9946  0.9869  0.9724  0.0020
 151  0.0062 -0.0109 -0.0006  0.0063 -0.0019 -0.0003  1.0001  0.9933  0.9869  0.9713 -0.0032
 152  0.0038 -0.0131 -0.0037  0.0021 -0.0009 -0.0039  0.9986  0.9929  0.9904  0.9704 -0.0045
 153  0.0051 -0.0116 -0.0064  0.0016 -0.0044 -0.0043  0.9955  0.9956  0.9873  0.9670 -0.0025
 154  0.0064 -0.0116 -0.0049  0.0019  0.0039 -0.0027  0.9966  0.9937  0.9886  0.9640 -0.0017
 155  0.0055 -0.0098 -0.0060  0.0016  0.0029 -0.0063  0.9972  0.9937  0.9855  0.9656  0.0009
 156  0.0054 -0.0098 -0.0013 -0.0004  0.0002 -0.0079  0.9961  0.9956  0.9836  0.9654  0.0028
 157  0.0047 -0.0100 -0.0011 -0.0038  0.0043 -0.0106  0.9997  0.9948  0.9820  0.9645  0.0019
 158  0.0021 -0.0091  0.0008 -0.0046  0.0035 -0.0065  1.0021  0.9949  0.9839  0.9719 -0.0001
 159  0.0045 -0.0073  0.0018 -0.0037  0.0021 -0.0089  1.0048  0.9933  0.9892  0.9727  0.0001
   0  0.8009 -0.0023  0.0006  0.0013  0.0010  0.0008  0.8005  0.8023  0.0012 -0.0002  0.0001
   1  0.7284  0.0041 -0.0004  0.0007 -0.0033 -0.0025  0.8189  0.7276  0.0837  0.0092  0.0928
   2  0.6617  0.0037 -0.0021 -0.0000 -0.0009  0.0021  0.8404  0.6611  0.1178  0.0241  0.1439
   3  0.6001  0.0100 -0.0041  0.0001  0.0015 -0.0002  0.8545  0.6028  0.1349  0.0346  0.1621
   4  0.5441  0.0098 -0.0028 -0.0016  0.0025  0.0043  0.8694  0.5464  0.1468  0.0410  0.1701
   5  0.4970  0.0112 -0.0015 -0.0016  0.0002  0.0052  0.8819  0.4957  0.1595  0.0418  0.1744
   6  0.4501  0.0146 -0.0003 -0.0065 -0.0011  0.0038  0.8941  0.4549  0.1673  0.0488  0.1764
   7  0.4115  0.0179 -0.0019 -0.0025 -0.0016  0.0057  0.9044  0.4149  0.1742  0.0537  0.1725
   8  0.3720  0.0201 -0.0040 -0.0023  0.0002  0.0040  0.9130  0.3748  0.1810  0.0594  0.1685
   9  0.3396  0.0205 -0.0037 -0.0022  0.0015  0.0070  0.9220  0.3442  0.1849  0.0629  0.1611
  10  0.3156  0.0245 -0.0036 -0.0039 -0.0004  0.0090  0.9313  0.3184  0.1963  0.0672  0.1512
  11  0.2926  0.0313 -0.0008 -0.0015  0.0040  0.0071  0.9339  0.2919  0.2058  0.0780  0.1387
  12  0.2705  0.0355 -0.0049 -0.0009  0.0034  0.0059  0.9413  0.2738  0.2161  0.0845  0.1294
  13  0.2522  0.0378 -0.0032  0.0023  0.0022  0.0074  0.9490  0.2529  0.2296  0.0946  0.1179
  14  0.2363  0.0405 -0.0026  0.0034  0.0011  0.0087  0.9546  0.2395  0.2437  0.1074  0.1091
  15  0.2234  0.0442 -0.0041  0.0056  0.0021  0.0096  0.9583  0.2288  0.2601  0.1219  0.0991
  16  0.2125  0.0474 -0.0038  0.0069  0.0020  0.0087  0.9622  0.2220  0.2745  0.1386  0.0928
  17  0.2047  0.0500 -0.0026  0.0067  0.0056  0.0106  0.9699  0.2114  0.2938  0.1580  0.0829
  18  0.1977  0.0518 -0.0033  0.0080  0.0027  0.0132  0.9740  0.2057  0.3170  0.1785  0.0740
  19  0.1868  0.0595 -0.0053  0.0069  0.0041  0.0163  0.9830  0.2019  0.3435  0.2011  0.0645
  20  0.1832  0.0644 -0.0092  0.0061  0.0048  0.0177  0.9855  0.1986  0.3687  0.2211  0.0587
  21  0.1768  0.0707 -0.0080  0.0079  0.0065  0.0214  0.9879  0.1968  0.3866  0.2469  0.0540
  22  0.1693  0.0768 -0.0089  0.0104  0.0038  0.0276  0.9883  0.1915  0.4128  0.2741  0.0429
  23  0.1647  0.0817 -0.0074  0.0123  0.0067  0.0304  0.9909  0.1899  0.4386  0.3045  0.0403
  24  0.1652  0.0857 -0.0077  0.0138  0.0068  0.0384  0.9924  0.1841  0.4609  0.3275  0.0386
  25  0.1628  0.0917 -0.0041  0.0135  0.0059  0.0448  0.9932  0.1801  0.4801  0.3553  0.0369
  26  0.1614  0.0982 -0.0017  0.0185  0.0093  0.0468  0.9971  0.1780  0.4981  0.3820  0.0309
  27  0.1597  0.1016 -0.0001  0.0234  0.0094  0.0524  1.0008  0.1768  0.5127  0.4030  0.0273
  28  0.1589  0.1022  0.0034  0.0253  0.0126  0.0618  1.0000  0.1710  0.5315  0.4281  0.0230
  29  0.1623  0.1060  0.0009  0.0271  0.0106  0.0689  1.0003  0.1667  0.5438  0.4455  0.0198
  30  0.1616  0.1116  0.0018  0.0279  0.0131  0.0742  1.0012  0.1629  0.5597  0.4676  0.0150
  31  0.1597  0.1163  0.0044  0.0294  0.0140  0.0813  1.0008  0.1556  0.5704  0.4847  0.0126
  32  0.1597  0.1258  0.0024  0.0322  0.0166  0.0899  0.9989  0.1494  0.5861  0.5038  0.0108
  33  0.1605  0.1276  0.0053  0.0355  0.0170  0.1019  0.9974  0.1453  0.5942  0.5197  0.0096
  34  0.1617  0.1321  0.0038  0.0387  0.0186  0.1143  0.9964  0.1406  0.5955  0.5338  0.0064
  35  0.1652  0.1373  0.0029  0.0400  0.0234  0.1250  0.9951  0.1402  0.6045  0.5441  0.0062
  36  0.1686  0.1431  0.0037  0.0460  0.0262  0.1355  0.9939  0.1355  0.6069  0.5518  0.0068
  37  0.1703  0.1497  0.0081  0.0451  0.0277  0.1434  0.9948  0.1307  0.6099  0.5586  0.0059
  38  0.1772  0.1583  0.0094  0.0487  0.0323  0.1549  0.9969  0.1283  0.6104  0.5675  0.0024
  39  0.1813  0.1662  0.0094  0.0525  0.0363  0.1680  0.9987  0.1219  0.6107  0.5710  0.0061
  40  0.1855  0.1749  0.0120  0.0520  0.0372  0.1836  0.9997  0.1167  0.6088  0.5704  0.0064
  41  0.1961  0.1836  0.0195  0.0567  0.0465  0.2012  1.0024  0.1121  0.6015  0.5695  0.0077
  42  0.2049  0.1945  0.0221  0.0611  0.0474  0.2190  1.0032  0.1036  0.5965  0.5631  0.0105
  43  0.2176  0.2054  0.0231  0.0675  0.0501  0.2335  0.9973  0.1004  0.5855  0.5530  0.0115
  44  0.2394  0.2210  0.0239  0.0776  0.0557  0.2492  0.9963  0.0924  0.5755  0.5464  0.0131
  45  0.2559  0.2381  0.0265  0.0839  0.0599  0.2691  0.9923  0.0863  0.5637  0.5328  0.0090
  46  0.2750  0.2584  0.0312  0.0915  0.0619  0.2953  0.9885  0.0757  0.5470  0.5162  0.0104
  47  0.3002  0.2815  0.0350  0.0977  0.0650  0.3204  0.9811  0.0689  0.5257  0.4982  0.0078
  48  0.3247  0.3077  0.0416  0.1059  0.0718  0.3480  0.9760  0.0650  0.5069  0.4811  0.0090
  49  0.3500  0.3347  0.0466  0.1106  0.0781  0.3781  0.9663  0.0576  0.4835  0.4571  0.0119
  50  0.3787  0.3665  0.0503  0.1191  0.0826  0.4095  0.9560  0.0485  0.4562  0.4350  0.0109
  51  0.4107  0.4008  0.0591  0.1307  0.0872  0.4417  0.9433  0.0435  0.4301  0.4068  0.0113
  52  0.4408  0.4345  0.0659  0.1399  0.0947  0.4768  0.9246  0.0417  0.4051  0.3802  0.0087
  53  0.4717  0.4665  0.0772  0.1479  0.0957  0.5091  0.9014  0.0395  0.3801  0.3550  0.0116
  54  0.5030  0.4984  0.0886  0.1567  0.0994  0.5383  0.8762  0.0360  0.3574  0.3321  0.0074
  55  0.5233  0.5301  0.1006  0.1643  0.1034  0.5712  0.8446  0.0349  0.3345  0.3097  0.0052
  56  0.5462  0.5584  0.1134  0.1712  0.1055  0.5991  0.8107  0.0317  0.3141  0.2901  0.0038
  57  0.5675  0.5858  0.1292  0.1821  0.1095  0.6259  0.7736  0.0278  0.2933  0.2703  0.0023
  58  0.5832  0.6125  0.1427  0.1915  0.1080  0.6488  0.7342  0.0252  0.2739  0.2517  0.0026
  59  0.5993  0.6390  0.1557  0.1987  0.1112  0.6802  0.6985  0.0260  0.2520  0.2288  0.0054
  60  0.6090  0.6667  0.1741  0.2064  0.1156  0.6995  0.6579  0.0240  0.2323  0.2177  0.0088
  61  0.6185  0.6920  0.1894  0.2115  0.1147  0.7219  0.6227  0.0243  0.2179  0.1990  0.0111
  62  0.6269  0.7109  0.2028  0.2201  0.1124  0.7421  0.5894  0.0260  0.2023  0.1849  0.0103
  63  0.6305  0.7311  0.2166  0.2245  0.1167  0.7652  0.5563  0.0199  0.1872  0.1695  0.0134
  64  0.6300  0.7525  0.2348  0.2344  0.1153  0.7824  0.5215  0.0155  0.1735  0.1607  0.0124
  65  0.6341  0.7737  0.2456  0.2385  0.1153  0.7985  0.4897  0.0149  0.1578  0.1457  0.0156
  66  0.6354  0.7905  0.2634  0.2428  0.1167  0.8146  0.4607  0.0138  0.1450  0.1345  0.0140
  67  0.6359  0.8070  0.2762  0.2521  0.1139  0.8304  0.4335  0.0148  0.1350  0.1254  0.0141
  68  0.6322  0.8231  0.2887  0.2595  0.1102  0.8415  0.4036  0.0115  0.1215  0.1171  0.0175
  69  0.6291  0.8385  0.2978  0.2679  0.1081  0.8535  0.3764  0.0149  0.1122  0.1032  0.0173
  70  0.6237  0.8474  0.3050  0.2775  0.1041  0.8605  0.3497  0.0165  0.1038  0.0939  0.0216
  71  0.6189  0.8595  0.3164  0.2850  0.1015  0.8705  0.3241  0.0164  0.0950  0.0856  0.0212
  72  0.6155  0.8676  0.3298  0.2936  0.0963  0.8799  0.3031  0.0138  0.0868  0.0803  0.0262
  73  0.6118  0.8785  0.3423  0.3023  0.0982  0.8876  0.2861  0.0132  0.0786  0.0701  0.0293
  74  0.6071  0.8869  0.3558  0.3125  0.0958  0.8941  0.2656  0.0144  0.0749  0.0630  0.0354
  75  0.5985  0.8923  0.3631  0.3191  0.0955  0.9000  0.2488  0.0160  0.0695  0.0571  0.0370
  76  0.5905  0.8956  0.3657  0.3240  0.0933  0.9088  0.2323  0.0146  0.0654  0.0542  0.0428
  77  0.5839  0.8962  0.3741  0.3335  0.0956  0.9119  0.2228  0.0165  0.0629  0.0496  0.0489
  78  0.5813  0.9027  0.3805  0.3409  0.0881  0.9175  0.2104  0.0182  0.0597  0.0471  0.0581
  79  0.5765  0.9051  0.3905  0.3539  0.0876  0.9222  0.1973  0.0135  0.0558  0.0435  0.0668
  80  0.5717  0.9082  0.3969  0.3635  0.0865  0.9294  0.1884  0.0147  0.0530  0.0374  0.0707
  81  0.5697  0.9156  0.4027  0.3712  0.0830  0.9327  0.1767  0.0136  0.0535  0.0327  0.0821
  82  0.5669  0.9178  0.4084  0.3811  0.0788  0.9374  0.1645  0.0128  0.0462  0.0307  0.0958
  83  0.5666  0.9246  0.4147  0.3924  0.0778  0.9399  0.1561  0.0128  0.0412  0.0264  0.1113
  84  0.5644  0.9319  0.4158  0.4011  0.0761  0.9402  0.1502  0.0145  0.0385  0.0213  0.1247
  85  0.5624  0.9355  0.4221  0.4166  0.0734  0.9446  0.1423  0.0119  0.0331  0.0140  0.1447
  86  0.5554  0.9436  0.4247  0.4277  0.0723  0.9475  0.1346  0.0152  0.0297  0.0115  0.1785
  87  0.5532  0.9452  0.4291  0.4351  0.0692  0.9503  0.1258  0.0093  0.0295  0.0067  0.2118
  88  0.5549  0.9465  0.4325  0.4457  0.0652  0.9534  0.1207  0.0105  0.0254  0.0042  0.2469
  89  0.5509  0.9507  0.4386  0.4559  0.0622  0.9562  0.1144  0.0086  0.0223  0.0070  0.2794
  90  0.5522  0.9543  0.4399  0.4608  0.0596  0.9554  0.1053  0.0090  0.0215  0.0058  0.2985
  91  0.5478  0.9520  0.4397  0.4682  0.0594  0.9628  0.1036  0.0088  0.0198  0.0045  0.3173
  92  0.5466  0.9523  0.4418  0.4840  0.0550  0.9632  0.1006  0.0093  0.0212  0.0028  0.3342
  93  0.5435  0.9540  0.4456  0.4937  0.0557  0.9653  0.0973  0.0124  0.0173  0.0027  0.3524
  94  0.5424  0.9534  0.4490  0.5020  0.0525  0.9637  0.0958  0.0103  0.0148  0.0033  0.3657
  95  0.5394  0.9545  0.4516  0.5093  0.0483  0.9686  0.0919  0.0113  0.0144  0.0021  0.3746
  96  0.5365  0.9576  0.4528  0.5259  0.0465  0.9712  0.0903  0.0141  0.0144  0.0048  0.3806
  97  0.5351  0.9600  0.4567  0.5379  0.0462  0.9690  0.0862  0.0127  0.0138  0.0032  0.3854
  98  0.5336  0.9615  0.4535  0.5531  0.0447  0.9700  0.0848  0.0088  0.0124  0.0040  0.3899
  99  0.5331  0.9610  0.4578  0.5634  0.0443  0.9696  0.0873  0.0098  0.0136  0.0021  0.3943
 100  0.5295  0.9629  0.4592  0.5771  0.0424  0.9745  0.0851  0.0103  0.0123  0.0046  0.3997
 101  0.5263  0.9616  0.4584  0.5888  0.0420  0.9755  0.0841  0.0094  0.0110  0.0058  0.4003
 102  0.5257  0.9610  0.4602  0.5962  0.0401  0.9768  0.0839  0.0108  0.0106  0.0055  0.3967
 103  0.5253  0.9619  0.4632  0.6069  0.0380  0.9754  0.0798  0.0155  0.0101  0.0049  0.3958
 104  0.5244  0.9623  0.4660  0.6174  0.0361  0.9756  0.0744  0.0110  0.0116  0.0057  0.3909
 105  0.5226  0.9650  0.4694  0.6250  0.0370  0.9741  0.0750  0.0134  0.0085  0.0054  0.3829
 106  0.5219  0.9621  0.4711  0.6345  0.0367  0.9752  0.0727  0.0116  0.0077  0.0024  0.3818
 107  0.5213  0.9625  0.4736  0.6466  0.0394  0.9738  0.0732  0.0120  0.0059  0.0071  0.3778
 108  0.5190  0.9619  0.4749  0.6501  0.0395  0.9743  0.0735  0.0085  0.0039  0.0035  0.3706
 109  0.5195  0.9634  0.4745  0.6544  0.0369  0.9774  0.0753  0.0083  0.0054  0.0061  0.3717
 110  0.5188  0.9641  0.4777  0.6605  0.0361  0.9782  0.0742  0.0080  0.0039  0.0083  0.3681
 111  0.5157  0.9633  0.4769  0.6614  0.0353  0.9781  0.0704  0.0037  0.0044  0.0071  0.3641
 112  0.5189  0.9660  0.4794  0.6639  0.0305  0.9793  0.0692  0.0047 -0.0004  0.0010  0.3563
 113  0.5188  0.9629  0.4798  0.6697  0.0310  0.9807  0.0691  0.0057  0.0029  0.0014  0.3521
 114  0.5190  0.9646  0.4807  0.6777  0.0295  0.9781  0.0674  0.0093  0.0003  0.0018  0.3479
 115  0.5201  0.9615  0.4859  0.6857  0.0263  0.9791  0.0672  0.0076  0.0026  0.0060  0.3433
 116  0.5219  0.9604  0.4820  0.6906  0.0279  0.9820  0.0644  0.0050  0.0029  0.0051  0.3346
 117  0.5222  0.9594  0.4826  0.6953  0.0201  0.9873  0.0656  0.0035  0.0059  0.0040  0.3309
 118  0.5240  0.9646  0.4817  0.7010  0.0183  0.9858  0.0628  0.0058  0.0084  0.0007  0.3270
 119  0.5260  0.9627  0.4831  0.7102  0.0152  0.9832  0.0662  0.0049  0.0063 -0.0021  0.3231
 120  0.5255  0.9669  0.4798  0.7139  0.0127  0.9819  0.0634  0.0029  0.0020  0.0005  0.3169
 121  0.5250  0.9659  0.4804  0.7181  0.0104  0.9800  0.0643 -0.0024  0.0008 -0.0015  0.3143
 122  0.5253  0.9689  0.4778  0.7233  0.0094  0.9788  0.0608 -0.0002  0.0004 -0.0020  0.3108
 123  0.5279  0.9697  0.4803  0.7297  0.0100  0.9807  0.0576 -0.0039 -0.0016 -0.0036  0.3053
 124  0.5278  0.9686  0.4840  0.7376  0.0097  0.9772  0.0536 -0.0038  0.0012 -0.0012  0.2970
 125  0.5252  0.9714  0.4847  0.7411  0.0117  0.9801  0.0539 -0.0032  0.0036 -0.0015  0.2913
 126  0.5277  0.9701  0.4834  0.7454  0.0145  0.9827  0.0548 -0.0052  0.0052  0.0022  0.2849
 127  0.5291  0.9718  0.4856  0.7499  0.0118  0.9797  0.0558 -0.0034  0.0038 -0.0015  0.2781
 128  0.5284  0.9729  0.4852  0.7517  0.0123  0.9792  0.0559 -0.0024  0.0045 -0.0031  0.2759
 129  0.5259  0.9709  0.4882  0.7558  0.0124  0.9770  0.0583 -0.0038  0.0044 -0.0049  0.2702
 130  0.5270  0.9733  0.4885  0.7596  0.0110  0.9791  0.0550 -0.0031  0.0028 -0.0048  0.2644
 131  0.5281  0.9764  0.4870  0.7605  0.0107  0.9773  0.0594 -0.0025  0.0011 -0.0021  0.2592
 132  0.5246  0.9770  0.4869  0.7642  0.0130  0.9793  0.0595 -0.0027 -0.0015  0.0009  0.2572
 133  0.5252  0.9779  0.4874  0.7648  0.0085  0.9793  0.0624 -0.0039  0.0028  0.0011  0.2553
 134  0.5239  0.9783  0.4886  0.7700  0.0088  0.9812  0.0609 -0.0040  0.0007  0.0033  0.2563
 135  0.5209  0.9749  0.4852  0.7709  0.0100  0.9829  0.0556 -0.0010  0.0009  0.0029  0.2566
 136  0.5230  0.9754  0.4852  0.7691  0.0112  0.9845  0.0540  0.0042 -0.0016  0.0010  0.2558
 137  0.5219  0.9750  0.4858  0.7704  0.0111  0.9838  0.0557 -0.0001  0.0022 -0.0013  0.2517
 138  0.5224  0.9775  0.4879  0.7698  0.0144  0.9852  0.0553  0.0002  0.0014 -0.0027  0.2460
 139  0.5236  0.9795  0.4916  0.7707  0.0117  0.9850  0.0530  0.0007 -0.0011 -0.0054  0.2453
 140  0.5251  0.9830  0.4919  0.7704  0.0098  0.9866  0.0516 -0.0035 -0.0030 -0.0066  0.2405
 141  0.5230  0.9851  0.4913  0.7682  0.0098  0.9874  0.0523 -0.0018 -0.0034 -0.0049  0.2358
 142  0.5234  0.9848  0.4917  0.7691  0.0071  0.9885  0.0508 -0.0004 -0.0018 -0.0028  0.2349
 143  0.5218  0.9836  0.4919  0.7741  0.0078  0.9911  0.0548 -0.0037 -0.0006 -0.0013  0.2340
 144  0.5203  0.9770  0.4917  0.7725  0.0089  0.9875  0.0534 -0.0070 -0.0011 -0.0009  0.2303
 145  0.5205  0.9735  0.4889  0.7760  0.0078  0.9861  0.0521 -0.0042 -0.0050  0.0017  0.2288
 146  0.5191  0.9777  0.4866  0.7792  0.0086  0.9874  0.0524 -0.0044 -0.0029 -0.0031  0.2291
 147  0.5206  0.9778  0.4859  0.7788  0.0156  0.9842  0.0530 -0.0047 -0.0063 -0.0017  0.2278
 148  0.5177  0.9770  0.4877  0.7762  0.0164  0.9843  0.0551 -0.0070 -0.0042 -0.0047  0.2302
 149  0.5214  0.9768  0.4887  0.7731  0.0138  0.9827  0.0566 -0.0071 -0.0026 -0.0046  0.2298
 150  0.5236  0.9735  0.4915  0.7712  0.0156  0.9866  0.0586 -0.0056  0.0015 -0.0048  0.2329
 151  0.5225  0.9705  0.4927  0.7716  0.0166  0.9825  0.0573 -0.0038 -0.0002 -0.0045  0.2322
 152  0.5177  0.9734  0.4895  0.7727  0.0139  0.9793  0.0565 -0.0016  0.0007 -0.0031  0.2337
 153  0.5217  0.9711  0.4915  0.7719  0.0164  0.9838  0.0548 -0.0005  0.0006 -0.0007  0.2347
 154  0.5216  0.9709  0.4914  0.7756  0.0170  0.9844  0.0565  0.0035 -0.0045  0.0007  0.2346
 155  0.5168  0.9751  0.4891  0.7756  0.0145  0.9821  0.0576  0.0047 -0.0063  0.0006  0.2332
 156  0.5150  0.9720  0.4888  0.7800  0.0136  0.9841  0.0599  0.0044 -0.0057  0.0017  0.2353
 157  0.5178  0.9747  0.4912  0.7837  0.0133  0.9872  0.0617  0.0046 -0.0037  0.0005  0.2394
 158  0.5176  0.9795  0.4887  0.7842  0.0109  0.9897  0.0620  0.0049 -0.0025  0.0010  0.2461
 159  0.5121  0.9746  0.4869  0.7859  0.0124  0.9895  0.0634  0.0034 -0.0021  0.0014  0.2524
   0  0.8009 -0.0019 -0.0004 -0.0023 -0.0007 -0.0005  0.7998  0.8024 -0.0011  0.0004 -0.0023
   1  0.7254 -0.0039  0.0018 -0.0013  0.0008 -0.0038  0.8204  0.7301  0.0774  0.0073  0.0926
   2  0.6562  0.0000  0.0009 -0.0014  0.0013 -0.0049  0.8366  0.6563  0.1092  0.0186  0.1556
   3  0.5973  0.0032 -0.0035 -0.0018  0.0060 -0.0040  0.8546  0.5993  0.1196  0.0247  0.1867
   4  0.5387  0.0010 -0.0057 -0.0041  0.0071 -0.0027  0.8686  0.5473  0.1275  0.0291  0.2038
   5  0.4911 -0.0004 -0.0087 -0.0068  0.0032 -0.0028  0.8841  0.4984  0.1326  0.0303  0.2164
   6  0.4448  0.0070 -0.0112 -0.0059  0.0015 -0.0074  0.8961  0.4567  0.1391  0.0327  0.2277
   7  0.4046  0.0077 -0.0124 -0.0061  0.0018 -0.0087  0.9053  0.4188  0.1406  0.0364  0.2331
   8  0.3727  0.0102 -0.0116 -0.0015 -0.0018 -0.0088  0.9144  0.3849  0.1477  0.0360  0.2315
   9  0.3390  0.0160 -0.0078  0.0004  0.0005 -0.0086  0.9220  0.3573  0.1492  0.0355  0.2328
  10  0.3096  0.0170 -0.0074 -0.0005  0.0024 -0.0084  0.9330  0.3338  0.1500  0.0367  0.2313
  11  0.2857  0.0234 -0.0060  0.0025  0.0027 -0.0106  0.9386  0.3114  0.1486  0.0383  0.2253
  12  0.2659  0.0287 -0.0042 -0.0023  0.0023 -0.0090  0.9441  0.2949  0.1538  0.0373  0.2227
  13  0.2496  0.0353 -0.0102 -0.0030  0.0043 -0.0028  0.9510  0.2759  0.1558  0.0438  0.2225
  14  0.2330  0.0379 -0.0061 -0.0000  0.0036 -0.0011  0.9578  0.2657  0.1512  0.0433  0.2163
  15  0.2163  0.0457 -0.0050  0.0003  0.0043  0.0031  0.9606  0.2530  0.1479  0.0466  0.2124
  16  0.2053  0.0471 -0.0023  0.0014  0.0063  0.0016  0.9666  0.2395  0.1459  0.0493  0.2069
  17  0.1934  0.0495 -0.0035 -0.0001  0.0087  0.0065  0.9691  0.2358  0.1438  0.0521  0.1984
  18  0.1842  0.0548 -0.0032  0.0023  0.0052  0.0115  0.9742  0.2265  0.1497  0.0570  0.1892
  19  0.1788  0.0578 -0.0036  0.0009  0.0037  0.0164  0.9755  0.2217  0.1538  0.0592  0.1795
  20  0.1775  0.0595 -0.0038  0.0038  0.0061  0.0181  0.9745  0.2182  0.1601  0.0639  0.1682
  21  0.1707  0.0647 -0.0070  0.0078  0.0064  0.0225  0.9785  0.2117  0.1681  0.0658  0.1580
  22  0.1650  0.0672 -0.0080  0.0079  0.0056  0.0246  0.9810  0.2082  0.1738  0.0719  0.1508
  23  0.1596  0.0742 -0.0076  0.0094  0.0088  0.0299  0.9832  0.2023  0.1820  0.0756  0.1417
  24  0.1547  0.0776 -0.0042  0.0113  0.0107  0.0332  0.9861  0.1976  0.1899  0.0830  0.1312
  25  0.1544  0.0806  0.0032  0.0115  0.0131  0.0383  0.9858  0.1931  0.1955  0.0884  0.1259
  26  0.1504  0.0834  0.0068  0.0102  0.0139  0.0445  0.9918  0.1916  0.2079  0.0949  0.1204
  27  0.1465  0.0834  0.0088  0.0137  0.0127  0.0465  0.9911  0.1897  0.2157  0.1040  0.1123
  28  0.1418  0.0823  0.0072  0.0154  0.0157  0.0488  0.9936  0.1867  0.2313  0.1145  0.1092
  29  0.1433  0.0864  0.0066  0.0132  0.0189  0.0509  0.9940  0.1874  0.2467  0.1232  0.0999
  30  0.1408  0.0905  0.0064  0.0145  0.0203  0.0546  0.9977  0.1847  0.2602  0.1345  0.0917
  31  0.1403  0.0933  0.0091  0.0139  0.0191  0.0586  0.9976  0.1863  0.2785  0.1504  0.0828
  32  0.1334  0.0973  0.0129  0.0148  0.0192  0.0611  0.9984  0.1858  0.2981  0.1676  0.0751
  33  0.1336  0.0960  0.0134  0.0136  0.0250  0.0648  0.9969  0.1836  0.3159  0.1891  0.0705
  34  0.1317  0.0985  0.0177  0.0173  0.0295  0.0680  0.9937  0.1843  0.3343  0.2118  0.0642
  35  0.1310  0.1023  0.0176  0.0187  0.0304  0.0737  0.9944  0.1817  0.3574  0.2298  0.0611
  36  0.1286  0.1046  0.0184  0.0248  0.0330  0.0765  0.9916  0.1802  0.3741  0.2492  0.0563
  37  0.1309  0.1103  0.0176  0.0257  0.0344  0.0822  0.9921  0.1784  0.3942  0.2734  0.0500
  38  0.1330  0.1113  0.0162  0.0292  0.0341  0.0884  0.9930  0.1758  0.4159  0.2965  0.0489
  39  0.1332  0.1106  0.0168  0.0301  0.0327  0.0965  0.9897  0.1746  0.4366  0.3187  0.0447
  40  0.1325  0.1170  0.0186  0.0313  0.0335  0.1004  0.9907  0.1717  0.4538  0.3406  0.0392
  41  0.1314  0.1186  0.0159  0.0323  0.0335  0.1083  0.9959  0.1720  0.4706  0.3638  0.0325
  42  0.1327  0.1227  0.0168  0.0359  0.0350  0.1129  0.9935  0.1713  0.4890  0.3907  0.0292
  43  0.1319  0.1231  0.0184  0.0401  0.0392  0.1133  0.9964  0.1687  0.5104  0.4136  0.0250
  44  0.1323  0.1230  0.0154  0.0418  0.0405  0.1171  0.9977  0.1619  0.5263  0.4352  0.0237
  45  0.1342  0.1248  0.0150  0.0387  0.0427  0.1221  0.9969  0.1609  0.5370  0.4565  0.0223
  46  0.1298  0.1316  0.0129  0.0383  0.0447  0.1284  0.9949  0.1646  0.5528  0.4742  0.0188
  47  0.1303  0.1379  0.0108  0.0411  0.0500  0.1324  0.9924  0.1625  0.5646  0.4895  0.0178
  48  0.1318  0.1410  0.0111  0.0410  0.0521  0.1359  0.9961  0.1565  0.5795  0.5104  0.0159
  49  0.1319  0.1423  0.0147  0.0405  0.0529  0.1438  0.9953  0.1542  0.5935  0.5271  0.0136
  50  0.1336  0.1443  0.0148  0.0394  0.0538  0.1524  0.9932  0.1501  0.6048  0.5375  0.0166
  51  0.1403  0.1446  0.0190  0.0434  0.0591  0.1615  0.9928  0.1409  0.6108  0.5471  0.0168
  52  0.1458  0.1516  0.0224  0.0448  0.0618  0.1699  0.9946  0.1331  0.6092  0.5477  0.0164
  53  0.1518  0.1589  0.0184  0.0453  0.0621  0.1767  0.9942  0.1304  0.6083  0.5494  0.0173
  54  0.1659  0.1653  0.0183  0.0475  0.0625  0.1857  0.9959  0.1264  0.6065  0.5526  0.0145
  55  0.1743  0.1778  0.0196  0.0493  0.0659  0.1936  0.9922  0.1211  0.6081  0.5535  0.0123
  56  0.1823  0.1883  0.0212  0.0498  0.0710  0.2075  0.9921  0.1144  0.6019  0.5559  0.0105
  57  0.1953  0.2044  0.0221  0.0521  0.0750  0.2201  0.9906  0.1087  0.6021  0.5551  0.0081
  58  0.2070  0.2177  0.0236  0.0568  0.0771  0.2356  0.9867  0.1019  0.5922  0.5497  0.0086
  59  0.2204  0.2342  0.0253  0.0592  0.0816  0.2546  0.9866  0.0959  0.5820  0.5469  0.0067
  60  0.2384  0.2500  0.0310  0.0648  0.0905  0.2750  0.9862  0.0891  0.5677  0.5357  0.0109
  61  0.2590  0.2729  0.0331  0.0697  0.0950  0.2949  0.9831  0.0800  0.5517  0.5183  0.0120
  62  0.2856  0.2965  0.0355  0.0750  0.0986  0.3245  0.9796  0.0708  0.5339  0.5023  0.0120
  63  0.3113  0.3264  0.0413  0.0798  0.1035  0.3546  0.9673  0.0637  0.5159  0.4790  0.0159
  64  0.3362  0.3510  0.0468  0.0844  0.1122  0.3823  0.9584  0.0582  0.4911  0.4564  0.0132
  65  0.3642  0.3798  0.0541  0.0863  0.1179  0.4125  0.9468  0.0556  0.4692  0.4329  0.0085
  66  0.3914  0.4060  0.0623  0.0935  0.1287  0.4426  0.9329  0.0505  0.4427  0.4113  0.0060
  67  0.4212  0.4380  0.0669  0.0992  0.1375  0.4741  0.9155  0.0446  0.4190  0.3836  0.0057
  68  0.4506  0.4717  0.0783  0.1032  0.1436  0.5062  0.8945  0.0404  0.3924  0.3634  0.0055
  69  0.4780  0.5056  0.0901  0.1050  0.1538  0.5420  0.8721  0.0372  0.3690  0.3414  0.0060
  70  0.5013  0.5346  0.1020  0.1076  0.1640  0.5713  0.8471  0.0392  0.3465  0.3201  0.0066
  71  0.5227  0.5657  0.1117  0.1114  0.1708  0.5998  0.8157  0.0335  0.3250  0.3019  0.0078
  72  0.5374  0.5935  0.1254  0.1194  0.1781  0.6251  0.7827  0.0300  0.3021  0.2821  0.0119
  73  0.5561  0.6224  0.1379  0.1237  0.1818  0.6522  0.7454  0.0282  0.2820  0.2621  0.0085
  74  0.5745  0.6475  0.1486  0.1276  0.1891  0.6748  0.7063  0.0289  0.2653  0.2415  0.0104
  75  0.5861  0.6674  0.1635  0.1306  0.1966  0.7014  0.6701  0.0287  0.2482  0.2280  0.0102
  76  0.5976  0.6887  0.1797  0.1275  0.2037  0.7213  0.6309  0.0275  0.2277  0.2136  0.0095
  77  0.6047  0.7133  0.1913  0.1240  0.2065  0.7382  0.5963  0.0270  0.2097  0.1965  0.0094
  78  0.6064  0.7334  0.2059  0.1225  0.2076  0.7558  0.5624  0.0257  0.1963  0.1885  0.0105
  79  0.6109  0.7529  0.2236  0.1242  0.2129  0.7754  0.5264  0.0241  0.1815  0.1736  0.0091
  80  0.6146  0.7702  0.2400  0.1221  0.2214  0.7930  0.4944  0.0227  0.1657  0.1569  0.0106
  81  0.6134  0.7925  0.2537  0.1252  0.2292  0.8087  0.4594  0.0204  0.1536  0.1448  0.0146
  82  0.6132  0.8084  0.2681  0.1249  0.2356  0.8239  0.4301  0.0177  0.1474  0.1323  0.0139
  83  0.6124  0.8225  0.2820  0.1243  0.2392  0.8347  0.4021  0.0184  0.1330  0.1247  0.0149
  84  0.6143  0.8367  0.2947  0.1239  0.2436  0.8486  0.3736  0.0174  0.1193  0.1172  0.0161
  85  0.6144  0.8519  0.3046  0.1233  0.2474  0.8615  0.3481  0.0154  0.1080  0.1056  0.0196
  86  0.6105  0.8596  0.3164  0.1169  0.2510  0.8727  0.3233  0.0187  0.0981  0.0986  0.0250
  87  0.6082  0.8679  0.3239  0.1149  0.2573  0.8837  0.3024  0.0140  0.0918  0.0916  0.0230
  88  0.6029  0.8785  0.3345  0.1138  0.2645  0.8908  0.2793  0.0153  0.0856  0.0827  0.0238
  89  0.5972  0.8893  0.3419  0.1132  0.2734  0.8961  0.2563  0.0143  0.0807  0.0740  0.0212
  90  0.5930  0.8978  0.3520  0.1102  0.2835  0.9014  0.2453  0.0153  0.0723  0.0668  0.0227
  91  0.5905  0.9027  0.3626  0.1062  0.2884  0.9040  0.2299  0.0176  0.0701  0.0565  0.0268
  92  0.5855  0.9078  0.3738  0.1042  0.2973  0.9086  0.2161  0.0165  0.0679  0.0501  0.0335
  93  0.5791  0.9121  0.3814  0.0991  0.3081  0.9132  0.2015  0.0149  0.0643  0.0448  0.0421
  94  0.5734  0.9197  0.3844  0.0967  0.3144  0.9150  0.1887  0.0161  0.0572  0.0446  0.0511
  95  0.5721  0.9244  0.3939  0.0953  0.3255  0.9217  0.1807  0.0167  0.0551  0.0432  0.0613
  96  0.5693  0.9267  0.3993  0.0930  0.3339  0.9286  0.1704  0.0189  0.0493  0.0434  0.0689
  97  0.5636  0.9327  0.4048  0.0910  0.3436  0.9310  0.1635  0.0172  0.0440  0.0362  0.0776
  98  0.5639  0.9373  0.4062  0.0881  0.3512  0.9335  0.1550  0.0162  0.0360  0.0337  0.0901
  99  0.5573  0.9415  0.4105  0.0880  0.3569  0.9396  0.1488  0.0160  0.0337  0.0304  0.1021
 100  0.5569  0.9420  0.4159  0.0857  0.3680  0.9426  0.1414  0.0139  0.0342  0.0283  0.1115
 101  0.5563  0.9456  0.4248  0.0820  0.3785  0.9429  0.1324  0.0116  0.0287  0.0270  0.1235
 102  0.5556  0.9517  0.4333  0.0795  0.3867  0.9434  0.1267  0.0126  0.0312  0.0264  0.1335
 103  0.5564  0.9527  0.4390  0.0722  0.3958  0.9425  0.1185  0.0110  0.0294  0.0263  0.1412
 104  0.5529  0.9601  0.4432  0.0699  0.4111  0.9492  0.1117  0.0068  0.0233  0.0252  0.1458
 105  0.5510  0.9611  0.4460  0.0659  0.4207  0.9501  0.1057  0.0076  0.0221  0.0248  0.1502
 106  0.5461  0.9656  0.4464  0.0586  0.4325  0.9559  0.1046  0.0098  0.0205  0.0235  0.1582
 107  0.5408  0.9672  0.4541  0.0574  0.4467  0.9570  0.0991  0.0077  0.0150  0.0200  0.1668
 108  0.5385  0.9724  0.4553  0.0546  0.4626  0.9566  0.0942  0.0052  0.0143  0.0221  0.1756
 109  0.5341  0.9735  0.4579  0.0511  0.4796  0.9572  0.0923  0.0044  0.0114  0.0230  0.1773
 110  0.5322  0.9777  0.4611  0.0522  0.4957  0.9609  0.0896  0.0054  0.0083  0.0190  0.1762
 111  0.5301  0.9788  0.4647  0.0484  0.5047  0.9638  0.0877  0.0070  0.0058  0.0174  0.1813
 112  0.5297  0.9800  0.4646  0.0447  0.5176  0.9650  0.0843  0.0089  0.0092  0.0149  0.1866
 113  0.5275  0.9805  0.4622  0.0436  0.5285  0.9655  0.0863  0.0104  0.0090  0.0162  0.1956
 114  0.5223  0.9839  0.4665  0.0443  0.5430  0.9695  0.0836  0.0095  0.0089  0.0146  0.1990
 115  0.5210  0.9893  0.4701  0.0394  0.5552  0.9720  0.0822  0.0104  0.0053  0.0159  0.2040
 116  0.5194  0.9865  0.4724  0.0389  0.5671  0.9713  0.0817  0.0091  0.0063  0.0147  0.2036
 117  0.5195  0.9889  0.4766  0.0378  0.5799  0.9711  0.0767  0.0101  0.0085  0.0168  0.2094
 118  0.5183  0.9895  0.4783  0.0351  0.5924  0.9742  0.0725  0.0099  0.0075  0.0156  0.2107
 119  0.5162  0.9924  0.4794  0.0351  0.6063  0.9739  0.0702  0.0088  0.0038  0.0138  0.2103
 120  0.5121  0.9907  0.4834  0.0379  0.6172  0.9718  0.0724  0.0062  0.0043  0.0104  0.2169
 121  0.5096  0.9900  0.4881  0.0358  0.6225  0.9719  0.0693  0.0079  0.0015  0.0098  0.2181
 122  0.5113  0.9913  0.4881  0.0269  0.6319  0.9723  0.0666  0.0065  0.0034  0.0069  0.2239
 123  0.5078  0.9951  0.4877  0.0221  0.6414  0.9749  0.0677  0.0084  0.0039  0.0060  0.2287
 124  0.5101  0.9939  0.4850  0.0223  0.6497  0.9792  0.0648  0.0056  0.0015  0.0087  0.2334
 125  0.5098  0.9975  0.4887  0.0213  0.6593  0.9788  0.0648  0.0104  0.0007  0.0095  0.2318
 126  0.5058  0.9953  0.4882  0.0219  0.6733  0.9736  0.0657  0.0103 -0.0018  0.0099  0.2330
 127  0.5046  0.9928  0.4898  0.0209  0.6828  0.9782  0.0685  0.0081 -0.0006  0.0079  0.2323
 128  0.5034  0.9910  0.4897  0.0211  0.6894  0.9774  0.0694  0.0103 -0.0013  0.0050  0.2389
 129  0.5076  0.9890  0.4884  0.0178  0.6961  0.9762  0.0667  0.0102 -0.0015  0.0044  0.2473
 130  0.5089  0.9918  0.4873  0.0150  0.7037  0.9749  0.0668  0.0106 -0.0002  0.0060  0.2537
 131  0.5096  0.9946  0.4866  0.0157  0.7087  0.9758  0.0663  0.0090  0.0014  0.0073  0.2532
 132  0.5150  0.9942  0.4860  0.0175  0.7134  0.9764  0.0643  0.0067  0.0023  0.0066  0.2531
 133  0.5124  0.9953  0.4907  0.0160  0.7190  0.9778  0.0662  0.0072  0.0016  0.0050  0.2578
 134  0.5115  0.9897  0.4923  0.0147  0.7236  0.9791  0.0628  0.0047 -0.0001  0.0088  0.2571
 135  0.5152  0.9908  0.4917  0.0173  0.7277  0.9808  0.0646  0.0041 -0.0009  0.0080  0.2587
 136  0.5129  0.9949  0.4911  0.0153  0.7305  0.9836  0.0636  0.0044  0.0002  0.0085  0.2591
 137  0.5117  0.9941  0.4899  0.0152  0.7372  0.9835  0.0635  0.0065 -0.0014  0.0064  0.2578
 138  0.5111  0.9948  0.4908  0.0106  0.7410  0.9823  0.0630  0.0071 -0.0001  0.0065  0.2585
 139  0.5058  0.9911  0.4917  0.0096  0.7464  0.9850  0.0639  0.0074  0.0021  0.0049  0.2570
 140  0.5058  0.9929  0.4976  0.0142  0.7496  0.9907  0.0641  0.0049 -0.0000  0.0019  0.2552
 141  0.5055  0.9967  0.4981  0.0135  0.7508  0.9942  0.0607  0.0054  0.0009 -0.0023  0.2575
 142  0.5061  0.9998  0.4972  0.0123  0.7576  0.9923  0.0590  0.0051 -0.0021 -0.0018  0.2589
 143  0.5056  0.9987  0.5012  0.0120  0.7635  0.9931  0.0609  0.0050 -0.0036  0.0007  0.2559
 144  0.5045  0.9982  0.5044  0.0114  0.7656  0.9929  0.0600  0.0035 -0.0038  0.0005  0.2543
 145  0.5052  0.9975  0.5034  0.0139  0.7678  0.9930  0.0572  0.0029 -0.0068  0.0031  0.2548
 146  0.5027  0.9980  0.5042  0.0154  0.7718  0.9953  0.0580  0.0028 -0.0046  0.0011  0.2523
 147  0.4983  0.9966  0.5032  0.0169  0.7734  0.9911  0.0557  0.0015 -0.0033 -0.0016  0.2492
 148  0.4978  0.9978  0.5039  0.0172  0.7721  0.9973  0.0560  0.0013 -0.0000  0.0045  0.2454
 149  0.4960  0.9980  0.5008  0.0139  0.7731  1.0007  0.0558  0.0024 -0.0017  0.0030  0.2397
 150  0.4972  1.0001  0.5020  0.0150  0.7747  1.0012  0.0580  0.0064  0.0022  0.0012  0.2369
 151  0.4972  1.0004  0.5027  0.0183  0.7751  1.0013  0.0571  0.0020  0.0018  0.0026  0.2399
 152  0.4953  1.0008  0.5023  0.0155  0.7760  0.9990  0.0557 -0.0012 -0.0016  0.0023  0.2361
 153  0.4952  1.0031  0.5029  0.0167  0.7746  1.0003  0.0555 -0.0029 -0.0041  0.0036  0.2351
 154  0.4970  1.0024  0.5040  0.0162  0.7802  0.9984  0.0566 -0.0053 -0.0008  0.0050  0.2328
 155  0.4966  1.0015  0.5048  0.0152  0.7782  0.9956  0.0560 -0.0054 -0.0013  0.0015  0.2293
 156  0.4906  1.0033  0.5032  0.0146  0.7761  0.9929  0.0565 -0.0067  0.0008 -0.0002  0.2302
 157  0.4941  0.9997  0.5060  0.0155  0.7775  0.9950  0.0570 -0.0037  0.0015  0.0029  0.2297
 158  0.4967  1.0008  0.5079  0.0104  0.7777  0.9905  0.0554 -0.0021  0.0004  0.0009  0.2281
 159  0.4996  1.0038  0.5072  0.0104  0.7801  0.9928  0.0552 -0.0025 -0.0018  0.0002  0.2325
   0  0.7992  0.0030  0.0015 -0.0014 -0.0014  0.0001  0.7998  0.7996  0.0010  0.0005 -0.0027
   1  0.7228  0.0060  0.0024 -0.0016  0.0024  0.0019  0.8222  0.7238  0.0785  0.0061  0.0975
   2  0.6558  0.0089  0.0050  0.0003  0.0023 -0.0009  0.8426  0.6586  0.1064  0.0160  0.1634
   3  0.5939  0.0121  0.0015  0.0017  0.0009 -0.0021  0.8568  0.5991  0.1223  0.0221  0.2027
   4  0.5360  0.0113 -0.0007 -0.0026  0.0024 -0.0060  0.8665  0.5443  0.1257  0.0223  0.2254
   5  0.4845  0.0130 -0.0075 -0.0001  0.0046 -0.0032  0.8797  0.4968  0.1296  0.0245  0.2433
   6  0.4401  0.0183 -0.0044  0.0008  0.0029 -0.0002  0.8907  0.4518  0.1316  0.0267  0.2551
   7  0.4013  0.0226 -0.0062 -0.0002  0.0050 -0.0007  0.8953  0.4120  0.1313  0.0287  0.2701
   8  0.3662  0.0248 -0.0032  0.0015  0.0032 -0.0014  0.9051  0.3781  0.1261  0.0265  0.2732
   9  0.3346  0.0276 -0.0016  0.0035  0.0044  0.0017  0.9119  0.3458  0.1229  0.0276  0.2781
  10  0.3091  0.0296  0.0007  0.0042  0.0033  0.0071  0.9237  0.3192  0.1198  0.0297  0.2785
  11  0.2839  0.0318  0.0011  0.0006  0.0040  0.0089  0.9317  0.2980  0.1211  0.0364  0.2791
  12  0.2641  0.0347  0.0007  0.0009  0.0036  0.0114  0.9382  0.2781  0.1189  0.0347  0.2723
  13  0.2441  0.0372 -0.0025 -0.0012  0.0054  0.0129  0.9438  0.2680  0.1190  0.0345  0.2706
  14  0.2252  0.0436 -0.0024  0.0021  0.0090  0.0132  0.9461  0.2548  0.1153  0.0334  0.2701
  15  0.2107  0.0468 -0.0023  0.0075  0.0082  0.0162  0.9484  0.2442  0.1100  0.0312  0.2690
  16  0.1984  0.0537 -0.0007  0.0093  0.0088  0.0198  0.9568  0.2343  0.1099  0.0317  0.2727
  17  0.1857  0.0587 -0.0004  0.0087  0.0084  0.0220  0.9613  0.2271  0.1059  0.0297  0.2759
  18  0.1769  0.0646  0.0011  0.0090  0.0060  0.0221  0.9654  0.2208  0.1065  0.0292  0.2788
  19  0.1664  0.0674  0.0020  0.0076  0.0094  0.0279  0.9690  0.2125  0.1041  0.0293  0.2794
  20  0.1589  0.0738  0.0015  0.0091  0.0068  0.0287  0.9701  0.2053  0.1044  0.0297  0.2808
  21  0.1511  0.0722  0.0020  0.0078  0.0039  0.0352  0.9717  0.2008  0.0994  0.0283  0.2863
  22  0.1491  0.0714  0.0025  0.0141  0.0068  0.0382  0.9720  0.1993  0.0988  0.0286  0.2909
  23  0.1444  0.0706  0.0050  0.0147  0.0105  0.0410  0.9768  0.1998  0.0956  0.0307  0.2930
  24  0.1404  0.0731  0.0062  0.0143  0.0121  0.0406  0.9761  0.2024  0.0998  0.0314  0.2912
  25  0.1390  0.0725  0.0069  0.0163  0.0138  0.0407  0.9781  0.2061  0.0972  0.0301  0.2917
  26  0.1365  0.0760  0.0067  0.0131  0.0146  0.0439  0.9749  0.2032  0.0947  0.0285  0.2933
  27  0.1363  0.0786  0.0081  0.0150  0.0152  0.0462  0.9812  0.2048  0.0921  0.0291  0.2962
  28  0.1337  0.0796  0.0068  0.0147  0.0171  0.0540  0.9839  0.2070  0.0885  0.0311  0.2959
  29  0.1304  0.0848  0.0085  0.0155  0.0150  0.0564  0.9855  0.2110  0.0882  0.0350  0.2912
  30  0.1276  0.0846  0.0085  0.0157  0.0125  0.0568  0.9906  0.2103  0.0887  0.0284  0.2908
  31  0.1236  0.0828  0.0079  0.0177  0.0158  0.0604  0.9893  0.2128  0.0888  0.0268  0.2901
  32  0.1211  0.0770  0.0100  0.0173  0.0171  0.0606  0.9918  0.2193  0.0885  0.0290  0.2966
  33  0.1188  0.0774  0.0106  0.0184  0.0164  0.0598  0.9914  0.2219  0.0879  0.0299  0.2994
  34  0.1160  0.0759  0.0094  0.0171  0.0141  0.0573  0.9951  0.2254  0.0877  0.0324  0.3006
  35  0.1132  0.0785  0.0121  0.0211  0.0153  0.0585  0.9947  0.2273  0.0886  0.0304  0.3020
  36  0.1121  0.0778  0.0109  0.0218  0.0127  0.0597  0.9942  0.2354  0.0893  0.0284  0.3034
  37  0.1073  0.0748  0.0119  0.0229  0.0141  0.0585  0.9988  0.2410  0.0910  0.0279  0.3087
  38  0.1028  0.0747  0.0093  0.0227  0.0179  0.0601  1.0017  0.2488  0.0895  0.0280  0.3093
  39  0.0990  0.0746  0.0087  0.0217  0.0201  0.0571  1.0026  0.2566  0.0881  0.0276  0.3118
  40  0.0972  0.0719  0.0092  0.0201  0.0220  0.0575  0.9999  0.2601  0.0866  0.0224  0.3186
  41  0.0909  0.0694  0.0117  0.0170  0.0211  0.0590  0.9977  0.2644  0.0859  0.0205  0.3350
  42  0.0879  0.0636  0.0126  0.0143  0.0242  0.0575  0.9994  0.2765  0.0842  0.0191  0.3470
  43  0.0778  0.0647  0.0107  0.0141  0.0227  0.0556  1.0009  0.2915  0.0782  0.0181  0.3636
  44  0.0753  0.0614  0.0108  0.0141  0.0235  0.0511  0.9960  0.3050  0.0730  0.0199  0.3764
  45  0.0673  0.0574  0.0063  0.0124  0.0243  0.0472  0.9970  0.3241  0.0715  0.0205  0.3870
  46  0.0605  0.0557  0.0097  0.0119  0.0209  0.0448  0.9991  0.3485  0.0693  0.0165  0.3983
  47  0.0559  0.0484  0.0070  0.0078  0.0212  0.0421  1.0022  0.3729  0.0685  0.0142  0.4194
  48  0.0540  0.0411  0.0061  0.0082  0.0214  0.0373  1.0016  0.3980  0.0628  0.0151  0.4443
  49  0.0473  0.0382  0.0070  0.0082  0.0185  0.0349  1.0020  0.4264  0.0627  0.0125  0.4631
  50  0.0406  0.0333  0.0085  0.0041  0.0166  0.0320  1.0036  0.4560  0.0574  0.0092  0.4902
  51  0.0375  0.0294  0.0068  0.0051  0.0112  0.0276  1.0030  0.4869  0.0540  0.0078  0.5203
  52  0.0345  0.0260  0.0057  0.0031  0.0091  0.0229  1.0014  0.5207  0.0547  0.0092  0.5524
  53  0.0354  0.0241  0.0018  0.0041  0.0093  0.0206  0.9993  0.5490  0.0519  0.0077  0.5806
  54  0.0338  0.0205  0.0040  0.0010  0.0104  0.0208  0.9973  0.5815  0.0464  0.0033  0.6116
  55  0.0294  0.0149  0.0014  0.0004  0.0087  0.0173  0.9991  0.6120  0.0455  0.0036  0.6484
  56  0.0272  0.0160 -0.0009  0.0041  0.0088  0.0185  0.9965  0.6403  0.0463  0.0018  0.6776
  57  0.0234  0.0169 -0.0031  0.0043  0.0106  0.0145  0.9972  0.6660  0.0423  0.0024  0.7059
  58  0.0197  0.0159 -0.0013  0.0038  0.0114  0.0134  0.9978  0.6918  0.0431  0.0050  0.7285
  59  0.0190  0.0129 -0.0026  0.0059  0.0122  0.0116  0.9980  0.7171  0.0407  0.0067  0.7472
  60  0.0188  0.0129 -0.0020  0.0056  0.0135  0.0106  0.9990  0.7409  0.0410  0.0035  0.7612
  61  0.0135  0.0090 -0.0002  0.0054  0.0109  0.0114  1.0006  0.7634  0.0376  0.0031  0.7767
  62  0.0130  0.0049  0.0063  0.0050  0.0092  0.0107  1.0039  0.7840  0.0360  0.0053  0.7942
  63  0.0119  0.0047  0.0084  0.0014  0.0085  0.0120  1.0038  0.8002  0.0353  0.0077  0.8068
  64  0.0066  0.0031  0.0063  0.0019  0.0055  0.0094  1.0053  0.8149  0.0358  0.0095  0.8084
  65  0.0034  0.0040  0.0096  0.0048  0.0029  0.0102  1.0044  0.8335  0.0348  0.0091  0.8087
  66  0.0024  0.0015  0.0083  0.0055  0.0016  0.0068  1.0051  0.8451  0.0367  0.0104  0.8053
  67  0.0035  0.0008  0.0072  0.0046 -0.0017  0.0117  1.0106  0.8644  0.0355  0.0123  0.7972
  68  0.0020 -0.0007  0.0076  0.0025 -0.0015  0.0157  1.0081  0.8786  0.0352  0.0116  0.7899
  69 -0.0005  0.0009  0.0056  0.0029 -0.0029  0.0183  1.0054  0.8892  0.0326  0.0157  0.7795
  70 -0.0001  0.0043  0.0039  0.0037 -0.0027  0.0154  1.0046  0.9019  0.0338  0.0166  0.7638
  71  0.0010  0.0057  0.0050  0.0017  0.0018  0.0137  1.0058  0.9121  0.0303  0.0145  0.7487
  72 -0.0004  0.0014  0.0029  0.0017  0.0002  0.0108  1.0029  0.9233  0.0281  0.0122  0.7384
  73 -0.0007  0.0044 -0.0016  0.0009  0.0003  0.0126  1.0040  0.9317  0.0295  0.0123  0.7402
  74  0.0017  0.0049 -0.0037  0.0019 -0.0005  0.0122  1.0060  0.9391  0.0311  0.0104  0.7420
  75  0.0020  0.0057 -0.0027  0.0012 -0.0027  0.0138  1.0066  0.9440  0.0289  0.0114  0.7461
  76  0.0055  0.0060 -0.0008 -0.0001 -0.0049  0.0129  1.0064  0.9489  0.0278  0.0065  0.7509
  77  0.0010  0.0033  0.0003 -0.0009 -0.0041  0.0158  1.0050  0.9542  0.0263  0.0042  0.7670
  78 -0.0035  0.0037 -0.0004 -0.0014 -0.0012  0.0136  1.0037  0.9554  0.0244  0.0030  0.7852
  79 -0.0036  0.0013 -0.0015  0.0014 -0.0034  0.0083  1.0048  0.9596  0.0232  0.0026  0.8048
  80 -0.0046  0.0013 -0.0017  0.0058 -0.0020  0.0052  1.0033  0.9610  0.0181  0.0032  0.8224
  81 -0.0053  0.0005  0.0005  0.0042  0.0024  0.0082  1.0022  0.9670  0.0173  0.0013  0.8407
  82 -0.0045 -0.0016  0.0008  0.0040  0.0020  0.0053  1.0020  0.9687  0.0189  0.0033  0.8539
  83 -0.0063 -0.0004  0.0025  0.0042 -0.0000  0.0053  1.0036  0.9723  0.0187  0.0010  0.8642
  84 -0.0032 -0.0017  0.0029  0.0041 -0.0029  0.0061  1.0055  0.9703  0.0221  0.0037  0.8739
  85 -0.0009 -0.0045  0.0030  0.0016 -0.0052  0.0075  1.0096  0.9703  0.0200  0.0038  0.8788
  86 -0.0009 -0.0052  0.0031  0.0028 -0.0049  0.0054  1.0060  0.9697  0.0175  0.0017  0.8828
  87 -0.0002 -0.0041  0.0009  0.0014 -0.0042  0.0082  1.0083  0.9742  0.0191  0.0019  0.8914
  88  0.0005 -0.0035 -0.0014 -0.0012 -0.0068  0.0086  1.0077  0.9742  0.0203 -0.0020  0.9005
  89  0.0015 -0.0057 -0.0028 -0.0020 -0.0092  0.0088  1.0056  0.9771  0.0227 -0.0028  0.9078
  90  0.0044 -0.0046 -0.0028 -0.0043 -0.0111  0.0090  1.0076  0.9774  0.0187 -0.0026  0.9125
  91  0.0027 -0.0049 -0.0007 -0.0075 -0.0066  0.0103  1.0059  0.9794  0.0165  0.0000  0.9188
  92  0.0047 -0.0022  0.0026 -0.0067 -0.0073  0.0083  1.0078  0.9780  0.0159  0.0033  0.9254
  93  0.0056  0.0024  0.0062 -0.0084 -0.0069  0.0097  1.0043  0.9815  0.0138  0.0001  0.9316
  94  0.0056 -0.0008  0.0054 -0.0048 -0.0077  0.0051  1.0026  0.9817  0.0129 -0.0022  0.9379
  95  0.0047  0.0001  0.0075 -0.0053 -0.0099  0.0030  1.0040  0.9833  0.0175  0.0006  0.9443
  96  0.0026  0.0015  0.0088 -0.0012 -0.0096 -0.0001  1.0010  0.9825  0.0152 -0.0037  0.9445
  97  0.0010 -0.0014  0.0051 -0.0057 -0.0109  0.0001  0.9991  0.9857  0.0147  0.0002  0.9471
  98  0.0018 -0.0009  0.0059 -0.0041 -0.0127  0.0026  1.0012  0.9888  0.0156  0.0004  0.9483
  99  0.0033  0.0026  0.0039 -0.0024 -0.0114  0.0005  0.9990  0.9892  0.0158 -0.0010  0.9525
 100  0.0022 -0.0025  0.0026 -0.0012 -0.0116 -0.0026  1.0013  0.9851  0.0158 -0.0006  0.9538
 101  0.0027 -0.0006  0.0034 -0.0022 -0.0107 -0.0074  0.9993  0.9875  0.0168  0.0038  0.9538
 102  0.0010 -0.0021  0.0029 -0.0006 -0.0095 -0.0081  0.9983  0.9897  0.0161  0.0061  0.9528
 103 -0.0020  0.0012  0.0018  0.0010 -0.0121 -0.0073  0.9983  0.9941  0.0152  0.0051  0.9486
 104 -0.0015 -0.0012  0.0028 -0.0015 -0.0084 -0.0068  1.0020  0.9955  0.0122  0.0064  0.9434
 105 -0.0006 -0.0028 -0.0022 -0.0006 -0.0085 -0.0052  1.0045  1.0012  0.0127  0.0058  0.9395
 106 -0.0003 -0.0030 -0.0010 -0.0022 -0.0018 -0.0051  1.0036  1.0038  0.0119  0.0047  0.9404
 107 -0.0000 -0.0032 -0.0039 -0.0027 -0.0061 -0.0016  1.0032  1.0055  0.0142  0.0057  0.9383
 108  0.0009 -0.0061 -0.0049 -0.0003 -0.0046 -0.0025  1.0030  1.0067  0.0165  0.0070  0.9399
 109  0.0010 -0.0051 -0.0075 -0.0037 -0.0072 -0.0000  1.0010  1.0059  0.0178  0.0050  0.9358
 110  0.0011 -0.0047 -0.0075 -0.0053 -0.0026 -0.0006  0.9987  1.0051  0.0159  0.0050  0.9304
 111  0.0030 -0.0044 -0.0054  0.0003 -0.0020  0.0007  0.9990  1.0037  0.0170  0.0061  0.9302
 112  0.0040 -0.0049 -0.0043  0.0020 -0.0012 -0.0011  1.0009  1.0014  0.0203  0.0063  0.9266
 113  0.0025 -0.0036 -0.0030  0.0017 -0.0002 -0.0014  1.0028  1.0007  0.0214  0.0027  0.9278
 114  0.0034 -0.0007 -0.0019  0.0002 -0.0010  0.0010  1.0037  1.0031  0.0185  0.0014  0.9327
 115  0.0033 -0.0016 -0.0026  0.0047 -0.0053  0.0024  1.0047  1.0040  0.0179 -0.0011  0.9368
 116  0.0036 -0.0032 -0.0035  0.0032 -0.0025  0.0038  1.0062  1.0058  0.0195 -0.0014  0.9399
 117  0.0019 -0.0049  0.0001  0.0010 -0.0001  0.0046  1.0067  1.0054  0.0206 -0.0021  0.9431
 118 -0.0002 -0.0056 -0.0014 -0.0012 -0.0027  0.0020  1.0020  1.0051  0.0189 -0.0043  0.9453
 119 -0.0033 -0.0040 -0.0034 -0.0006 -0.0017 -0.0001  1.0024  1.0048  0.0187 -0.0066  0.9388
 120 -0.0072 -0.0057 -0.0023  0.0004 -0.0021 -0.0040  1.0033  1.0047  0.0154 -0.0102  0.9279
 121 -0.0051 -0.0072 -0.0033  0.0032  0.0006 -0.0010  1.0014  1.0025  0.0137 -0.0045  0.9214
 122 -0.0010 -0.0067 -0.0031  0.0045 -0.0016 -0.0032  0.9999  1.0044  0.0113 -0.0053  0.9235
 123 -0.0016 -0.0022 -0.0046  0.0053  0.0033 -0.0023  0.9987  1.0077  0.0106 -0.0070  0.9217
 124 -0.0024  0.0004 -0.0002  0.0068  0.0045 -0.0010  0.9951  1.0050  0.0143 -0.0073  0.9173
 125 -0.0013  0.0028 -0.0025  0.0082  0.0029  0.0000  0.9966  1.0051  0.0130 -0.0051  0.9145
 126  0.0001  0.0038 -0.0014  0.0064  0.0025  0.0015  0.9946  1.0036  0.0143 -0.0030  0.9208
 127  0.0019  0.0020  0.0014  0.0059  0.0049  0.0006  0.9966  1.0070  0.0153 -0.0007  0.9237
 128  0.0013  0.0020 -0.0016  0.0078  0.0046 -0.0001  0.9967  1.0073  0.0134 -0.0020  0.9318
 129  0.0014  0.0001 -0.0018  0.0061  0.0054 -0.0001  0.9890  1.0060  0.0140 -0.0036  0.9352
 130  0.0012  0.0023  0.0008  0.0047  0.0052  0.0031  0.9867  1.0054  0.0129 -0.0066  0.9382
 131  0.0046  0.0011  0.0021  0.0024  0.0071  0.0007  0.9872  1.0041  0.0126 -0.0076  0.9325
 132  0.0076  0.0017  0.0033  0.0055  0.0050 -0.0009  0.9915  1.0054  0.0115 -0.0097  0.9201
 133  0.0060 -0.0005  0.0035  0.0096  0.0063 -0.0023  0.9915  1.0067  0.0127 -0.0064  0.9187
 134  0.0047 -0.0028  0.0049  0.0084  0.0045 -0.0056  0.9913  1.0035  0.0142 -0.0047  0.9199
 135  0.0025 -0.0020  0.0027  0.0066  0.0047 -0.0079  0.9926  1.0030  0.0155 -0.0053  0.9198
 136 -0.0021 -0.0027  0.0011  0.0058  0.0014 -0.0077  0.9937  1.0013  0.0142 -0.0045  0.9245
 137  0.0004 -0.0047  0.0010  0.0046  0.0034 -0.0083  0.9928  1.0007  0.0132 -0.0048  0.9223
 138 -0.0005 -0.0044  0.0010  0.0071  0.0050 -0.0112  0.9953  1.0032  0.0121 -0.0062  0.9245
 139 -0.0024 -0.0053 -0.0003  0.0077  0.0031 -0.0069  0.9930  1.0028  0.0139 -0.0057  0.9270
 140 -0.0037 -0.0068  0.0006  0.0068 -0.0003 -0.0067  0.9922  1.0050  0.0130 -0.0046  0.9242
 141 -0.0025 -0.0118  0.0045  0.0063  0.0038 -0.0059  0.9912  1.0043  0.0146 -0.0021  0.9326
 142 -0.0035 -0.0115  0.0021  0.0030  0.0031 -0.0027  0.9922  1.0022  0.0159 -0.0018  0.9364
 143 -0.0047 -0.0133  0.0032  0.0019  0.0045 -0.0009  0.9908  0.9997  0.0136 -0.0015  0.9374
 144 -0.0034 -0.0162  0.0016  0.0016  0.0036 -0.0008  0.9939  0.9976  0.0130  0.0010  0.9445
 145 -0.0020 -0.0150 -0.0011  0.0020  0.0013 -0.0019  0.9939  0.9940  0.0152 -0.0055  0.9498
 146 -0.0036 -0.0153  0.0025 -0.0013  0.0014  0.0004  0.9974  0.9920  0.0124 -0.0030  0.9443
 147 -0.0031 -0.0116  0.0011  0.0010 -0.0024  0.0007  1.0010  0.9935  0.0109 -0.0066  0.9493
 148 -0.0025 -0.0083  0.0027  0.0005  0.0005 -0.0013  1.0015  0.9927  0.0135 -0.0069  0.9399
 149 -0.0009 -0.0059  0.0018  0.0034 -0.0012 -0.0019  0.9998  0.9933  0.0131 -0.0052  0.9405
 150 -0.0026 -0.0072 -0.0009  0.0035 -0.0025 -0.0008  0.9975  0.9958  0.0165 -0.0065  0.9399
 151  0.0007 -0.0051  0.0007  0.0035 -0.0029 -0.0012  1.0006  0.9932  0.0160 -0.0076  0.9373
 152 -0.0011 -0.0075  0.0026  0.0028 -0.0049 -0.0005  1.0015  0.9919  0.0152 -0.0097  0.9324
 153 -0.0030 -0.0045  0.0028  0.0052 -0.0047 -0.0037  0.9988  0.9913  0.0177 -0.0087  0.9231
 154  0.0001 -0.0022  0.0062  0.0049 -0.0043 -0.0017  0.9990  0.9912  0.0154 -0.0071  0.9161
 155 -0.0011 -0.0020  0.0015  0.0029 -0.0055 -0.0004  0.9988  0.9917  0.0108 -0.0076  0.9117
 156  0.0028 -0.0031  0.0010  0.0049 -0.0071  0.0019  1.0000  0.9947  0.0127 -0.0080  0.9097
 157  0.0030 -0.0035  0.0007  0.0053 -0.0067 -0.0000  1.0014  0.9977  0.0126 -0.0046  0.9068
 158  0.0065 -0.0022 -0.0005  0.0081 -0.0045 -0.0004  0.9986  0.9969  0.0110 -0.0028  0.9116
 159  0.0050  0.0003 -0.0012  0.0053 -0.0035  0.0008  1.0009  0.9967  0.0066 -0.0033  0.9177
