# model = krumsiek11.txt 
# tmax = 160
# branching = True
# nrRealizations = 10
# noiseObs = 0.002154434690031882
# noiseDyn = 0.001
# seed = 0
# it   Gata2   Gata1    Fog1    EKLF    Fli1     SCL   Cebpa    Pu.1    cJun  EgrNab    Gfi1 
   0  0.8046 -0.0002  0.0023  0.0046  0.0018  0.0063  0.8001  0.8016  0.0013  0.0026  0.0011
   1  0.7243 -0.0004  0.0002 -0.0010  0.0009  0.0002  0.8195  0.7247  0.0796  0.0084  0.0935
   2  0.6591  0.0039 -0.0019 -0.0052  0.0022 -0.0035  0.8342  0.6618  0.1090  0.0240  0.1506
   3  0.5967  0.0031 -0.0020 -0.0075  0.0003 -0.0031  0.8518  0.5987  0.1263  0.0344  0.1735
   4  0.5348  0.0067 -0.0037 -0.0077  0.0002 -0.0071  0.8657  0.5472  0.1389  0.0374  0.1757
   5  0.4867  0.0086  0.0000 -0.0044 -0.0004 -0.0029  0.8765  0.4987  0.1480  0.0448  0.1722
   6  0.4475  0.0162 -0.0029 -0.0097 -0.0001 -0.0023  0.8854  0.4496  0.1576  0.0474  0.1758
   7  0.4096  0.0154  0.0014 -0.0191 -0.0018 -0.0091  0.9010  0.4106  0.1679  0.0598  0.1652
   8  0.3718  0.0144  0.0039 -0.0120 -0.0053 -0.0100  0.9067  0.3759  0.1731  0.0636  0.1593
   9  0.3424  0.0185  0.0024 -0.0083 -0.0037 -0.0022  0.9112  0.3381  0.1813  0.0685  0.1571
  10  0.3089  0.0182 -0.0008 -0.0091 -0.0041 -0.0047  0.9210  0.3207  0.1866  0.0833  0.1436
  11  0.2937  0.0235  0.0002 -0.0099 -0.0049  0.0002  0.9318  0.2930  0.2003  0.0784  0.1356
  12  0.2674  0.0242 -0.0026 -0.0077  0.0004  0.0018  0.9362  0.2728  0.2142  0.0941  0.1277
  13  0.2511  0.0256 -0.0018 -0.0016 -0.0047 -0.0023  0.9430  0.2601  0.2200  0.1014  0.1169
  14  0.2305  0.0382 -0.0004 -0.0041 -0.0054 -0.0022  0.9471  0.2401  0.2302  0.1154  0.1092
  15  0.2220  0.0424 -0.0013 -0.0020  0.0029  0.0003  0.9473  0.2369  0.2462  0.1186  0.1036
  16  0.2076  0.0398  0.0028 -0.0023  0.0080  0.0095  0.9549  0.2248  0.2601  0.1386  0.0917
  17  0.1997  0.0476 -0.0006  0.0022 -0.0036  0.0078  0.9581  0.2188  0.2890  0.1604  0.0877
  18  0.1927  0.0520  0.0027  0.0053  0.0034  0.0145  0.9597  0.2098  0.3118  0.1746  0.0776
  19  0.1785  0.0640  0.0061  0.0059 -0.0000  0.0206  0.9572  0.2049  0.3348  0.2014  0.0731
  20  0.1687  0.0713  0.0054  0.0075  0.0058  0.0236  0.9589  0.2051  0.3509  0.2243  0.0645
  21  0.1738  0.0744  0.0036  0.0095  0.0069  0.0270  0.9573  0.2014  0.3715  0.2413  0.0578
  22  0.1674  0.0768  0.0067  0.0201  0.0078  0.0264  0.9654  0.1986  0.3942  0.2708  0.0460
  23  0.1562  0.0857  0.0098  0.0167  0.0137  0.0420  0.9670  0.2010  0.4227  0.2951  0.0473
  24  0.1525  0.0847  0.0114  0.0200  0.0082  0.0349  0.9750  0.1952  0.4427  0.3232  0.0413
  25  0.1469  0.0810  0.0090  0.0138  0.0132  0.0436  0.9749  0.1889  0.4700  0.3503  0.0371
  26  0.1474  0.0861  0.0130  0.0175  0.0135  0.0462  0.9757  0.1884  0.4948  0.3760  0.0282
  27  0.1435  0.0892  0.0073  0.0169  0.0156  0.0562  0.9710  0.1881  0.5168  0.4024  0.0246
  28  0.1451  0.0872  0.0139  0.0236  0.0131  0.0577  0.9783  0.1908  0.5284  0.4335  0.0198
  29  0.1471  0.0903  0.0087  0.0255  0.0191  0.0559  0.9834  0.1878  0.5521  0.4616  0.0145
  30  0.1456  0.0918  0.0102  0.0294  0.0229  0.0606  0.9884  0.1833  0.5643  0.4824  0.0236
  31  0.1368  0.0966  0.0112  0.0285  0.0194  0.0677  0.9920  0.1895  0.5882  0.5059  0.0193
  32  0.1358  0.0966  0.0064  0.0261  0.0237  0.0716  0.9878  0.1948  0.6019  0.5224  0.0208
  33  0.1352  0.0982  0.0048  0.0247  0.0253  0.0731  0.9868  0.1856  0.6153  0.5398  0.0204
  34  0.1323  0.0976  0.0031  0.0280  0.0282  0.0778  0.9899  0.1872  0.6339  0.5541  0.0209
  35  0.1301  0.1058  0.0060  0.0322  0.0258  0.0853  0.9967  0.1893  0.6455  0.5770  0.0163
  36  0.1287  0.0990  0.0068  0.0274  0.0271  0.0865  0.9975  0.1854  0.6544  0.5934  0.0097
  37  0.1256  0.0995  0.0127  0.0339  0.0284  0.0904  0.9934  0.1912  0.6655  0.6059  0.0062
  38  0.1232  0.1068  0.0058  0.0390  0.0283  0.0996  0.9881  0.1886  0.6765  0.6179  0.0147
  39  0.1210  0.1031  0.0116  0.0373  0.0312  0.1008  0.9919  0.1853  0.6820  0.6296  0.0098
  40  0.1189  0.1034  0.0081  0.0387  0.0347  0.1006  0.9851  0.1873  0.6929  0.6392  0.0100
  41  0.1171  0.1067  0.0021  0.0341  0.0320  0.1008  0.9863  0.1866  0.7007  0.6528  0.0070
  42  0.1194  0.1054  0.0063  0.0351  0.0294  0.1023  0.9903  0.1880  0.7103  0.6568  0.0081
  43  0.1131  0.1080  0.0069  0.0361  0.0304  0.1066  0.9886  0.1945  0.7188  0.6729  0.0073
  44  0.1128  0.1078  0.0064  0.0307  0.0321  0.1046  0.9921  0.1901  0.7199  0.6799  0.0045
  45  0.1151  0.1086  0.0138  0.0353  0.0330  0.1070  0.9899  0.1906  0.7201  0.6869  0.0047
  46  0.1187  0.1055  0.0082  0.0343  0.0359  0.1070  0.9861  0.1895  0.7350  0.6974  0.0085
  47  0.1159  0.1033  0.0131  0.0337  0.0398  0.1054  0.9896  0.1885  0.7338  0.7071  0.0002
  48  0.1182  0.1054  0.0154  0.0389  0.0355  0.1132  0.9874  0.1876  0.7426  0.7119 -0.0004
  49  0.1138  0.1015  0.0086  0.0370  0.0344  0.1069  0.9893  0.1960  0.7479  0.7239  0.0041
  50  0.1090  0.1001  0.0056  0.0322  0.0345  0.1070  0.9945  0.2006  0.7540  0.7302 -0.0006
  51  0.1111  0.1014  0.0072  0.0358  0.0339  0.1056  0.9870  0.2004  0.7538  0.7338 -0.0040
  52  0.1047  0.1016  0.0123  0.0356  0.0348  0.1040  0.9923  0.2005  0.7568  0.7395  0.0020
  53  0.1021  0.1010  0.0080  0.0368  0.0336  0.1091  0.9930  0.2035  0.7619  0.7468 -0.0027
  54  0.1020  0.0949  0.0103  0.0340  0.0353  0.1078  0.9921  0.2085  0.7622  0.7517 -0.0070
  55  0.1011  0.0947  0.0102  0.0373  0.0342  0.1054  0.9894  0.2166  0.7700  0.7532 -0.0041
  56  0.0956  0.0847  0.0145  0.0322  0.0303  0.1026  0.9846  0.2242  0.7727  0.7613  0.0003
  57  0.0926  0.0854  0.0057  0.0330  0.0268  0.0988  0.9858  0.2286  0.7842  0.7643  0.0006
  58  0.0839  0.0779  0.0036  0.0297  0.0259  0.0984  0.9880  0.2415  0.7912  0.7703  0.0056
  59  0.0816  0.0736  0.0018  0.0258  0.0266  0.0900  0.9903  0.2552  0.8004  0.7807 -0.0046
  60  0.0774  0.0740  0.0014  0.0260  0.0266  0.0876  0.9881  0.2672  0.8050  0.7826 -0.0014
  61  0.0686  0.0678 -0.0022  0.0266  0.0185  0.0838  0.9841  0.2834  0.8167  0.7915  0.0005
  62  0.0686  0.0608  0.0019  0.0286  0.0184  0.0849  0.9882  0.2988  0.8284  0.8015 -0.0032
  63  0.0648  0.0561 -0.0039  0.0274  0.0141  0.0766  0.9929  0.3219  0.8359  0.8085 -0.0018
  64  0.0609  0.0531  0.0045  0.0257  0.0150  0.0686  0.9938  0.3418  0.8381  0.8194 -0.0035
  65  0.0575  0.0479  0.0032  0.0244  0.0106  0.0639  0.9953  0.3662  0.8522  0.8269 -0.0070
  66  0.0550  0.0441  0.0033  0.0255  0.0162  0.0552  0.9980  0.3894  0.8525  0.8319 -0.0002
  67  0.0477  0.0380  0.0055  0.0210  0.0100  0.0535  0.9959  0.4175  0.8623  0.8457  0.0029
  68  0.0468  0.0378  0.0069  0.0228  0.0113  0.0466  0.9970  0.4427  0.8745  0.8524 -0.0011
  69  0.0383  0.0310  0.0084  0.0221  0.0151  0.0439  0.9961  0.4754  0.8802  0.8597  0.0004
  70  0.0360  0.0311  0.0084  0.0249  0.0053  0.0403  0.9958  0.5106  0.8882  0.8714 -0.0006
  71  0.0374  0.0280  0.0065  0.0141  0.0021  0.0351  0.9950  0.5353  0.8905  0.8804 -0.0064
  72  0.0350  0.0204  0.0089  0.0155  0.0077  0.0334  0.9949  0.5628  0.8924  0.8865 -0.0033
  73  0.0292  0.0197  0.0030  0.0195  0.0101  0.0295  1.0011  0.5979  0.9006  0.8976 -0.0006
  74  0.0201  0.0136 -0.0001  0.0154  0.0050  0.0309  1.0064  0.6227  0.9077  0.9039  0.0014
  75  0.0243  0.0089 -0.0021  0.0164  0.0013  0.0291  1.0081  0.6513  0.9186  0.9124  0.0062
  76  0.0230  0.0104 -0.0011  0.0136  0.0060  0.0239  1.0037  0.6809  0.9232  0.9168 -0.0015
  77  0.0175  0.0108 -0.0020  0.0101  0.0057  0.0227  1.0029  0.7095  0.9335  0.9195  0.0025
  78  0.0170  0.0050 -0.0043  0.0143  0.0016  0.0210  1.0011  0.7361  0.9381  0.9257 -0.0032
  79  0.0172  0.0109  0.0027  0.0115 -0.0003  0.0186  1.0042  0.7563  0.9439  0.9336 -0.0002
  80  0.0154  0.0135  0.0011  0.0072 -0.0042  0.0165  0.9991  0.7763  0.9450  0.9323  0.0023
  81  0.0135  0.0111  0.0059  0.0042 -0.0037  0.0189  0.9986  0.7906  0.9501  0.9422 -0.0018
  82  0.0160  0.0095  0.0050  0.0058  0.0022  0.0142  0.9994  0.8126  0.9514  0.9472  0.0000
  83  0.0131  0.0130  0.0045  0.0080 -0.0065  0.0120  0.9943  0.8278  0.9497  0.9497 -0.0019
  84  0.0147  0.0144  0.0056  0.0098 -0.0036  0.0123  0.9946  0.8401  0.9510  0.9535 -0.0015
  85  0.0091  0.0079  0.0103  0.0107 -0.0080  0.0138  1.0002  0.8546  0.9592  0.9512 -0.0017
  86  0.0093  0.0050  0.0064  0.0100 -0.0049  0.0123  0.9956  0.8674  0.9584  0.9513 -0.0004
  87  0.0006  0.0041  0.0089  0.0027 -0.0033  0.0122  1.0003  0.8819  0.9636  0.9595 -0.0063
  88  0.0034  0.0090  0.0065 -0.0003 -0.0001  0.0131  0.9951  0.8945  0.9633  0.9571  0.0009
  89 -0.0016  0.0137  0.0060  0.0048 -0.0021  0.0114  1.0006  0.9033  0.9623  0.9668 -0.0026
  90 -0.0017  0.0192  0.0069  0.0090  0.0050  0.0108  0.9950  0.9032  0.9718  0.9662 -0.0055
  91  0.0016  0.0105  0.0031  0.0073 -0.0036  0.0120  1.0002  0.9128  0.9696  0.9716 -0.0051
  92  0.0004  0.0095  0.0063  0.0035  0.0048  0.0053  0.9993  0.9208  0.9700  0.9671 -0.0082
  93 -0.0061  0.0156  0.0076  0.0114  0.0077  0.0003  0.9986  0.9257  0.9710  0.9739 -0.0075
  94 -0.0026  0.0137  0.0028  0.0086  0.0052  0.0046  0.9998  0.9378  0.9722  0.9714 -0.0151
  95 -0.0053  0.0061  0.0076  0.0049  0.0017 -0.0005  1.0081  0.9510  0.9767  0.9694 -0.0055
  96 -0.0013  0.0108  0.0087  0.0054  0.0035 -0.0007  1.0020  0.9452  0.9755  0.9700 -0.0072
  97 -0.0042  0.0121  0.0098  0.0057  0.0016 -0.0017  1.0016  0.9541  0.9775  0.9683 -0.0057
  98 -0.0079  0.0142  0.0129  0.0068 -0.0016 -0.0039  1.0001  0.9584  0.9797  0.9686 -0.0036
  99 -0.0058  0.0114  0.0088 -0.0008 -0.0009 -0.0040  0.9998  0.9570  0.9778  0.9690 -0.0047
 100 -0.0097  0.0171  0.0071 -0.0025 -0.0026 -0.0014  0.9918  0.9663  0.9800  0.9714 -0.0064
 101 -0.0031  0.0114  0.0061  0.0013 -0.0011 -0.0010  0.9954  0.9613  0.9831  0.9725 -0.0073
 102 -0.0073  0.0158  0.0014  0.0020 -0.0054 -0.0014  0.9915  0.9637  0.9780  0.9733 -0.0099
 103 -0.0038  0.0167  0.0019  0.0029 -0.0016 -0.0018  0.9976  0.9575  0.9827  0.9736 -0.0097
 104 -0.0030  0.0164 -0.0009  0.0023  0.0001 -0.0028  0.9937  0.9597  0.9793  0.9769 -0.0042
 105 -0.0054  0.0126  0.0013  0.0047  0.0043  0.0004  0.9922  0.9609  0.9843  0.9681 -0.0017
 106 -0.0039  0.0170  0.0025 -0.0033  0.0023  0.0040  0.9938  0.9623  0.9843  0.9729 -0.0044
 107  0.0014  0.0115 -0.0013 -0.0029  0.0106  0.0051  0.9982  0.9679  0.9824  0.9776  0.0012
 108  0.0007  0.0100 -0.0003 -0.0067  0.0104  0.0072  0.9958  0.9698  0.9844  0.9746 -0.0088
 109  0.0035  0.0114 -0.0039 -0.0081  0.0053  0.0002  0.9917  0.9750  0.9867  0.9739  0.0013
 110  0.0037  0.0105  0.0003 -0.0031  0.0076  0.0034  0.9951  0.9782  0.9835  0.9664 -0.0023
 111  0.0053  0.0095  0.0044 -0.0066  0.0050  0.0047  0.9924  0.9850  0.9882  0.9625  0.0004
 112  0.0046  0.0058  0.0016 -0.0054  0.0039  0.0046  0.9927  0.9878  0.9874  0.9669  0.0006
 113 -0.0012  0.0092 -0.0078 -0.0006  0.0065  0.0045  0.9944  0.9795  0.9913  0.9618 -0.0015
 114  0.0032  0.0065  0.0006 -0.0113  0.0070  0.0040  0.9909  0.9868  0.9901  0.9705  0.0016
 115  0.0061  0.0055 -0.0030 -0.0077  0.0022  0.0034  0.9930  0.9893  0.9873  0.9753  0.0049
 116  0.0041  0.0021 -0.0007 -0.0093 -0.0001  0.0036  0.9999  0.9874  0.9905  0.9752  0.0036
 117  0.0069 -0.0015 -0.0010 -0.0076  0.0014  0.0014  0.9895  0.9893  0.9955  0.9777  0.0091
 118  0.0033 -0.0002 -0.0014 -0.0024  0.0003  0.0028  0.9956  0.9885  0.9950  0.9786  0.0058
 119 -0.0008 -0.0038 -0.0023 -0.0050  0.0025 -0.0008  0.9891  0.9948  0.9907  0.9781  0.0045
 120  0.0090 -0.0023 -0.0001 -0.0022  0.0088 -0.0043  0.9943  0.9927  0.9914  0.9731  0.0057
 121  0.0049 -0.0001 -0.0014 -0.0036  0.0073  0.0024  0.9944  0.9881  0.9929  0.9742  0.0069
 122  0.0025 -0.0067  0.0044 -0.0082  0.0061  0.0010  0.9947  0.9889  0.9839  0.9756  0.0094
 123  0.0025 -0.0059 -0.0003 -0.0070  0.0083 -0.0025  0.9955  0.9940  0.9820  0.9712  0.0113
 124 -0.0026 -0.0052 -0.0004 -0.0055  0.0091 -0.0007  0.9946  0.9909  0.9853  0.9696  0.0148
 125 -0.0010 -0.0010 -0.0006 -0.0044  0.0001  0.0055  0.9977  0.9897  0.9849  0.9669  0.0119
 126  0.0003 -0.0027 -0.0014 -0.0067  0.0088  0.0066  1.0019  0.9916  0.9861  0.9629  0.0137
 127 -0.0028 -0.0018 -0.0003 -0.0075  0.0100 -0.0017  0.9955  0.9960  0.9767  0.9613  0.0065
 128 -0.0040 -0.0052  0.0035 -0.0037  0.0044 -0.0024  1.0016  0.9939  0.9812  0.9584  0.0133
 129  0.0039 -0.0116 -0.0035 -0.0011  0.0091  0.0003  0.9991  0.9916  0.9874  0.9588  0.0080
 130  0.0050 -0.0097 -0.0042 -0.0032  0.0105  0.0061  0.9966  0.9861  0.9855  0.9635  0.0134
 131 -0.0007 -0.0050 -0.0032  0.0012  0.0034 -0.0004  0.9974  0.9908  0.9790  0.9632  0.0108
 132 -0.0022  0.0001 -0.0039  0.0019  0.0099  0.0068  0.9943  0.9888  0.9785  0.9632  0.0066
 133  0.0016 -0.0026  0.0028  0.0081  0.0083  0.0017  1.0015  0.9878  0.9812  0.9617  0.0057
 134  0.0054 -0.0107  0.0050  0.0046  0.0033  0.0016  1.0032  0.9872  0.9785  0.9646  0.0013
 135 -0.0025 -0.0071 -0.0042  0.0050  0.0088  0.0016  1.0053  0.9887  0.9833  0.9673  0.0058
 136  0.0011 -0.0036 -0.0028  0.0027  0.0052 -0.0013  0.9967  0.9959  0.9835  0.9656  0.0002
 137 -0.0044 -0.0026 -0.0051  0.0013  0.0108 -0.0008  0.9941  0.9924  0.9858  0.9671 -0.0019
 138 -0.0031 -0.0014 -0.0068  0.0021  0.0083  0.0019  0.9960  0.9904  0.9838  0.9653  0.0014
 139  0.0001  0.0004 -0.0078 -0.0013  0.0094  0.0066  0.9950  0.9967  0.9842  0.9627  0.0055
 140 -0.0011 -0.0041 -0.0033 -0.0011  0.0161  0.0025  0.9963  0.9933  0.9878  0.9627  0.0031
 141 -0.0004 -0.0085 -0.0024  0.0000  0.0092 -0.0016  0.9981  0.9959  0.9836  0.9675  0.0032
 142  0.0023 -0.0110  0.0019 -0.0061  0.0044  0.0059  1.0013  1.0031  0.9849  0.9713  0.0090
 143 -0.0020 -0.0127  0.0007 -0.0021  0.0045  0.0055  0.9964  1.0000  0.9772  0.9710  0.0080
 144 -0.0024 -0.0079 -0.0021 -0.0035  0.0063 -0.0000  0.9990  0.9975  0.9802  0.9692  0.0042
 145 -0.0009 -0.0127  0.0057 -0.0030  0.0014 -0.0005  1.0002  0.9924  0.9820  0.9638  0.0027
 146  0.0044 -0.0030  0.0069 -0.0010  0.0007  0.0063  0.9938  0.9903  0.9848  0.9653 -0.0027
 147 -0.0067 -0.0044  0.0065  0.0010 -0.0015 -0.0014  0.9949  0.9931  0.9809  0.9674 -0.0064
 148  0.0000 -0.0031  0.0054  0.0022 -0.0050 -0.0018  0.9981  0.9944  0.9890  0.9697 -0.0025
 149 -0.0028 -0.0078  0.0018  0.0079  0.0002  0.0019  0.9991  0.9891  0.9874  0.9710 -0.0007
 150  0.0027 -0.0097 -0.0007  0.0080 -0.0032 -0.0006  0.9964  0.9995  0.9857  0.9722  0.0024
 151  0.0066 -0.0077 -0.0011  0.0066 -0.0001  0.0006  1.0006  0.9965  0.9869  0.9702 -0.0023
 152  0.0003 -0.0169 -0.0008  0.0006  0.0017 -0.0026  0.9959  0.9924  0.9891  0.9689 -0.0048
 153  0.0053 -0.0134 -0.0052  0.0022 -0.0049 -0.0025  0.9937  0.9962  0.9868  0.9663 -0.0041
 154  0.0071 -0.0099 -0.0066  0.0021  0.0033  0.0010  0.9947  0.9926  0.9872  0.9656  0.0015
 155  0.0069 -0.0108 -0.0053  0.0017  0.0036 -0.0048  0.9988  0.9921  0.9859  0.9667  0.0024
 156  0.0068 -0.0108  0.0033  0.0012  0.0003 -0.0066  0.9918  0.9982  0.9875  0.9674  0.0076
 157  0.0047 -0.0111 -0.0014 -0.0040  0.0027 -0.0068  0.9980  0.9929  0.9822  0.9663  0.0021
 158 -0.0013 -0.0074  0.0003 -0.0058  0.0025 -0.0068  1.0025  0.9949  0.9836  0.9726  0.0009
 159  0.0025 -0.0099  0.0019 -0.0062  0.0021 -0.0062  1.0046  0.9960  0.9874  0.9720 -0.0009
   0  0.7975 -0.0043 -0.0002 -0.0015  0.0003 -0.0031  0.7978  0.8018  0.0002 -0.0028 -0.0011
   1  0.7286  0.0030 -0.0019  0.0032 -0.0025 -0.0021  0.8164  0.7282  0.0829  0.0068  0.0991
   2  0.6634  0.0075 -0.0023  0.0019  0.0037  0.0034  0.8389  0.6590  0.1171  0.0249  0.1508
   3  0.6021  0.0075 -0.0035  0.0008  0.0040 -0.0028  0.8560  0.6033  0.1337  0.0362  0.1646
   4  0.5447  0.0072 -0.0051 -0.0003  0.0034  0.0061  0.8715  0.5464  0.1480  0.0451  0.1695
   5  0.5017  0.0098 -0.0034  0.0007 -0.0006  0.0037  0.8815  0.4918  0.1625  0.0450  0.1733
   6  0.4493  0.0108 -0.0005 -0.0041 -0.0026  0.0066  0.8971  0.4531  0.1648  0.0492  0.1793
   7  0.4099  0.0177  0.0008 -0.0016 -0.0074  0.0023  0.9054  0.4173  0.1762  0.0520  0.1700
   8  0.3753  0.0223 -0.0038 -0.0002  0.0009  0.0049  0.9136  0.3723  0.1786  0.0596  0.1661
   9  0.3426  0.0232 -0.0027 -0.0067  0.0006  0.0062  0.9227  0.3459  0.1818  0.0621  0.1618
  10  0.3135  0.0281 -0.0049 -0.0069  0.0019  0.0082  0.9338  0.3187  0.1969  0.0665  0.1535
  11  0.2906  0.0366 -0.0008  0.0013  0.0068  0.0075  0.9349  0.2886  0.2069  0.0770  0.1404
  12  0.2659  0.0340 -0.0038 -0.0009  0.0034  0.0047  0.9406  0.2733  0.2228  0.0846  0.1272
  13  0.2542  0.0378 -0.0037  0.0028  0.0019  0.0103  0.9485  0.2550  0.2307  0.0964  0.1222
  14  0.2377  0.0397 -0.0012  0.0042  0.0030  0.0092  0.9539  0.2434  0.2440  0.1103  0.1076
  15  0.2221  0.0420 -0.0078  0.0049  0.0026  0.0061  0.9591  0.2280  0.2596  0.1229  0.0988
  16  0.2096  0.0482 -0.0040  0.0085  0.0013  0.0130  0.9605  0.2221  0.2751  0.1393  0.0922
  17  0.2049  0.0531 -0.0015  0.0074  0.0026  0.0097  0.9727  0.2114  0.2961  0.1530  0.0842
  18  0.1970  0.0530 -0.0032  0.0079  0.0012  0.0139  0.9706  0.2062  0.3194  0.1768  0.0735
  19  0.1874  0.0600 -0.0046  0.0074  0.0031  0.0155  0.9843  0.1997  0.3411  0.2016  0.0643
  20  0.1843  0.0636 -0.0110  0.0049  0.0047  0.0169  0.9838  0.1992  0.3720  0.2189  0.0588
  21  0.1737  0.0707 -0.0088  0.0092  0.0067  0.0245  0.9885  0.1993  0.3882  0.2467  0.0552
  22  0.1687  0.0730 -0.0095  0.0102  0.0027  0.0280  0.9850  0.1912  0.4138  0.2728  0.0413
  23  0.1673  0.0797 -0.0031  0.0136  0.0079  0.0264  0.9925  0.1936  0.4364  0.3060  0.0372
  24  0.1620  0.0843 -0.0056  0.0167  0.0049  0.0394  0.9904  0.1845  0.4612  0.3248  0.0392
  25  0.1611  0.0901 -0.0042  0.0091  0.0059  0.0445  0.9940  0.1790  0.4795  0.3549  0.0366
  26  0.1633  0.0994 -0.0035  0.0220  0.0069  0.0444  0.9983  0.1793  0.5001  0.3812  0.0348
  27  0.1582  0.1068  0.0004  0.0230  0.0125  0.0533  1.0024  0.1781  0.5117  0.4011  0.0263
  28  0.1613  0.1008  0.0051  0.0266  0.0101  0.0633  0.9975  0.1727  0.5341  0.4262  0.0244
  29  0.1631  0.1055  0.0001  0.0293  0.0087  0.0660  1.0002  0.1676  0.5456  0.4453  0.0212
  30  0.1592  0.1121  0.0044  0.0273  0.0139  0.0735  1.0047  0.1641  0.5601  0.4690  0.0162
  31  0.1574  0.1183  0.0033  0.0288  0.0134  0.0787  0.9974  0.1563  0.5703  0.4793  0.0119
  32  0.1589  0.1277  0.0043  0.0342  0.0172  0.0900  0.9991  0.1461  0.5832  0.5023  0.0120
  33  0.1604  0.1245  0.0103  0.0352  0.0151  0.0990  0.9989  0.1498  0.5952  0.5189  0.0090
  34  0.1601  0.1302  0.0086  0.0362  0.0186  0.1122  0.9970  0.1400  0.5951  0.5367  0.0059
  35  0.1636  0.1393  0.0054  0.0408  0.0254  0.1239  0.9968  0.1406  0.6064  0.5425  0.0058
  36  0.1661  0.1408  0.0031  0.0468  0.0217  0.1368  0.9984  0.1365  0.6047  0.5507  0.0080
  37  0.1720  0.1498  0.0078  0.0415  0.0298  0.1392  0.9930  0.1289  0.6095  0.5632  0.0085
  38  0.1748  0.1544  0.0103  0.0465  0.0320  0.1521  0.9960  0.1280  0.6078  0.5661  0.0020
  39  0.1842  0.1669  0.0100  0.0566  0.0380  0.1673  1.0006  0.1254  0.6129  0.5685  0.0082
  40  0.1873  0.1747  0.0139  0.0518  0.0349  0.1816  0.9986  0.1153  0.6110  0.5709  0.0077
  41  0.1956  0.1809  0.0191  0.0570  0.0453  0.2015  1.0000  0.1140  0.5992  0.5723  0.0089
  42  0.2038  0.1961  0.0210  0.0608  0.0492  0.2216  1.0026  0.1010  0.5972  0.5623  0.0098
  43  0.2170  0.2046  0.0216  0.0636  0.0511  0.2352  0.9936  0.0952  0.5876  0.5525  0.0125
  44  0.2396  0.2169  0.0270  0.0833  0.0567  0.2494  0.9995  0.0934  0.5750  0.5484  0.0140
  45  0.2569  0.2372  0.0228  0.0838  0.0602  0.2647  0.9929  0.0883  0.5614  0.5323  0.0094
  46  0.2778  0.2540  0.0274  0.0944  0.0602  0.2949  0.9868  0.0737  0.5506  0.5150  0.0131
  47  0.2998  0.2836  0.0327  0.0989  0.0645  0.3198  0.9808  0.0708  0.5252  0.4971  0.0091
  48  0.3235  0.3062  0.0415  0.1049  0.0727  0.3500  0.9762  0.0655  0.5070  0.4807  0.0110
  49  0.3506  0.3386  0.0461  0.1087  0.0754  0.3781  0.9629  0.0588  0.4819  0.4575  0.0126
  50  0.3772  0.3684  0.0534  0.1213  0.0811  0.4133  0.9574  0.0467  0.4542  0.4399  0.0143
  51  0.4148  0.4009  0.0647  0.1286  0.0877  0.4414  0.9431  0.0413  0.4294  0.4075  0.0113
  52  0.4425  0.4354  0.0608  0.1402  0.0964  0.4781  0.9228  0.0414  0.4046  0.3801  0.0098
  53  0.4732  0.4648  0.0737  0.1493  0.0976  0.5099  0.9018  0.0378  0.3775  0.3546  0.0095
  54  0.5017  0.4990  0.0899  0.1583  0.1003  0.5356  0.8750  0.0345  0.3595  0.3353  0.0044
  55  0.5194  0.5312  0.1040  0.1635  0.1034  0.5704  0.8471  0.0315  0.3358  0.3098  0.0054
  56  0.5450  0.5558  0.1131  0.1702  0.1076  0.5994  0.8106  0.0335  0.3144  0.2903  0.0056
  57  0.5672  0.5853  0.1303  0.1855  0.1067  0.6256  0.7693  0.0291  0.2943  0.2745  0.0009
  58  0.5840  0.6133  0.1452  0.1918  0.1059  0.6519  0.7333  0.0278  0.2765  0.2540  0.0030
  59  0.5987  0.6419  0.1575  0.1979  0.1100  0.6847  0.7007  0.0283  0.2523  0.2267  0.0060
  60  0.6110  0.6664  0.1744  0.2083  0.1179  0.6997  0.6553  0.0240  0.2285  0.2214  0.0114
  61  0.6161  0.6903  0.1872  0.2107  0.1152  0.7221  0.6220  0.0273  0.2153  0.1974  0.0107
  62  0.6268  0.7142  0.2039  0.2181  0.1100  0.7455  0.5895  0.0273  0.2012  0.1885  0.0097
  63  0.6303  0.7306  0.2167  0.2244  0.1138  0.7644  0.5585  0.0153  0.1874  0.1671  0.0175
  64  0.6285  0.7487  0.2341  0.2379  0.1146  0.7829  0.5202  0.0133  0.1728  0.1580  0.0151
  65  0.6342  0.7713  0.2452  0.2350  0.1147  0.7993  0.4882  0.0160  0.1591  0.1459  0.0183
  66  0.6390  0.7896  0.2648  0.2423  0.1143  0.8177  0.4612  0.0154  0.1406  0.1358  0.0111
  67  0.6349  0.8066  0.2742  0.2540  0.1165  0.8287  0.4343  0.0122  0.1334  0.1258  0.0167
  68  0.6317  0.8228  0.2883  0.2609  0.1105  0.8424  0.4030  0.0106  0.1198  0.1161  0.0193
  69  0.6316  0.8403  0.2955  0.2701  0.1078  0.8517  0.3731  0.0151  0.1131  0.1035  0.0129
  70  0.6218  0.8466  0.3020  0.2757  0.1049  0.8592  0.3518  0.0164  0.1013  0.0921  0.0235
  71  0.6137  0.8640  0.3155  0.2830  0.1054  0.8697  0.3261  0.0154  0.0988  0.0852  0.0205
  72  0.6140  0.8635  0.3287  0.2950  0.0988  0.8777  0.3037  0.0126  0.0883  0.0838  0.0279
  73  0.6154  0.8751  0.3388  0.3057  0.0995  0.8851  0.2865  0.0168  0.0791  0.0717  0.0286
  74  0.6067  0.8870  0.3588  0.3126  0.0949  0.8947  0.2634  0.0116  0.0745  0.0605  0.0335
  75  0.5985  0.8951  0.3626  0.3212  0.0958  0.8992  0.2483  0.0168  0.0701  0.0578  0.0297
  76  0.5904  0.8976  0.3670  0.3222  0.0972  0.9110  0.2345  0.0143  0.0651  0.0520  0.0442
  77  0.5879  0.8947  0.3735  0.3339  0.0957  0.9122  0.2255  0.0124  0.0653  0.0518  0.0483
  78  0.5813  0.9033  0.3786  0.3410  0.0862  0.9184  0.2084  0.0176  0.0603  0.0485  0.0584
  79  0.5729  0.9072  0.3874  0.3545  0.0885  0.9278  0.1974  0.0135  0.0586  0.0431  0.0679
  80  0.5715  0.9052  0.4002  0.3626  0.0848  0.9284  0.1898  0.0191  0.0530  0.0369  0.0696
  81  0.5694  0.9174  0.4030  0.3736  0.0822  0.9304  0.1763  0.0134  0.0538  0.0314  0.0797
  82  0.5654  0.9189  0.4090  0.3815  0.0800  0.9364  0.1646  0.0147  0.0460  0.0355  0.0934
  83  0.5693  0.9258  0.4153  0.3933  0.0775  0.9399  0.1572  0.0113  0.0445  0.0282  0.1139
  84  0.5674  0.9321  0.4177  0.4013  0.0740  0.9418  0.1506  0.0162  0.0386  0.0215  0.1278
  85  0.5632  0.9348  0.4254  0.4175  0.0741  0.9452  0.1425  0.0119  0.0355  0.0136  0.1450
  86  0.5551  0.9413  0.4248  0.4279  0.0727  0.9470  0.1368  0.0168  0.0256  0.0087  0.1823
  87  0.5504  0.9448  0.4286  0.4342  0.0681  0.9478  0.1276  0.0121  0.0279  0.0080  0.2088
  88  0.5544  0.9442  0.4307  0.4444  0.0645  0.9570  0.1201  0.0083  0.0254  0.0073  0.2478
  89  0.5507  0.9481  0.4362  0.4548  0.0632  0.9529  0.1158  0.0111  0.0212  0.0081  0.2814
  90  0.5498  0.9552  0.4406  0.4555  0.0597  0.9574  0.1004  0.0084  0.0209  0.0040  0.2983
  91  0.5489  0.9535  0.4384  0.4712  0.0584  0.9594  0.1055  0.0081  0.0192  0.0050  0.3156
  92  0.5488  0.9505  0.4436  0.4831  0.0521  0.9638  0.0992  0.0093  0.0218 -0.0000  0.3343
  93  0.5429  0.9569  0.4438  0.4945  0.0567  0.9665  0.0957  0.0102  0.0162 -0.0003  0.3544
  94  0.5411  0.9519  0.4526  0.5005  0.0508  0.9643  0.0996  0.0075  0.0151  0.0067  0.3627
  95  0.5399  0.9543  0.4534  0.5069  0.0482  0.9690  0.0878  0.0113  0.0139  0.0057  0.3752
  96  0.5378  0.9562  0.4519  0.5269  0.0457  0.9675  0.0914  0.0131  0.0123  0.0081  0.3845
  97  0.5381  0.9610  0.4573  0.5391  0.0476  0.9686  0.0872  0.0145  0.0172  0.0014  0.3844
  98  0.5334  0.9669  0.4536  0.5547  0.0486  0.9712  0.0815  0.0057  0.0149  0.0039  0.3912
  99  0.5289  0.9615  0.4574  0.5644  0.0477  0.9682  0.0824  0.0134  0.0125  0.0020  0.3937
 100  0.5264  0.9639  0.4600  0.5791  0.0436  0.9744  0.0857  0.0123  0.0119  0.0047  0.3996
 101  0.5272  0.9601  0.4593  0.5920  0.0446  0.9767  0.0872  0.0094  0.0093  0.0057  0.3994
 102  0.5283  0.9612  0.4611  0.5963  0.0399  0.9756  0.0828  0.0098  0.0108  0.0031  0.3951
 103  0.5271  0.9606  0.4642  0.6055  0.0374  0.9729  0.0787  0.0167  0.0121  0.0037  0.3958
 104  0.5193  0.9580  0.4685  0.6134  0.0333  0.9760  0.0770  0.0096  0.0168  0.0029  0.3914
 105  0.5261  0.9653  0.4690  0.6279  0.0346  0.9788  0.0765  0.0100  0.0049  0.0080  0.3815
 106  0.5228  0.9641  0.4724  0.6340  0.0383  0.9773  0.0712  0.0167  0.0075  0.0055  0.3794
 107  0.5260  0.9629  0.4694  0.6475  0.0385  0.9731  0.0745  0.0100  0.0063  0.0075  0.3807
 108  0.5145  0.9546  0.4742  0.6504  0.0407  0.9758  0.0727  0.0087  0.0071  0.0010  0.3703
 109  0.5188  0.9612  0.4743  0.6507  0.0384  0.9775  0.0795  0.0121  0.0044  0.0098  0.3696
 110  0.5172  0.9621  0.4809  0.6605  0.0394  0.9779  0.0767  0.0089  0.0040  0.0098  0.3669
 111  0.5154  0.9631  0.4778  0.6645  0.0348  0.9791  0.0734 -0.0020  0.0052  0.0030  0.3676
 112  0.5204  0.9681  0.4789  0.6655  0.0317  0.9818  0.0710  0.0074 -0.0017  0.0040  0.3579
 113  0.5196  0.9642  0.4805  0.6690  0.0309  0.9802  0.0676  0.0070  0.0074  0.0037  0.3562
 114  0.5158  0.9645  0.4790  0.6797  0.0273  0.9801  0.0704  0.0095  0.0011  0.0008  0.3493
 115  0.5208  0.9620  0.4843  0.6861  0.0249  0.9830  0.0657  0.0087  0.0034  0.0076  0.3448
 116  0.5185  0.9576  0.4800  0.6920  0.0274  0.9813  0.0641  0.0018  0.0027  0.0077  0.3305
 117  0.5196  0.9617  0.4824  0.6950  0.0226  0.9890  0.0680  0.0025  0.0101  0.0018  0.3319
 118  0.5244  0.9643  0.4824  0.6975  0.0157  0.9847  0.0614  0.0068  0.0110  0.0006  0.3292
 119  0.5265  0.9610  0.4831  0.7094  0.0170  0.9853  0.0687  0.0071  0.0064 -0.0013  0.3244
 120  0.5241  0.9667  0.4851  0.7126  0.0126  0.9795  0.0618  0.0025  0.0029  0.0003  0.3147
 121  0.5242  0.9640  0.4833  0.7189  0.0101  0.9783  0.0633 -0.0035  0.0012 -0.0019  0.3121
 122  0.5288  0.9668  0.4778  0.7238  0.0083  0.9762  0.0599 -0.0019  0.0037 -0.0004  0.3073
 123  0.5290  0.9699  0.4792  0.7252  0.0109  0.9796  0.0560 -0.0046 -0.0015 -0.0067  0.3077
 124  0.5273  0.9668  0.4844  0.7377  0.0050  0.9737  0.0529 -0.0071 -0.0007 -0.0050  0.2952
 125  0.5258  0.9754  0.4843  0.7400  0.0083  0.9801  0.0521 -0.0035  0.0027 -0.0027  0.2897
 126  0.5304  0.9676  0.4833  0.7440  0.0130  0.9856  0.0571 -0.0076  0.0057  0.0018  0.2854
 127  0.5293  0.9723  0.4845  0.7454  0.0113  0.9771  0.0567 -0.0049  0.0049  0.0013  0.2796
 128  0.5321  0.9735  0.4867  0.7536  0.0111  0.9803  0.0593  0.0012  0.0070 -0.0012  0.2741
 129  0.5231  0.9705  0.4869  0.7554  0.0127  0.9767  0.0591 -0.0059  0.0046 -0.0053  0.2718
 130  0.5272  0.9724  0.4875  0.7618  0.0066  0.9799  0.0555 -0.0013  0.0026 -0.0076  0.2651
 131  0.5295  0.9758  0.4874  0.7614  0.0118  0.9785  0.0628 -0.0028  0.0009 -0.0045  0.2604
 132  0.5231  0.9734  0.4885  0.7627  0.0133  0.9776  0.0620 -0.0046 -0.0046  0.0006  0.2565
 133  0.5249  0.9775  0.4863  0.7677  0.0106  0.9788  0.0684 -0.0061  0.0001  0.0020  0.2574
 134  0.5235  0.9792  0.4903  0.7687  0.0113  0.9818  0.0633 -0.0053 -0.0013  0.0055  0.2591
 135  0.5205  0.9749  0.4853  0.7715  0.0110  0.9828  0.0554 -0.0004  0.0036  0.0039  0.2547
 136  0.5215  0.9751  0.4862  0.7668  0.0113  0.9856  0.0545  0.0052 -0.0031  0.0014  0.2541
 137  0.5204  0.9760  0.4859  0.7713  0.0121  0.9827  0.0591 -0.0007  0.0012  0.0013  0.2542
 138  0.5220  0.9785  0.4830  0.7704  0.0157  0.9819  0.0580  0.0015  0.0005 -0.0037  0.2472
 139  0.5255  0.9782  0.4947  0.7662  0.0098  0.9815  0.0562  0.0029 -0.0003 -0.0047  0.2454
 140  0.5275  0.9864  0.4921  0.7728  0.0084  0.9857  0.0540 -0.0017 -0.0047 -0.0041  0.2401
 141  0.5241  0.9851  0.4879  0.7674  0.0081  0.9848  0.0486  0.0005 -0.0049 -0.0053  0.2358
 142  0.5213  0.9818  0.4948  0.7702  0.0086  0.9895  0.0512  0.0028 -0.0038 -0.0062  0.2373
 143  0.5254  0.9837  0.4922  0.7772  0.0081  0.9884  0.0560 -0.0054  0.0016 -0.0033  0.2369
 144  0.5177  0.9811  0.4911  0.7743  0.0093  0.9885  0.0545 -0.0048 -0.0009 -0.0002  0.2293
 145  0.5206  0.9753  0.4905  0.7787  0.0085  0.9843  0.0523 -0.0041 -0.0033  0.0011  0.2266
 146  0.5169  0.9778  0.4846  0.7777  0.0088  0.9870  0.0476 -0.0017  0.0002 -0.0035  0.2313
 147  0.5206  0.9786  0.4859  0.7807  0.0176  0.9875  0.0539 -0.0052 -0.0032 -0.0003  0.2287
 148  0.5157  0.9766  0.4842  0.7755  0.0122  0.9830  0.0565 -0.0109 -0.0048 -0.0072  0.2275
 149  0.5168  0.9784  0.4888  0.7751  0.0182  0.9805  0.0553 -0.0064 -0.0040 -0.0069  0.2327
 150  0.5220  0.9762  0.4935  0.7720  0.0150  0.9863  0.0601 -0.0055  0.0028 -0.0075  0.2302
 151  0.5202  0.9700  0.4919  0.7726  0.0170  0.9843  0.0587 -0.0049 -0.0010 -0.0063  0.2316
 152  0.5167  0.9716  0.4906  0.7740  0.0166  0.9776  0.0575  0.0001  0.0025 -0.0045  0.2387
 153  0.5229  0.9710  0.4899  0.7739  0.0174  0.9861  0.0587  0.0008  0.0039 -0.0045  0.2330
 154  0.5222  0.9700  0.4931  0.7757  0.0179  0.9851  0.0542  0.0032 -0.0063  0.0016  0.2339
 155  0.5146  0.9757  0.4845  0.7733  0.0135  0.9780  0.0603  0.0058 -0.0045  0.0030  0.2328
 156  0.5115  0.9682  0.4899  0.7837  0.0130  0.9831  0.0570  0.0051 -0.0043  0.0000  0.2368
 157  0.5189  0.9765  0.4892  0.7817  0.0140  0.9903  0.0633  0.0062 -0.0036  0.0002  0.2384
 158  0.5167  0.9781  0.4896  0.7841  0.0146  0.9925  0.0598  0.0048 -0.0038  0.0012  0.2450
 159  0.5125  0.9743  0.4879  0.7824  0.0157  0.9880  0.0624  0.0051 -0.0001  0.0011  0.2522
   0  0.7980 -0.0003  0.0015  0.0019 -0.0037 -0.0001  0.7989  0.8006 -0.0015  0.0007 -0.0019
   1  0.7247 -0.0037  0.0006 -0.0001  0.0006 -0.0060  0.8150  0.7261  0.0772  0.0080  0.0930
   2  0.6556  0.0023  0.0001  0.0011  0.0026 -0.0016  0.8302  0.6569  0.1101  0.0193  0.1548
   3  0.5997 -0.0005 -0.0062 -0.0008  0.0094 -0.0040  0.8538  0.5990  0.1184  0.0228  0.1883
   4  0.5401  0.0040 -0.0103  0.0000  0.0083 -0.0058  0.8635  0.5451  0.1294  0.0322  0.2039
   5  0.4884  0.0007 -0.0091 -0.0057  0.0023 -0.0027  0.8822  0.5005  0.1330  0.0316  0.2153
   6  0.4445  0.0111 -0.0086 -0.0095  0.0033 -0.0069  0.8951  0.4552  0.1410  0.0330  0.2291
   7  0.4059  0.0073 -0.0107 -0.0066  0.0043 -0.0091  0.9068  0.4189  0.1385  0.0338  0.2358
   8  0.3693  0.0130 -0.0169  0.0003 -0.0002 -0.0062  0.9121  0.3816  0.1489  0.0353  0.2318
   9  0.3397  0.0195 -0.0041  0.0006  0.0028 -0.0064  0.9224  0.3560  0.1447  0.0378  0.2343
  10  0.3138  0.0168 -0.0089 -0.0001  0.0042 -0.0078  0.9371  0.3326  0.1457  0.0375  0.2310
  11  0.2860  0.0218 -0.0037 -0.0009 -0.0007 -0.0120  0.9389  0.3135  0.1495  0.0384  0.2266
  12  0.2678  0.0313 -0.0035 -0.0015  0.0031 -0.0082  0.9432  0.2977  0.1528  0.0405  0.2232
  13  0.2495  0.0349 -0.0126 -0.0038  0.0037  0.0006  0.9512  0.2745  0.1569  0.0446  0.2238
  14  0.2366  0.0375 -0.0060  0.0001  0.0038 -0.0020  0.9562  0.2658  0.1565  0.0417  0.2162
  15  0.2194  0.0456 -0.0071  0.0021  0.0059  0.0027  0.9590  0.2508  0.1448  0.0458  0.2112
  16  0.2046  0.0487  0.0007  0.0011  0.0089  0.0003  0.9652  0.2423  0.1462  0.0473  0.2071
  17  0.1889  0.0460 -0.0017  0.0008  0.0066  0.0058  0.9658  0.2359  0.1400  0.0501  0.1983
  18  0.1844  0.0555 -0.0051  0.0014  0.0065  0.0126  0.9751  0.2262  0.1494  0.0545  0.1912
  19  0.1786  0.0552 -0.0031  0.0038  0.0055  0.0165  0.9722  0.2220  0.1549  0.0583  0.1764
  20  0.1773  0.0579 -0.0073  0.0053  0.0058  0.0197  0.9749  0.2172  0.1598  0.0645  0.1681
  21  0.1721  0.0669 -0.0072  0.0079  0.0065  0.0259  0.9791  0.2096  0.1682  0.0672  0.1591
  22  0.1641  0.0665 -0.0058  0.0059  0.0068  0.0274  0.9793  0.2101  0.1741  0.0700  0.1515
  23  0.1583  0.0727 -0.0021  0.0118  0.0114  0.0291  0.9835  0.2017  0.1822  0.0741  0.1391
  24  0.1535  0.0770 -0.0040  0.0132  0.0102  0.0342  0.9824  0.1991  0.1915  0.0843  0.1314
  25  0.1533  0.0818  0.0001  0.0089  0.0095  0.0401  0.9843  0.1928  0.1939  0.0855  0.1265
  26  0.1451  0.0852  0.0058  0.0105  0.0121  0.0482  0.9901  0.1925  0.2045  0.0908  0.1207
  27  0.1456  0.0836  0.0092  0.0153  0.0125  0.0463  0.9924  0.1889  0.2166  0.1046  0.1138
  28  0.1431  0.0808  0.0067  0.0154  0.0157  0.0476  0.9942  0.1889  0.2337  0.1169  0.1084
  29  0.1445  0.0871  0.0075  0.0111  0.0188  0.0498  0.9948  0.1889  0.2448  0.1224  0.0981
  30  0.1393  0.0922  0.0032  0.0155  0.0226  0.0540  1.0009  0.1862  0.2621  0.1369  0.0937
  31  0.1380  0.0929  0.0072  0.0102  0.0189  0.0556  0.9965  0.1859  0.2739  0.1511  0.0815
  32  0.1304  0.0976  0.0124  0.0139  0.0196  0.0660  0.9996  0.1889  0.2947  0.1657  0.0751
  33  0.1292  0.0966  0.0158  0.0125  0.0262  0.0633  0.9945  0.1844  0.3160  0.1932  0.0754
  34  0.1294  0.1011  0.0169  0.0175  0.0286  0.0674  0.9957  0.1835  0.3356  0.2084  0.0611
  35  0.1291  0.1043  0.0180  0.0199  0.0264  0.0762  0.9938  0.1799  0.3580  0.2302  0.0583
  36  0.1266  0.1061  0.0200  0.0223  0.0364  0.0770  0.9920  0.1800  0.3719  0.2450  0.0547
  37  0.1291  0.1137  0.0149  0.0246  0.0367  0.0856  0.9924  0.1782  0.3964  0.2719  0.0521
  38  0.1336  0.1121  0.0144  0.0292  0.0336  0.0889  0.9935  0.1740  0.4114  0.2970  0.0529
  39  0.1346  0.1078  0.0173  0.0318  0.0304  0.0953  0.9866  0.1742  0.4341  0.3190  0.0422
  40  0.1310  0.1165  0.0158  0.0308  0.0327  0.1004  0.9899  0.1754  0.4557  0.3418  0.0410
  41  0.1332  0.1183  0.0152  0.0295  0.0359  0.1088  0.9947  0.1699  0.4732  0.3631  0.0313
  42  0.1326  0.1225  0.0132  0.0394  0.0337  0.1110  0.9946  0.1688  0.4908  0.3895  0.0288
  43  0.1327  0.1235  0.0233  0.0384  0.0385  0.1111  0.9962  0.1670  0.5078  0.4154  0.0268
  44  0.1320  0.1222  0.0136  0.0375  0.0401  0.1186  0.9933  0.1619  0.5293  0.4339  0.0285
  45  0.1322  0.1245  0.0103  0.0398  0.0422  0.1230  0.9992  0.1605  0.5376  0.4593  0.0213
  46  0.1265  0.1348  0.0156  0.0379  0.0469  0.1256  1.0003  0.1673  0.5548  0.4745  0.0178
  47  0.1283  0.1363  0.0060  0.0418  0.0475  0.1351  0.9920  0.1599  0.5657  0.4978  0.0196
  48  0.1308  0.1432  0.0101  0.0434  0.0507  0.1381  0.9990  0.1571  0.5809  0.5077  0.0169
  49  0.1308  0.1438  0.0141  0.0391  0.0559  0.1416  0.9925  0.1559  0.5914  0.5275  0.0170
  50  0.1316  0.1426  0.0122  0.0408  0.0546  0.1528  0.9924  0.1491  0.6060  0.5345  0.0179
  51  0.1407  0.1444  0.0199  0.0461  0.0596  0.1616  0.9925  0.1423  0.6102  0.5505  0.0175
  52  0.1471  0.1536  0.0216  0.0451  0.0627  0.1747  0.9938  0.1363  0.6075  0.5464  0.0173
  53  0.1541  0.1590  0.0203  0.0448  0.0609  0.1784  0.9950  0.1340  0.6070  0.5500  0.0187
  54  0.1662  0.1656  0.0154  0.0473  0.0619  0.1840  0.9966  0.1265  0.6089  0.5526  0.0132
  55  0.1753  0.1777  0.0232  0.0459  0.0646  0.1924  0.9952  0.1235  0.6057  0.5531  0.0128
  56  0.1842  0.1881  0.0224  0.0472  0.0722  0.2052  0.9920  0.1128  0.6005  0.5559  0.0128
  57  0.1958  0.2009  0.0190  0.0556  0.0739  0.2176  0.9902  0.1107  0.6009  0.5536  0.0067
  58  0.2024  0.2176  0.0243  0.0581  0.0796  0.2345  0.9889  0.1037  0.5878  0.5506  0.0068
  59  0.2213  0.2365  0.0264  0.0611  0.0866  0.2551  0.9854  0.0960  0.5827  0.5473  0.0093
  60  0.2389  0.2493  0.0327  0.0653  0.0901  0.2764  0.9893  0.0897  0.5688  0.5387  0.0152
  61  0.2582  0.2655  0.0333  0.0709  0.0951  0.2966  0.9849  0.0807  0.5505  0.5171  0.0121
  62  0.2874  0.2935  0.0345  0.0767  0.0964  0.3249  0.9786  0.0745  0.5338  0.5022  0.0145
  63  0.3098  0.3240  0.0410  0.0778  0.1038  0.3540  0.9651  0.0650  0.5130  0.4780  0.0178
  64  0.3383  0.3511  0.0476  0.0858  0.1134  0.3804  0.9570  0.0592  0.4916  0.4604  0.0119
  65  0.3638  0.3852  0.0554  0.0865  0.1171  0.4159  0.9445  0.0584  0.4704  0.4341  0.0084
  66  0.3907  0.4077  0.0670  0.0972  0.1318  0.4465  0.9292  0.0522  0.4381  0.4109  0.0054
  67  0.4220  0.4365  0.0674  0.0978  0.1347  0.4743  0.9158  0.0417  0.4155  0.3797  0.0006
  68  0.4531  0.4727  0.0781  0.1024  0.1438  0.5062  0.8930  0.0426  0.3931  0.3657  0.0086
  69  0.4823  0.5061  0.0878  0.1077  0.1508  0.5453  0.8727  0.0414  0.3707  0.3423  0.0062
  70  0.5005  0.5304  0.1040  0.1105  0.1682  0.5704  0.8475  0.0365  0.3470  0.3210  0.0026
  71  0.5205  0.5679  0.1089  0.1122  0.1718  0.5994  0.8165  0.0349  0.3256  0.3003  0.0084
  72  0.5380  0.5919  0.1259  0.1159  0.1798  0.6246  0.7817  0.0294  0.3000  0.2809  0.0099
  73  0.5564  0.6206  0.1391  0.1227  0.1815  0.6528  0.7495  0.0297  0.2797  0.2615  0.0056
  74  0.5731  0.6464  0.1492  0.1271  0.1896  0.6736  0.7046  0.0278  0.2645  0.2419  0.0138
  75  0.5879  0.6707  0.1598  0.1279  0.1952  0.7058  0.6727  0.0308  0.2478  0.2265  0.0124
  76  0.5956  0.6881  0.1819  0.1265  0.2002  0.7241  0.6293  0.0280  0.2277  0.2167  0.0114
  77  0.6049  0.7159  0.1899  0.1243  0.2040  0.7355  0.5966  0.0250  0.2083  0.1975  0.0073
  78  0.6096  0.7333  0.2046  0.1251  0.2042  0.7522  0.5609  0.0292  0.1950  0.1903  0.0105
  79  0.6105  0.7519  0.2240  0.1209  0.2154  0.7734  0.5250  0.0220  0.1821  0.1734  0.0075
  80  0.6155  0.7704  0.2404  0.1247  0.2216  0.7953  0.4930  0.0228  0.1634  0.1588  0.0110
  81  0.6143  0.7929  0.2557  0.1226  0.2285  0.8102  0.4588  0.0219  0.1525  0.1474  0.0158
  82  0.6140  0.8087  0.2678  0.1288  0.2413  0.8233  0.4309  0.0128  0.1482  0.1291  0.0168
  83  0.6144  0.8230  0.2836  0.1251  0.2347  0.8345  0.4016  0.0193  0.1335  0.1201  0.0121
  84  0.6101  0.8384  0.2922  0.1238  0.2442  0.8501  0.3696  0.0180  0.1181  0.1199  0.0190
  85  0.6129  0.8528  0.3016  0.1240  0.2422  0.8596  0.3473  0.0168  0.1094  0.1026  0.0216
  86  0.6104  0.8600  0.3163  0.1130  0.2494  0.8731  0.3250  0.0154  0.0947  0.0971  0.0213
  87  0.6085  0.8680  0.3241  0.1165  0.2586  0.8830  0.3054  0.0141  0.0912  0.0903  0.0213
  88  0.6046  0.8790  0.3370  0.1170  0.2620  0.8889  0.2780  0.0175  0.0880  0.0839  0.0194
  89  0.5982  0.8914  0.3417  0.1141  0.2758  0.8932  0.2565  0.0137  0.0864  0.0745  0.0202
  90  0.5929  0.8992  0.3518  0.1106  0.2841  0.8983  0.2434  0.0159  0.0728  0.0683  0.0230
  91  0.5911  0.9031  0.3631  0.1039  0.2862  0.9026  0.2282  0.0190  0.0685  0.0609  0.0263
  92  0.5883  0.9058  0.3729  0.1030  0.2977  0.9043  0.2147  0.0149  0.0711  0.0492  0.0341
  93  0.5790  0.9072  0.3788  0.0991  0.3072  0.9093  0.2032  0.0137  0.0633  0.0446  0.0371
  94  0.5735  0.9213  0.3887  0.0966  0.3141  0.9153  0.1905  0.0157  0.0607  0.0436  0.0519
  95  0.5727  0.9273  0.3942  0.0920  0.3249  0.9231  0.1828  0.0174  0.0580  0.0408  0.0608
  96  0.5689  0.9278  0.3988  0.0915  0.3315  0.9292  0.1729  0.0142  0.0505  0.0451  0.0660
  97  0.5620  0.9351  0.4041  0.0899  0.3412  0.9295  0.1642  0.0169  0.0429  0.0342  0.0780
  98  0.5627  0.9356  0.4059  0.0857  0.3528  0.9305  0.1531  0.0151  0.0378  0.0347  0.0916
  99  0.5562  0.9412  0.4093  0.0881  0.3534  0.9384  0.1493  0.0145  0.0328  0.0340  0.1032
 100  0.5620  0.9453  0.4143  0.0850  0.3683  0.9464  0.1412  0.0115  0.0335  0.0300  0.1094
 101  0.5568  0.9435  0.4253  0.0845  0.3787  0.9419  0.1313  0.0115  0.0297  0.0309  0.1285
 102  0.5560  0.9540  0.4295  0.0814  0.3884  0.9457  0.1315  0.0156  0.0325  0.0304  0.1343
 103  0.5577  0.9511  0.4421  0.0701  0.3936  0.9443  0.1170  0.0124  0.0289  0.0251  0.1414
 104  0.5554  0.9600  0.4423  0.0682  0.4110  0.9481  0.1111  0.0070  0.0241  0.0200  0.1459
 105  0.5551  0.9619  0.4422  0.0702  0.4202  0.9534  0.1078  0.0081  0.0235  0.0221  0.1518
 106  0.5466  0.9601  0.4475  0.0540  0.4356  0.9578  0.1064  0.0116  0.0168  0.0226  0.1581
 107  0.5437  0.9689  0.4506  0.0573  0.4470  0.9574  0.1027  0.0119  0.0094  0.0224  0.1659
 108  0.5368  0.9767  0.4563  0.0568  0.4614  0.9584  0.0939  0.0065  0.0172  0.0206  0.1757
 109  0.5317  0.9725  0.4605  0.0512  0.4800  0.9580  0.0927  0.0083  0.0102  0.0208  0.1808
 110  0.5326  0.9770  0.4640  0.0517  0.4948  0.9611  0.0909  0.0069  0.0074  0.0217  0.1792
 111  0.5329  0.9792  0.4655  0.0503  0.5016  0.9634  0.0890  0.0072  0.0076  0.0147  0.1811
 112  0.5298  0.9818  0.4669  0.0442  0.5181  0.9630  0.0871  0.0073  0.0072  0.0185  0.1859
 113  0.5246  0.9782  0.4633  0.0395  0.5317  0.9618  0.0863  0.0093  0.0075  0.0144  0.1957
 114  0.5190  0.9830  0.4670  0.0451  0.5430  0.9709  0.0839  0.0102  0.0093  0.0108  0.1991
 115  0.5187  0.9906  0.4698  0.0423  0.5543  0.9690  0.0802  0.0090  0.0044  0.0130  0.2046
 116  0.5209  0.9856  0.4752  0.0396  0.5667  0.9709  0.0831  0.0101  0.0037  0.0124  0.2028
 117  0.5224  0.9882  0.4771  0.0338  0.5799  0.9705  0.0768  0.0115  0.0064  0.0175  0.2076
 118  0.5187  0.9877  0.4795  0.0343  0.5909  0.9763  0.0708  0.0081  0.0066  0.0182  0.2113
 119  0.5198  0.9920  0.4809  0.0344  0.6041  0.9729  0.0695  0.0135  0.0024  0.0158  0.2121
 120  0.5121  0.9898  0.4820  0.0381  0.6161  0.9711  0.0698  0.0123  0.0039  0.0067  0.2164
 121  0.5111  0.9867  0.4877  0.0376  0.6236  0.9763  0.0687  0.0072  0.0004  0.0097  0.2159
 122  0.5112  0.9896  0.4862  0.0269  0.6336  0.9733  0.0657  0.0080  0.0014  0.0069  0.2263
 123  0.5050  0.9978  0.4871  0.0225  0.6421  0.9757  0.0634  0.0101  0.0060  0.0056  0.2280
 124  0.5103  0.9927  0.4871  0.0199  0.6495  0.9814  0.0664  0.0045  0.0022  0.0103  0.2319
 125  0.5112  0.9965  0.4915  0.0234  0.6613  0.9776  0.0656  0.0120  0.0035  0.0098  0.2328
 126  0.5080  0.9945  0.4913  0.0199  0.6746  0.9733  0.0667  0.0081 -0.0035  0.0151  0.2321
 127  0.5075  0.9889  0.4899  0.0228  0.6824  0.9788  0.0675  0.0070  0.0041  0.0104  0.2333
 128  0.5047  0.9915  0.4866  0.0207  0.6924  0.9784  0.0710  0.0086 -0.0054  0.0031  0.2387
 129  0.5072  0.9876  0.4849  0.0181  0.6989  0.9770  0.0686  0.0105 -0.0059  0.0057  0.2474
 130  0.5092  0.9923  0.4877  0.0125  0.7006  0.9718  0.0634  0.0085 -0.0031  0.0066  0.2528
 131  0.5094  0.9956  0.4913  0.0150  0.7090  0.9735  0.0673  0.0102  0.0017  0.0057  0.2549
 132  0.5160  0.9940  0.4843  0.0174  0.7106  0.9808  0.0606  0.0043 -0.0005  0.0058  0.2537
 133  0.5129  0.9965  0.4903  0.0184  0.7161  0.9758  0.0666  0.0054  0.0013  0.0036  0.2605
 134  0.5104  0.9897  0.4909  0.0114  0.7243  0.9788  0.0659  0.0025 -0.0027  0.0123  0.2536
 135  0.5145  0.9884  0.4869  0.0179  0.7266  0.9816  0.0632  0.0051  0.0001  0.0064  0.2597
 136  0.5143  0.9953  0.4874  0.0142  0.7341  0.9821  0.0649  0.0072  0.0022  0.0072  0.2612
 137  0.5118  0.9950  0.4940  0.0119  0.7399  0.9843  0.0586  0.0074  0.0001  0.0066  0.2572
 138  0.5118  0.9980  0.4931  0.0126  0.7393  0.9844  0.0659  0.0074  0.0035  0.0126  0.2578
 139  0.5027  0.9941  0.4923  0.0103  0.7484  0.9875  0.0646  0.0061  0.0041  0.0034  0.2569
 140  0.5046  0.9939  0.5018  0.0143  0.7491  0.9893  0.0637  0.0027 -0.0018 -0.0005  0.2504
 141  0.5059  0.9965  0.4994  0.0095  0.7491  0.9934  0.0599  0.0060  0.0017 -0.0018  0.2581
 142  0.5027  0.9977  0.4964  0.0135  0.7561  0.9900  0.0624  0.0047 -0.0030 -0.0025  0.2618
 143  0.5073  0.9986  0.5027  0.0120  0.7625  0.9934  0.0625  0.0053 -0.0037 -0.0028  0.2540
 144  0.5023  0.9969  0.4999  0.0141  0.7657  0.9930  0.0568  0.0024 -0.0023 -0.0005  0.2589
 145  0.5013  1.0000  0.5014  0.0153  0.7694  0.9910  0.0598  0.0022 -0.0097  0.0018  0.2585
 146  0.4997  0.9987  0.5026  0.0151  0.7699  0.9979  0.0563  0.0038 -0.0043 -0.0016  0.2507
 147  0.5007  0.9952  0.5019  0.0172  0.7738  0.9912  0.0542  0.0030 -0.0049 -0.0004  0.2479
 148  0.4952  0.9937  0.5054  0.0159  0.7743  0.9970  0.0531 -0.0013  0.0007  0.0027  0.2468
 149  0.4965  0.9950  0.4983  0.0164  0.7721  0.9964  0.0571  0.0058 -0.0001  0.0030  0.2390
 150  0.4955  1.0008  0.5022  0.0156  0.7738  0.9996  0.0567  0.0093  0.0031 -0.0006  0.2360
 151  0.4999  1.0024  0.5023  0.0175  0.7740  1.0029  0.0593  0.0010  0.0010  0.0033  0.2413
 152  0.4917  1.0039  0.5012  0.0122  0.7774  0.9971  0.0533 -0.0019 -0.0006  0.0052  0.2366
 153  0.4982  1.0043  0.5025  0.0216  0.7750  0.9997  0.0565 -0.0025 -0.0058  0.0031  0.2408
 154  0.4970  1.0025  0.5033  0.0160  0.7829  1.0003  0.0583 -0.0045  0.0015  0.0050  0.2331
 155  0.4962  0.9989  0.5042  0.0152  0.7779  0.9984  0.0566 -0.0051 -0.0019  0.0002  0.2284
 156  0.4932  1.0060  0.5011  0.0141  0.7762  0.9935  0.0564 -0.0074  0.0021 -0.0001  0.2279
 157  0.4942  1.0002  0.5052  0.0146  0.7785  0.9945  0.0536 -0.0034  0.0011  0.0041  0.2304
 158  0.4980  1.0027  0.5063  0.0146  0.7779  0.9898  0.0540 -0.0017 -0.0028  0.0045  0.2290
 159  0.5011  1.0067  0.5076  0.0105  0.7796  0.9952  0.0570 -0.0050 -0.0009  0.0010  0.2337
   0  0.8020  0.0031  0.0012 -0.0065 -0.0026 -0.0002  0.7983  0.7977  0.0013  0.0016  0.0002
   1  0.7196  0.0043  0.0033 -0.0036  0.0010  0.0000  0.8236  0.7240  0.0800  0.0075  0.0999
   2  0.6580  0.0094  0.0067 -0.0013  0.0049 -0.0032  0.8398  0.6592  0.1066  0.0126  0.1620
   3  0.5955  0.0126  0.0033  0.0016  0.0028 -0.0015  0.8536  0.5988  0.1234  0.0223  0.2026
   4  0.5374  0.0148  0.0020 -0.0019  0.0073 -0.0030  0.8663  0.5456  0.1242  0.0223  0.2274
   5  0.4887  0.0127 -0.0053 -0.0005  0.0040 -0.0027  0.8780  0.4942  0.1283  0.0283  0.2461
   6  0.4375  0.0202 -0.0076  0.0009  0.0021 -0.0016  0.8951  0.4547  0.1308  0.0292  0.2525
   7  0.4022  0.0254 -0.0102 -0.0008  0.0095 -0.0024  0.8925  0.4123  0.1316  0.0248  0.2719
   8  0.3662  0.0283 -0.0036  0.0032  0.0048  0.0011  0.9080  0.3767  0.1258  0.0232  0.2687
   9  0.3338  0.0270 -0.0057  0.0058  0.0058  0.0020  0.9112  0.3467  0.1222  0.0269  0.2776
  10  0.3085  0.0250 -0.0022  0.0048  0.0012  0.0056  0.9230  0.3227  0.1180  0.0326  0.2771
  11  0.2821  0.0315 -0.0014  0.0034  0.0025  0.0083  0.9316  0.2980  0.1212  0.0370  0.2783
  12  0.2678  0.0381  0.0015  0.0037  0.0029  0.0126  0.9372  0.2769  0.1179  0.0338  0.2722
  13  0.2438  0.0364 -0.0017 -0.0012  0.0074  0.0101  0.9441  0.2667  0.1179  0.0370  0.2686
  14  0.2248  0.0434 -0.0032  0.0015  0.0077  0.0110  0.9421  0.2555  0.1184  0.0330  0.2725
  15  0.2100  0.0475 -0.0010  0.0052  0.0092  0.0184  0.9484  0.2450  0.1076  0.0319  0.2692
  16  0.1983  0.0527 -0.0025  0.0133  0.0095  0.0175  0.9571  0.2366  0.1123  0.0332  0.2725
  17  0.1860  0.0586 -0.0032  0.0083  0.0079  0.0206  0.9612  0.2252  0.1086  0.0276  0.2748
  18  0.1743  0.0676  0.0012  0.0089  0.0071  0.0219  0.9670  0.2207  0.1108  0.0308  0.2856
  19  0.1655  0.0691  0.0010  0.0031  0.0093  0.0300  0.9704  0.2114  0.1031  0.0266  0.2805
  20  0.1571  0.0745  0.0009  0.0071  0.0068  0.0251  0.9713  0.2045  0.1078  0.0263  0.2814
  21  0.1553  0.0725  0.0027  0.0093  0.0048  0.0324  0.9704  0.2040  0.0969  0.0268  0.2870
  22  0.1473  0.0721  0.0024  0.0143  0.0096  0.0402  0.9727  0.1980  0.0968  0.0297  0.2878
  23  0.1413  0.0709  0.0061  0.0129  0.0070  0.0381  0.9801  0.1974  0.0937  0.0342  0.2933
  24  0.1450  0.0737  0.0058  0.0143  0.0105  0.0390  0.9760  0.2039  0.0983  0.0280  0.2897
  25  0.1408  0.0739  0.0082  0.0166  0.0109  0.0421  0.9769  0.2077  0.0968  0.0320  0.2917
  26  0.1377  0.0751  0.0039  0.0153  0.0123  0.0414  0.9723  0.2021  0.0940  0.0282  0.2939
  27  0.1354  0.0791  0.0045  0.0134  0.0133  0.0450  0.9826  0.2051  0.0934  0.0300  0.2951
  28  0.1310  0.0805  0.0052  0.0174  0.0173  0.0566  0.9816  0.2097  0.0899  0.0349  0.2973
  29  0.1286  0.0867  0.0096  0.0136  0.0135  0.0548  0.9879  0.2152  0.0869  0.0382  0.2891
  30  0.1271  0.0854  0.0039  0.0172  0.0137  0.0544  0.9893  0.2108  0.0877  0.0319  0.2942
  31  0.1206  0.0865  0.0058  0.0215  0.0173  0.0638  0.9894  0.2100  0.0922  0.0292  0.2923
  32  0.1226  0.0778  0.0109  0.0149  0.0159  0.0625  0.9904  0.2179  0.0868  0.0284  0.2965
  33  0.1212  0.0791  0.0094  0.0170  0.0159  0.0603  0.9946  0.2224  0.0882  0.0294  0.2953
  34  0.1184  0.0762  0.0072  0.0176  0.0158  0.0574  0.9943  0.2293  0.0881  0.0334  0.2984
  35  0.1168  0.0780  0.0119  0.0178  0.0143  0.0554  0.9974  0.2244  0.0897  0.0338  0.3038
  36  0.1108  0.0804  0.0106  0.0212  0.0115  0.0619  0.9945  0.2329  0.0899  0.0315  0.3069
  37  0.1088  0.0764  0.0106  0.0218  0.0165  0.0579  0.9966  0.2408  0.0910  0.0242  0.3112
  38  0.1028  0.0768  0.0081  0.0231  0.0186  0.0615  0.9999  0.2473  0.0912  0.0275  0.3092
  39  0.0996  0.0729  0.0121  0.0231  0.0177  0.0557  1.0039  0.2574  0.0879  0.0251  0.3107
  40  0.0973  0.0713  0.0057  0.0196  0.0198  0.0577  0.9982  0.2583  0.0855  0.0208  0.3145
  41  0.0881  0.0692  0.0133  0.0225  0.0194  0.0590  0.9969  0.2619  0.0848  0.0198  0.3352
  42  0.0838  0.0656  0.0093  0.0122  0.0212  0.0571  0.9998  0.2779  0.0846  0.0165  0.3465
  43  0.0791  0.0635  0.0095  0.0126  0.0238  0.0589  1.0011  0.2905  0.0760  0.0166  0.3640
  44  0.0788  0.0600  0.0097  0.0163  0.0260  0.0513  0.9953  0.3064  0.0728  0.0192  0.3793
  45  0.0690  0.0592  0.0085  0.0090  0.0249  0.0470  0.9967  0.3298  0.0731  0.0205  0.3867
  46  0.0596  0.0572  0.0040  0.0110  0.0206  0.0421  1.0007  0.3440  0.0676  0.0153  0.3982
  47  0.0562  0.0424  0.0057  0.0072  0.0188  0.0427  1.0032  0.3726  0.0689  0.0117  0.4215
  48  0.0533  0.0376  0.0066  0.0099  0.0207  0.0373  0.9997  0.3986  0.0643  0.0180  0.4455
  49  0.0488  0.0370  0.0101  0.0080  0.0144  0.0357  1.0001  0.4275  0.0619  0.0141  0.4603
  50  0.0406  0.0333  0.0077  0.0046  0.0159  0.0310  1.0042  0.4560  0.0595  0.0095  0.4889
  51  0.0382  0.0319  0.0074  0.0043  0.0131  0.0254  1.0008  0.4865  0.0566  0.0099  0.5183
  52  0.0339  0.0260  0.0094  0.0005  0.0065  0.0242  1.0014  0.5204  0.0528  0.0083  0.5512
  53  0.0344  0.0247  0.0030  0.0040  0.0113  0.0233  0.9982  0.5485  0.0509  0.0075  0.5804
  54  0.0344  0.0194  0.0011  0.0011  0.0105  0.0209  0.9959  0.5811  0.0453  0.0011  0.6079
  55  0.0273  0.0162  0.0019  0.0047  0.0104  0.0164  0.9974  0.6128  0.0431  0.0017  0.6481
  56  0.0281  0.0149 -0.0021  0.0017  0.0108  0.0224  0.9939  0.6395  0.0468  0.0025  0.6781
  57  0.0229  0.0177 -0.0035  0.0042  0.0116  0.0122  0.9960  0.6654  0.0436  0.0016  0.7072
  58  0.0191  0.0148  0.0003  0.0018  0.0053  0.0143  1.0012  0.6931  0.0470  0.0071  0.7325
  59  0.0180  0.0121 -0.0048  0.0092  0.0141  0.0106  0.9980  0.7179  0.0419  0.0044  0.7471
  60  0.0174  0.0166 -0.0032  0.0093  0.0103  0.0107  1.0007  0.7398  0.0404  0.0028  0.7594
  61  0.0106  0.0076 -0.0033  0.0019  0.0097  0.0116  0.9992  0.7644  0.0356  0.0044  0.7748
  62  0.0139  0.0087  0.0083  0.0068  0.0086  0.0112  1.0023  0.7880  0.0357  0.0028  0.7955
  63  0.0087  0.0054  0.0080  0.0005  0.0086  0.0143  1.0037  0.8009  0.0339  0.0078  0.8055
  64  0.0047  0.0059  0.0060  0.0041  0.0017  0.0119  1.0044  0.8138  0.0355  0.0128  0.8052
  65 -0.0002  0.0047  0.0065  0.0047  0.0044  0.0075  1.0056  0.8341  0.0360  0.0073  0.8084
  66  0.0068  0.0022  0.0110  0.0062  0.0005  0.0037  1.0050  0.8470  0.0350  0.0070  0.8018
  67  0.0043 -0.0012  0.0083  0.0064 -0.0011  0.0087  1.0092  0.8636  0.0342  0.0114  0.7998
  68  0.0047 -0.0014  0.0080  0.0027 -0.0006  0.0161  1.0059  0.8784  0.0326  0.0132  0.7883
  69 -0.0004  0.0045  0.0049  0.0031 -0.0036  0.0205  1.0060  0.8911  0.0317  0.0173  0.7802
  70 -0.0027  0.0033  0.0032  0.0013 -0.0025  0.0185  1.0057  0.9054  0.0369  0.0163  0.7635
  71  0.0001  0.0050  0.0041  0.0024 -0.0018  0.0151  1.0065  0.9120  0.0288  0.0141  0.7503
  72  0.0014  0.0008  0.0032  0.0013 -0.0021  0.0083  1.0032  0.9182  0.0315  0.0140  0.7395
  73 -0.0007  0.0058  0.0017 -0.0021 -0.0015  0.0126  1.0076  0.9310  0.0295  0.0144  0.7420
  74  0.0012  0.0049 -0.0016  0.0011 -0.0035  0.0105  1.0058  0.9403  0.0316  0.0103  0.7419
  75  0.0020  0.0037 -0.0040  0.0006  0.0010  0.0157  1.0088  0.9433  0.0308  0.0146  0.7477
  76  0.0038  0.0062 -0.0004 -0.0007 -0.0060  0.0164  1.0100  0.9505  0.0288  0.0084  0.7523
  77  0.0007  0.0024  0.0001  0.0002 -0.0053  0.0176  1.0052  0.9539  0.0264  0.0036  0.7682
  78 -0.0044  0.0033  0.0030 -0.0031  0.0018  0.0136  1.0031  0.9542  0.0244  0.0025  0.7847
  79 -0.0044  0.0044  0.0014 -0.0017 -0.0042  0.0080  1.0043  0.9598  0.0246  0.0081  0.8037
  80 -0.0062  0.0005  0.0014  0.0052 -0.0038  0.0075  0.9994  0.9619  0.0157  0.0050  0.8254
  81 -0.0049 -0.0007 -0.0035  0.0032  0.0013  0.0085  1.0015  0.9658  0.0184  0.0023  0.8417
  82 -0.0056 -0.0007 -0.0006  0.0049  0.0018  0.0038  0.9987  0.9683  0.0158  0.0029  0.8529
  83 -0.0080  0.0013 -0.0034  0.0053  0.0022  0.0071  1.0071  0.9689  0.0219 -0.0010  0.8624
  84 -0.0035 -0.0022  0.0064  0.0038 -0.0006  0.0029  1.0004  0.9716  0.0207  0.0049  0.8759
  85 -0.0041 -0.0031 -0.0016  0.0021 -0.0042  0.0062  1.0048  0.9687  0.0195  0.0039  0.8781
  86 -0.0008 -0.0042  0.0015 -0.0014 -0.0030  0.0077  1.0076  0.9699  0.0187  0.0025  0.8859
  87  0.0044  0.0006 -0.0001  0.0024 -0.0059  0.0081  1.0065  0.9728  0.0169  0.0043  0.8887
  88  0.0015 -0.0012 -0.0038 -0.0005 -0.0053  0.0047  1.0085  0.9752  0.0199 -0.0019  0.8975
  89 -0.0006 -0.0051 -0.0026 -0.0031 -0.0084  0.0092  1.0055  0.9744  0.0240 -0.0007  0.9049
  90  0.0058 -0.0074 -0.0024 -0.0070 -0.0127  0.0107  1.0062  0.9757  0.0189 -0.0021  0.9178
  91 -0.0013 -0.0076  0.0009 -0.0086 -0.0058  0.0114  1.0082  0.9811  0.0192  0.0021  0.9161
  92  0.0067  0.0014  0.0051 -0.0102 -0.0055  0.0060  1.0085  0.9773  0.0216  0.0029  0.9265
  93  0.0028  0.0008  0.0096 -0.0096 -0.0065  0.0124  1.0043  0.9810  0.0119  0.0018  0.9330
  94  0.0031  0.0003  0.0077 -0.0034 -0.0039  0.0061  1.0017  0.9790  0.0154 -0.0046  0.9330
  95  0.0016  0.0008  0.0055 -0.0039 -0.0112  0.0041  1.0033  0.9809  0.0187  0.0007  0.9446
  96  0.0016  0.0004  0.0104  0.0010 -0.0060  0.0020  0.9999  0.9830  0.0147 -0.0043  0.9431
  97  0.0021  0.0005  0.0063 -0.0078 -0.0093  0.0046  0.9992  0.9838  0.0159  0.0026  0.9511
  98  0.0040 -0.0016  0.0060 -0.0043 -0.0126  0.0012  1.0021  0.9898  0.0143 -0.0004  0.9500
  99  0.0036  0.0055  0.0046 -0.0062 -0.0142  0.0001  0.9972  0.9875  0.0148 -0.0019  0.9521
 100  0.0028 -0.0032  0.0047  0.0017 -0.0117 -0.0030  1.0007  0.9857  0.0160 -0.0054  0.9522
 101  0.0028  0.0025  0.0047 -0.0049 -0.0101 -0.0097  0.9960  0.9841  0.0187 -0.0007  0.9546
 102 -0.0002 -0.0053  0.0074  0.0002 -0.0123 -0.0064  0.9994  0.9925  0.0156  0.0059  0.9532
 103 -0.0056  0.0009  0.0009  0.0011 -0.0109 -0.0048  0.9966  0.9940  0.0161  0.0040  0.9496
 104  0.0004 -0.0020  0.0068 -0.0032 -0.0072 -0.0095  1.0012  0.9934  0.0151  0.0075  0.9451
 105  0.0018 -0.0034 -0.0025 -0.0001 -0.0101 -0.0102  1.0045  1.0019  0.0118  0.0114  0.9369
 106 -0.0017 -0.0025 -0.0040 -0.0014 -0.0028 -0.0059  1.0011  1.0064  0.0131  0.0051  0.9428
 107 -0.0006 -0.0033 -0.0074 -0.0065 -0.0053  0.0016  1.0021  1.0076  0.0154  0.0098  0.9380
 108  0.0002 -0.0078 -0.0063  0.0026 -0.0008 -0.0038  1.0056  1.0076  0.0193  0.0071  0.9410
 109  0.0015 -0.0064 -0.0082 -0.0054 -0.0047 -0.0054  1.0004  1.0005  0.0167  0.0046  0.9373
 110 -0.0024 -0.0017 -0.0096 -0.0060 -0.0015 -0.0039  0.9963  1.0037  0.0140  0.0039  0.9327
 111  0.0004 -0.0050 -0.0076 -0.0027 -0.0037  0.0013  0.9988  1.0030  0.0159  0.0084  0.9275
 112  0.0036 -0.0049 -0.0019  0.0006 -0.0081  0.0016  0.9989  1.0001  0.0201  0.0064  0.9298
 113  0.0028 -0.0056 -0.0072  0.0021  0.0037 -0.0029  1.0038  1.0023  0.0214  0.0020  0.9272
 114 -0.0008 -0.0029 -0.0025 -0.0011 -0.0006 -0.0013  1.0017  1.0016  0.0185  0.0022  0.9343
 115 -0.0013 -0.0006 -0.0035 -0.0001 -0.0087  0.0021  1.0032  1.0067  0.0183 -0.0010  0.9393
 116  0.0038 -0.0022 -0.0061  0.0052 -0.0074  0.0067  1.0057  1.0064  0.0200  0.0004  0.9356
 117  0.0025 -0.0053 -0.0010  0.0000 -0.0017  0.0073  1.0082  1.0044  0.0248 -0.0032  0.9413
 118 -0.0039 -0.0078 -0.0002  0.0013 -0.0069  0.0010  0.9997  1.0060  0.0189 -0.0015  0.9457
 119  0.0003 -0.0054 -0.0063  0.0003  0.0010 -0.0016  1.0024  1.0064  0.0187 -0.0066  0.9372
 120 -0.0095 -0.0078  0.0013  0.0039 -0.0044 -0.0041  1.0059  1.0046  0.0143 -0.0101  0.9296
 121 -0.0013 -0.0064 -0.0073  0.0003  0.0014  0.0007  1.0044  1.0036  0.0137 -0.0038  0.9209
 122 -0.0004 -0.0043 -0.0027  0.0044 -0.0030 -0.0040  1.0007  1.0038  0.0107 -0.0058  0.9204
 123  0.0005 -0.0011 -0.0048  0.0082  0.0038 -0.0017  0.9985  1.0056  0.0118 -0.0059  0.9235
 124 -0.0000 -0.0028 -0.0016  0.0056 -0.0026 -0.0051  0.9949  1.0047  0.0121 -0.0092  0.9159
 125 -0.0001  0.0012 -0.0021  0.0062  0.0012  0.0002  0.9933  1.0024  0.0130 -0.0046  0.9150
 126  0.0008  0.0035 -0.0004  0.0040 -0.0009  0.0025  0.9964  1.0029  0.0142 -0.0028  0.9226
 127  0.0025  0.0017  0.0007  0.0066  0.0062 -0.0019  0.9978  1.0067  0.0190  0.0007  0.9266
 128  0.0010  0.0061 -0.0010  0.0083  0.0064 -0.0008  0.9985  1.0060  0.0132  0.0020  0.9327
 129  0.0020  0.0018 -0.0035  0.0072  0.0070 -0.0053  0.9895  1.0042  0.0139 -0.0065  0.9367
 130  0.0014  0.0018  0.0022  0.0061  0.0036  0.0012  0.9868  1.0052  0.0099 -0.0045  0.9427
 131  0.0054 -0.0003  0.0005  0.0021  0.0089  0.0017  0.9873  1.0060  0.0143 -0.0073  0.9340
 132  0.0062  0.0019  0.0022  0.0064  0.0069  0.0001  0.9933  1.0072  0.0142 -0.0059  0.9211
 133  0.0036  0.0023  0.0015  0.0101  0.0061 -0.0024  0.9939  1.0077  0.0147 -0.0099  0.9177
 134  0.0076 -0.0005  0.0077  0.0108  0.0019 -0.0032  0.9883  1.0045  0.0097 -0.0058  0.9212
 135  0.0035 -0.0020  0.0038  0.0093  0.0048 -0.0092  0.9944  1.0031  0.0184 -0.0052  0.9198
 136  0.0020 -0.0015 -0.0023  0.0042  0.0007 -0.0057  0.9920  1.0033  0.0120 -0.0027  0.9215
 137  0.0007 -0.0072 -0.0000  0.0039  0.0006 -0.0102  0.9941  1.0003  0.0128 -0.0012  0.9245
 138  0.0027 -0.0036  0.0015  0.0061  0.0074 -0.0120  0.9945  1.0006  0.0087 -0.0085  0.9221
 139  0.0001 -0.0081 -0.0012  0.0094  0.0045 -0.0103  0.9888  1.0012  0.0106 -0.0094  0.9322
 140 -0.0024 -0.0064 -0.0017  0.0107 -0.0015 -0.0091  0.9956  1.0031  0.0128 -0.0051  0.9226
 141 -0.0063 -0.0102  0.0026  0.0065  0.0048 -0.0052  0.9899  1.0091  0.0150 -0.0003  0.9337
 142 -0.0045 -0.0079  0.0024  0.0060  0.0050 -0.0032  0.9893  1.0031  0.0194  0.0031  0.9373
 143 -0.0065 -0.0111  0.0045  0.0028  0.0031 -0.0058  0.9911  1.0017  0.0137 -0.0023  0.9336
 144 -0.0027 -0.0145 -0.0022  0.0023  0.0058 -0.0007  0.9963  0.9979  0.0144  0.0038  0.9438
 145 -0.0017 -0.0172 -0.0033  0.0007  0.0012 -0.0040  0.9961  0.9939  0.0184 -0.0052  0.9505
 146 -0.0043 -0.0179  0.0049 -0.0015  0.0053  0.0007  0.9927  0.9965  0.0138  0.0004  0.9468
 147 -0.0009 -0.0121  0.0020  0.0044 -0.0016  0.0027  1.0013  0.9974  0.0127 -0.0089  0.9514
 148 -0.0066 -0.0088  0.0025  0.0008 -0.0011 -0.0001  1.0033  0.9918  0.0119 -0.0102  0.9372
 149  0.0005 -0.0038 -0.0056  0.0040 -0.0036 -0.0041  1.0017  0.9933  0.0100 -0.0104  0.9411
 150 -0.0060 -0.0049  0.0028  0.0018 -0.0037 -0.0011  0.9978  0.9953  0.0170 -0.0096  0.9413
 151  0.0001 -0.0058 -0.0020  0.0025 -0.0023 -0.0020  1.0014  0.9927  0.0153 -0.0075  0.9400
 152 -0.0055 -0.0064  0.0046  0.0041 -0.0064 -0.0047  0.9991  0.9911  0.0191 -0.0121  0.9313
 153 -0.0046 -0.0040  0.0051  0.0066 -0.0059 -0.0012  0.9965  0.9906  0.0178 -0.0084  0.9229
 154 -0.0006 -0.0053  0.0083  0.0066 -0.0034 -0.0031  0.9999  0.9916  0.0186 -0.0048  0.9187
 155 -0.0014 -0.0031  0.0022  0.0039 -0.0051 -0.0008  0.9955  0.9943  0.0124 -0.0076  0.9088
 156  0.0014 -0.0042  0.0024  0.0036 -0.0047  0.0011  0.9998  0.9952  0.0120 -0.0031  0.9141
 157  0.0034 -0.0026 -0.0008  0.0071 -0.0087 -0.0019  1.0018  0.9970  0.0147 -0.0044  0.9058
 158  0.0089  0.0008 -0.0015  0.0076 -0.0010  0.0035  1.0048  0.9964  0.0127  0.0018  0.9082
 159  0.0055  0.0023  0.0016  0.0042 -0.0020 -0.0011  0.9960  0.9964  0.0076 -0.0033  0.9167
