# model = krumsiek11.txt 
# tmax = 160
# branching = True
# nrRealizations = 10
# noiseObs = 100.0
# noiseDyn = 0.001
# seed = 0
# it   Gata2   Gata1    Fog1    EKLF    Fli1     SCL   Cebpa    Pu.1    cJun  EgrNab    Gfi1 
   0 63.8952 12.8816 110.4231 196.7579 23.4722 242.1551 19.3071 -3.4613 35.2306 77.8778 42.8936
   1 19.3519 -90.5719 22.0525 -1.8572 -10.5035 -91.1727  0.5699 -38.7889 54.3905 33.7970 -25.0401
   2 63.6649 119.4693 -43.1221 -118.4559 -11.1343 -214.1472 -74.4507 -23.4219 -66.6549  6.9239 45.3079
   3 -22.7456 -33.6925 -49.5084 -49.8778 -18.6721 24.4959 -76.6786 -22.4612 -37.6356 152.2365 152.1737
   4 -224.0740 -19.3610 -37.3038 -63.7774 -41.9857 -5.1349  7.4673 11.3818 21.5009 -25.1321 25.1754
   5 -138.4716 -110.9513 108.1287 79.3735 -80.1913 22.5231 28.3132 -47.8630 -74.2304 -49.6448 -114.2594
   6 119.9588 40.5596 -42.6131 -35.0244 -21.0847 155.4846  3.2752 -91.1760 32.5847 -67.0181 143.8189
   7 79.8475 106.3115 125.5490 -325.2067 25.2313 -69.7072 111.8399 49.8521 62.8551 197.5253 -38.9558
   8 -6.6686 -51.7888 82.4508 -70.0496 -212.9590 -157.9901 28.3043 80.7775 -0.0705 23.7540 -139.5985
   9 -1.6501 46.6080 -13.5604  0.6442 39.3419 -21.6294 -103.2212 -237.8746 150.8268 -60.9059 27.1944
  10 -250.0671 14.8712 -30.4019 45.3431  3.2827 -35.9116 87.1433 148.1571 -117.4551 224.3800 -170.5223
  11 168.5860 89.8466 42.8088 -139.5464 -73.8492 94.6585 175.8650 -19.6353 68.3623 -281.2531 -66.6396
  12 -3.5000 -57.3001 -24.5380 -13.8273 160.5272 144.8266 -50.5924 -97.5575 177.4497 -5.1980 -111.2014
  13 -33.8304 -130.1631 -35.6858 60.6231 -46.4957 -6.5804 27.9640  7.9673 -52.9967 -31.0712 -111.4213
  14 -222.7857 48.9190 -59.2546 -111.7392 -167.3980 -105.5239 -99.2982 -177.9791 -158.6444 186.1825 13.6215
  15 46.6737 50.4952 -103.5033 37.7523 42.7760 -99.5767 -137.5870 77.3927 -53.6027 -154.2852 84.5663
  16 -4.0869 -117.5706 115.9583 -32.9727 152.6915 175.4525 101.3073  0.9619 -204.7279 -11.5765  5.8937
  17 52.4895 54.0399 -6.6794 47.2871 -281.2128 -12.6433 136.5776  4.6801 111.1903 150.3898 141.8354
  18 63.7262 -51.8172 30.7866 83.7663 53.5248 11.1243 109.8424 -84.3791 71.2832 -47.0127 67.6546
  19 -153.9935 124.7088 112.9863 -18.9542 -85.7925 122.3295 -29.7015 66.3142 78.5227 67.7109 39.0084
  20 -221.2006 220.1689 -71.6988 42.0111 23.4319 86.7038 19.0240  2.0517 20.2526 74.7448 -129.5524
  21 84.6888 130.7099 -78.2761 -80.2467 17.7382 46.3677 -60.3923 -48.9253 -124.2545 -92.5547 51.4615
  22 168.8455 28.7152 -76.0558 109.9504 -86.2831 -114.8995 -2.5648 21.5191 -130.9277 -80.6580 -147.8518
  23 28.4638 144.4765 36.8732 73.9755 53.2089 214.4104 39.7578 166.8113 86.8251 -67.1528 60.2339
  24 47.1962 73.3636 -13.6339 145.7208 -84.1537 -165.8266 125.7838 72.9706 -106.3986 -20.8032 83.7821
  25 -27.6830 -51.1069 -155.8738 -166.6100 -84.5252 30.2861 -36.1527 -38.0867 16.9504  2.5499 112.3225
  26 -28.7086 88.8318 -32.6018 -49.5120  7.1440 -28.7511 29.9888 -72.6373 -21.2865 -61.2379 -65.6576
  27 -22.5942 101.9883 -130.2228 -70.2428 17.8954 85.2342 -109.7389 -56.4872 18.4178 -59.2061 -81.2234
  28 -56.0804 -93.2089 224.7457 25.2728 -116.2793 123.9521 107.9007 12.8729 -166.1838 56.7760 -21.4366
  29 268.2261 -71.2618  8.9337  0.5880 -10.9341 -161.2003 183.8760 -42.6489 -58.9403 162.6551 -246.7691
  30 191.8984 -3.2546 159.0200 96.6108 53.2367 -108.5095 143.4907 -267.6385 -170.4218 -7.1209 54.3670
  31 -77.9583 64.7184 188.0586 -97.0191 -68.9328 -49.3158 249.7132 -44.0491 121.0137 159.5964 -95.7142
  32 -131.4080 -125.0630 -49.5889 -20.2448 -143.3659 -63.1837  1.7555 147.6141 -57.2119  0.5105 46.0019
  33 72.3237 -136.9172 -61.4916 44.9213 52.7014 -91.0849 -135.8009 -135.6360 -168.8898 -24.1267 123.7835
  34 22.1154 -155.3616 -70.4612  8.3534 72.7433 -69.0484 -119.8897 -88.3206  0.8369 -20.0431 168.2564
  35 25.4393 104.4036 -66.1219 101.3834 -33.7539 166.7032 -0.7045 175.3152 18.4411 74.6286 -34.4983
  36 15.7757 -52.3341 24.6752 -117.3987 -104.4265 -13.1552 122.8490 63.9668 -7.2759 77.7510 -72.4633
  37 47.1008 -107.1792 71.4987 -72.0905 96.6216 10.5520 -70.8715 116.8378 19.5814 -39.4936 -263.4133
  38  8.6506 51.4547 -98.1353 172.5246 -78.6986 114.1613 -40.0287 129.9472 31.4998 -145.9447 133.5567
  39 122.4129 -44.5465 136.2143 72.5176 41.8456 54.4658 139.2354 -37.6968 41.7577 -18.9128 24.4205
  40 -8.6043 -9.8257 -50.6367 301.3830 206.7746 -49.0137 -137.2325 95.7226 73.3635 -112.7402 76.9109
  41 -125.3336 152.5383 -144.9107 38.7288 65.4871 28.9379 -48.1559 -18.4425  8.4805 70.3548  5.8181
  42 107.0206 -4.9370 38.6691 56.3760 -38.2634 -84.6358 122.6921 -40.4495 57.6348 -102.5254 22.4171
  43 -120.8903 65.3275 -70.4295 57.2762  3.7984 162.5741 19.3094 185.7203 211.5847 114.8411 40.6565
  44 -145.6678 -89.4509 -105.4599 -156.1366 -0.5291 -150.1368 90.1782 66.0779 -8.8269 -15.1412 -2.7523
  45 48.1980 -43.0178 100.1622 -40.3893 -153.5348 -84.3471 -20.3886 100.4892 -109.9398 -66.9901 58.1255
  46 12.3680 -122.3402 -67.0863 -33.8626 -20.8798 68.7289 -124.3061 -64.0970 165.2736 -69.1283 158.7995
  47 -71.1565 -60.7292 151.4833 -154.8503 131.4017 -28.4640 28.6525  8.5301 -45.3355 79.7173 -97.1415
  48 217.2309 147.5836 201.9474 -88.7188 115.5657 190.4784 -161.8844 -133.3905 -5.0490 -55.1553 31.0020
  49 81.3526 56.2882 55.0213 24.5058 -95.0731 72.3138 -53.9269 69.0786 32.5015 119.2077 267.3440
  50 42.9373 -149.6618 -69.4204 -111.9326 -12.2175 85.1283 218.0661 112.8279 141.7378  4.0048 80.9626
  51 36.1375 -59.4763 -28.8430 -23.1375 -5.1527 -47.0601 -121.5573 32.6763 21.3809 11.2858 -105.6561
  52 -0.3198 23.8846 122.3724 -38.7923 107.1822 -84.1459  0.9271 59.1522 -24.1833 29.5223 108.0492
  53 -15.5183 86.7547 -60.5350  9.4545 -4.3134 68.9421 -48.9849 -25.0839 36.9907 62.3681 61.3304
  54 68.8979 104.8645 -53.9208 87.9666 77.2612 -53.8807 96.1538 -60.9557 -57.1400  0.4152 -81.9223
  55 62.1197 117.4207 -61.1689 157.5330 -28.8732 -91.0563 -39.2547 88.3891  9.4933 -104.2666 -92.7062
  56 26.1919  4.7915 158.6240 -49.0626  9.2981 -30.1228 -143.3154 30.0405 -50.5789 -58.9597 -121.9306
  57 11.4790 118.6662 -84.6515 67.2376 36.1620 -130.8698 -52.7657 -54.5402 24.1187 -35.2660 -7.2426
  58 21.3664 -18.4496 -112.6172 -100.4821 26.9940 -25.4895 -96.2565 29.1552 -74.2884 -12.4052 146.2734
  59 16.4961 -63.4602 -62.4940 -135.5072 52.1046 -113.8036 31.2890 27.2061 26.8731 152.8333 -139.4783
  60 26.2935  3.7892 -30.3975 -83.5638 158.9252 -137.9650 113.7340 -124.4468 -151.1367 -38.7302 46.1648
  61 -169.4587 -6.4292 -245.1282 -54.8929 -146.8023 -91.6183 -164.4371 -33.4559 -40.2592 -36.6431 12.2653
  62 57.0231 -89.0460 -88.6672 43.4503 -49.2423 189.2986 -69.6874 -107.2470 27.2464 35.2127 -50.7825
  63 79.7899 -97.4814 -279.1224  1.9468 -40.4972 133.0862 10.5305 83.0407 13.6460  7.4384 -90.7210
  64 -18.2094 -2.9429 -52.1453 -187.0944 95.1347 -107.9233 -2.4764 15.3854 -129.5103 37.7091 -14.1166
  65 -19.7009 -29.4265 -96.2940 -139.3096 -5.8488 111.5736 -93.5619 86.3124 37.1772 58.3073 -141.4246
  66 70.5516 -47.1786 -78.1094 79.6631 140.3458 -66.3122 -30.2729 28.1278 -93.8290 -226.1101 -43.7967
  67 -1.4805 -92.6647 59.6887 -37.5664 -72.7688 171.0563 12.3434 81.0342 34.4831 119.3588  5.0438
  68 -6.3779 65.2925 155.6976 -18.9894 75.7061 -94.7355 89.2362 -144.3342 205.0696 77.3069 -84.1156
  69 -29.5799 17.7504 37.7598 -19.6120 239.1757 -104.7944 53.1755 40.6894  8.7097 -94.1639 65.3377
  70 -98.9502 132.3394 136.0283 180.7096 -121.2014  7.3695 -0.6616 131.2804 -7.2133 12.6813 21.0387
  71 119.5936 102.6980 -39.0275 -63.5068 -230.7034 -128.9401 -47.5086 -91.7893 -17.0443  9.5217 -140.1994
  72 138.7114 -15.8914 32.9715 21.5305 -15.6619 -56.0847 -183.1769 -119.8131 -22.7462 -65.3380  1.6053
  73 -7.3235 44.0538 -50.9933 88.4662 75.8833 -155.2677 -69.8468 112.9501 -48.8477 30.7288 17.8671
  74 -180.9651 -106.6540 -107.0113 -59.0493  0.3723 25.3431 123.1630 -96.2702 -75.8629 39.6385 57.2271
  75 105.7119 -1.8655 -45.1811 -3.4858 -96.0074 90.1445 51.0668 -19.9292 134.6493 62.7117 240.4822
  76 89.2687 123.0845 -64.3275 -113.8489 74.7571 -44.6739 -5.0334  9.5413 -74.7761 -62.0578 -53.5649
  77 15.6118 45.5282 88.1342 -157.0789 90.3047  4.4183 51.5890 -57.7486 112.2073 -35.7129 64.1841
  78  4.0350 -199.0333 -76.3631 -77.6859 58.0301 -53.2691 18.0228 91.1030 75.2828 23.1942 -37.1431
  79 23.7165 67.7701 168.6139 51.5025 -71.5386 -100.5186 95.5776 22.1841 50.8633 121.0755 -36.4565
  80 -145.5044 172.4020 66.6236 -135.1349 -136.1573 -111.7279 -34.8358 12.6112 -44.1630 -176.9570 -32.7190
  81 -89.2512 -11.3543 151.7949 -146.8124 -0.3093 77.0011 -33.2622 -157.0863 12.0303 -6.7981 -39.1853
  82 159.4939 33.4579 120.6694 23.8700 95.8568 -66.0959 -33.6496 181.1837 50.2220 -10.0606  2.7572
  83 -15.8460 95.4415 19.1765 -38.8216 -233.7082 -56.3665 -192.1518 58.8314 30.8817 -18.2636 -58.0427
  84 105.8406 99.4421 -81.4945 -17.4377 115.6499 23.8083 -78.4974 50.5491 -19.8108 -46.9134 43.7917
  85 -74.0111 82.0831 32.4882 -51.1151 -80.0678 67.5181 84.5066 149.3989 152.8998 -121.6358 106.8438
  86 158.4158 -63.3669 -98.4404  8.8225 18.5504 -64.3124 -69.4368 -79.1876 -3.3515 -19.2466 87.6063
  87 -68.0118 -208.3946 33.0494 -163.9700 -57.8357 -8.5632 157.9537 15.2985 75.7683 88.1955 -75.0699
  88 64.9935 -86.6434 -13.7256 -234.5293 98.2966 109.6424 -121.4991 104.5973 69.5353 -105.1394 175.1108
  89 -43.4826 -11.7389 -38.4944 49.2646 -140.8534 18.4109 140.4186 127.9238 16.3703 159.0892 50.4906
  90 64.1085 118.0032  5.6183 143.0338 134.4614 -114.9229 -200.6981 -271.8068 200.3231 -57.5047 17.4665
  91 36.7164 -148.4682 -154.4417 37.4303 -230.6569 58.0234 -16.1608 -6.8468 74.3509  9.4028 -57.5835
  92 -40.5396  8.0625 -40.4708 -135.9065 44.6473 -96.3751 -22.1655 38.1251 -99.0386 -113.6739 -106.9322
  93 -144.9784 57.2853 -9.5158 207.5063 79.7312 -131.3938 -102.9766 33.1349 28.8425 18.6868 -62.2231
  94 -29.6509 99.9847 -39.0848 157.0077 -22.4391 36.2213  7.4985 146.3590 30.3405 -93.8568 -214.7895
  95 -91.9352 -85.7203 193.5104 59.9392  3.2866 -46.7162 131.3346 221.7619 279.7038 -72.7031 52.2637
  96 -25.1022  0.2746 119.0011 151.1758 153.6475 -62.7745 -46.7648 -23.7173 89.5264 28.0843 57.2906
  97 -79.3269 57.9137 19.9596 26.3191 185.6427 42.8665 -50.9377 63.8242 109.6916 -54.5789 146.5464
  98 -122.6074 54.2083 62.8803 71.2183 17.5707 -61.3022 -172.5323 74.1978 77.2379 -82.4850 35.5718
  99 46.9352  7.9167 -23.0366 -12.6230  3.6722 -17.2349 -23.4518  8.6863 -77.6477 12.4784  7.9662
 100 -104.6522 145.8458 35.2295 -69.9244 98.1481 45.2306 -291.4149 272.4083 -6.0128 74.3772 -71.3083
 101 140.6179 -105.7144 121.8709  5.5985 121.2774 11.1798 -116.5223 -132.4757 103.0311 112.0347 -33.4049
 102 -67.9854 -34.8992 -48.6009 14.9289 -3.9813 -85.9008 -208.2034 -19.3207 -65.7582 -95.6826 -142.3340
 103 33.3677 -81.1198 22.4708 -48.3480 77.2273 -103.6108 55.8726 -5.1796 119.9122 -40.2483 -149.3911
 104 61.9839  6.8781 -158.7282 -70.2182 -37.0395 -118.4730 -34.7354 20.7326 -56.9889 103.5957  9.1294
 105 -43.1726 -97.5909 -77.8783 15.3796 127.9981 14.9046 -91.1073 -0.9333 64.6782 -243.5323 -64.2719
 106 40.9371 180.8313 -55.2341 -70.1101 22.3993 -37.1857 -12.4594 -38.0707 -46.0182  3.6133 -266.3738
 107 52.2411 60.7501 -196.4378 -0.0396 220.1121 -81.2207 107.8415 86.2391 -2.8637 132.8673 155.6527
 108 -41.0813 -50.2823 -15.6554 51.8672 107.0040 38.1299 -2.2501 -81.1361 40.5031 50.6257 -211.7346
 109 45.6694 37.9049 -74.4708 16.0771 -149.6327 -115.5381 -122.4560 -11.4594 -4.5543 39.4825 158.9343
 110 47.1944 61.2619 109.0868 94.9858 28.3326 -67.2496 40.6928 -55.2188 44.2594 -44.9314 -76.9572
 111 52.2387 152.7717 111.3984 -56.9872 -27.8280 -55.7210 -38.5257 101.0052 41.3511 -198.6596 -10.9289
 112 33.4375 -44.1955 31.6712 -49.1296 -32.9622 97.0745 25.9406 37.6301 -75.6613 119.4173 26.3162
 113 -183.7485 -16.9704 -327.5176 117.4135 35.7443 14.9804 103.5945 -192.3080 81.0108 -199.5653 -25.7099
 114 62.2276 83.9198 62.2127 -142.5140 21.2788 22.9928 -179.5017 -79.2039 -16.2431 -202.5343 -52.6453
 115 154.5571 76.7543 -143.3764 46.9445 -81.5145 91.5533 103.9536 -39.3568 -45.3753 -12.8715 -1.1874
 116  7.3112 73.8865 -60.6318 14.5189  7.6023 115.5342 216.7714 -140.9170 78.0008 87.7824 -29.1361
 117 88.0324 38.2625 -38.9527 -19.4571 -40.3130 -60.8574 -138.0570 -1.6036 109.2597 70.4838 100.3396
 118 93.8343 158.0392 45.3699 30.4374 84.2390  8.9342 67.0555 -28.6462 207.0563 159.7481 31.8205
 119 -224.0112 115.7557 -19.9276 17.4475 34.6584 24.0759 -154.3869 72.1540 39.6428 57.8476 10.6462
 120 123.9047  8.0200 71.7896 61.7469 226.0295 -94.9646 -5.6261 38.6663 62.9328 -27.0551 95.5650
 121 -41.8345 236.5466 -4.1923 18.4025 35.5228 124.8480 -80.0887 -169.4060 124.4940 -67.8534 -77.4690
 122 33.6176 -21.5103 152.3785 -108.1981 -148.8238 -39.1094 -76.0899 -15.6283 -127.0972 28.1654  1.5582
 123 16.7528 155.8784 -106.0000 -39.0728 80.7359 -218.5762 -116.6200 173.2893 -38.3019 32.6021 116.7192
 124 -208.2637 49.2921 -96.4016 -38.5854 135.1886 -127.8377 -131.7545 -40.6109 35.3752 17.8881 130.9088
 125 -22.6013 21.4457 -38.2289 -47.6805 -278.7769 85.7668 -88.2148 -95.6914 -6.6092  5.7538 -22.5564
 126 85.0727 -63.5548 46.5514 -68.1523 80.1373 172.2883 91.7352 -139.5883 52.7822 -11.5750 84.5270
 127 -63.0348 115.0380 26.3544 -180.3809 239.0799 -14.9625 -74.0016 -32.3983 -253.2735  1.9861 -149.9442
 128 -182.7171 -43.3926 182.3479 -4.9344 -171.4995 -4.3406 68.0607 24.5224 -25.2778 -22.9562 62.6040
 129 53.0472 -194.3398 -12.1635 149.1779 75.7461 -44.0881 21.4706 40.9154 144.6164 41.4348 -127.8394
 130 143.1066 -85.1874 -57.9369 12.4657 57.6193 98.5348 -123.1167 -150.7973 160.5306 168.3655 252.3972
 131 -58.3843  5.8228 -42.5401 122.5514 -262.8179 -56.9909 -4.9503 53.4199 -93.2942 133.4909 56.9387
 132 -94.8192 225.5386 -145.7163 -54.2360 112.7536 266.7307 -290.1310 20.5757 -44.1167 212.6303 -119.7874
 133 -32.4633 52.8324 63.1002 190.3383 72.1992  6.7945 -58.0037 -18.2734 54.5086 57.9465 97.5047
 134 187.5119 -196.3052 140.5540 48.4402 -103.5212 -0.0292 -17.4485 -95.3847 -188.8578 -75.4228 13.2161
 135 -86.3378 -75.8617 32.3510 51.8197 41.4004 -38.4242 138.0590 -2.2014 -79.5848 135.8419 156.7543
 136 160.2614 -34.8771 111.3127 -43.2179 -72.6274 -38.1590 -163.6717 149.7510 -64.5620 -46.7551 52.0890
 137 -63.9265 -26.0766 -145.3227 -109.1695 180.0279 49.3209 -80.2408 65.7523 79.4171 31.3155 -41.7891
 138 -8.0983 -17.7201 36.9304 -87.0922 126.3051 43.8402 99.4809 -72.4345 -40.8306 47.9096 -56.9068
 139 -99.5730 24.3390 -75.2802 -159.0618 105.5380 79.5570 38.6335 230.8148 -6.4231 -71.6060 -74.4862
 140 -160.4230 -11.4480 -64.9480 -4.7536 222.5421 -37.6513 119.7910 -48.9617 42.3741 -70.6961 -123.7116
 141 -6.9168 -37.5038 -0.2884 82.8063 -2.1512 -136.2261 39.3828 -71.2754 15.4748 -74.9967 -69.6295
 142 116.1823 -160.9998 97.4590 -109.4363 -123.6765 122.3952 155.2266 185.4390 129.3991 192.0580 56.5271
 143 48.1727 -7.8368 -36.1989 -32.1753 -27.9431  5.3063 44.3950 39.7725 -107.3359 162.9076 65.9573
 144 45.5398 147.5979 -108.4533 -93.4767 150.6339 -2.0273 -53.0509 77.3821 -20.8414 57.1199 25.8380
 145 63.3421 -113.4077 59.7860 -71.1306 -7.1322 -42.0736 102.2519 -72.5290 -24.1920 25.6758 125.6005
 146 128.5396 119.6924 108.5345 -22.9648 51.5123 203.3224 -113.5131 -284.7538 -7.8903  9.3545 10.9138
 147 -199.7109 10.0404 69.2610 46.8827 48.2696 -21.8265 -177.6470 -75.4469 -100.5227 33.1782 30.8908
 148 90.4183 72.1126 35.9331 -104.7336 -104.7912  7.5353 -10.7346 35.4567 69.3581 177.1610 -36.3298
 149 -145.2635 -82.7452 -8.4633 50.1731 29.7459 103.9183 -120.0914 -150.5499 -39.9574 47.3819 -72.9649
 150 -7.1371 -61.2175 -40.7451 128.0305 -93.3790 -73.4355 -219.3558 241.3328 -59.8994 -8.0104 18.9629
 151 20.5614 158.5760 -26.2959 10.6907 88.8608 46.7726 28.8586 156.7685  0.1979 -54.5023 45.0107
 152 -166.7728 -184.9919 139.6079 -74.5032 124.8056 61.0436 -128.8979 -27.0954 -59.6660 -71.1967 -16.9010
 153  9.6896 -88.1959 55.4620 29.4196 -24.8172 89.0598 -86.7868 27.6336 -21.5570 -37.8121 -78.1118
 154 34.3034 81.8127 -79.6111 12.8762 -26.6605 180.8253 -92.5490 -49.4474 -66.9578 77.8196 153.1350
 155 66.8094 -47.7462 32.1895  6.6647 30.8057 75.0336 80.1962 -78.6359 22.3761 53.6235 75.6967
 156 66.0230 -48.0949 224.9726 78.2080  4.2456 67.6413 -207.5768 129.4988 187.7193 98.7704 236.1000
 157  1.7063 -49.8167 -16.7141 -10.0299 -74.9338 183.2415 -82.0605 -89.7789 11.5611 87.4982  8.8231
 158 -167.8959 83.3071 -25.5589 -59.3209 -48.3197 -14.4808 20.7662  0.9620 -12.4856 38.3783 48.3556
 159 -96.9341 -128.3293  4.5715 -122.6235 -1.3375 130.0096 -7.1340 132.4893 -85.3022 -34.0912 -50.0833
   0 -161.9181 -98.8507 -37.9777 -139.7376 -36.1492 -190.5399 -128.7063 -24.8418 -46.6718 -129.5890 -55.2955
   1  5.8094 -52.8834 -70.5585 121.1366 39.4278 23.8703 -122.9291 27.7458 -39.7033 -115.7147 308.8819
   2 80.8069 184.5803 -6.8930 91.9419 226.1706 64.9882 -74.3095 -101.3676 -35.2585 38.3540 336.1894
   3 101.3173 -119.3481 26.7607 30.9441 120.8703 -128.6666 72.5352 24.2272 -57.5179 75.4307 121.7871
   4 30.2512 -125.8971 -113.0543 60.8847 42.8601 87.9085 103.8453 -0.9562 56.8719 199.4782 -28.8719
   5 229.2876 -66.8195 -90.1441 111.9839 -39.0864 -71.1858 -15.8407 -187.2212 148.5108 155.7086 -54.3950
   6 -39.4787 -185.7471 -5.9136 119.0444 -75.3326 136.4780 150.0032 -86.6165 -120.1196 19.5219 144.0627
   7 -79.5372 -12.1819 131.5592 44.6530 -280.3867 -163.2891 50.2082 119.3117 95.6968 -80.5536 -122.5397
   8 158.5333 107.2008  8.4465 103.1766 34.3246 45.5199 30.0741 -120.2329 -113.8655 13.3105 -115.1401
   9 144.7077 130.3036 47.7426 -222.5509 -42.5282 -38.9717 34.6727 84.0120 -151.6467 -39.3610 34.3426
  10 -98.6815 173.4037 -63.5667 -145.7335 110.7031 -38.0332 122.6910 13.5012 32.4719 -31.8633 112.2168
  11 -97.5309 254.7330 -2.7279 134.2427 136.5671 19.3108 47.2614 -161.4961 53.8531 -51.7218 83.0343
  12 -228.0134 -72.0453 50.6977  1.8643  3.0849 -59.7295 -34.1907 -27.5251 323.9242  1.1405 -107.4409
  13 98.7567 -3.9651 -25.4206 24.4756 -11.1073 137.9637 -22.0490 100.3151 52.9519 89.1461 208.8472
  14 65.5631 -37.5913 67.8161 36.5718 93.0684 24.1785 -35.5947 185.9931 13.5219 141.4904 -73.6395
  15 -61.9035 -110.3081 -178.5959 -32.3620 27.9771 -171.2564 38.4563 -36.1539 -23.0578 49.1265 -16.0879
  16 -144.8581 40.6792 -10.4069 79.6671 -33.0870 205.4096 -80.9044  9.7357 31.8863 32.5093 -29.6145
  17  8.5354 151.7228 53.2850 30.2916 -142.0599 -43.2867 137.4486 -1.7710 112.3384 -243.3217 63.7446
  18 -35.4469 61.4515  9.0509 -4.8684 -70.3549 34.9245 -167.5099 23.7785 117.4905 -84.6356 -21.8762
  19 32.0557 27.4702 37.2858 27.1609 -44.5802 -37.7264 67.0804 -104.1482 -116.4871 22.5206 -10.2062
  20 53.5211 -42.0830 -86.9769 -55.1502 -7.2920 -35.8684 -78.0414 29.2431 158.7474 -107.4120  3.8253
  21 -151.0034  0.7642 -35.6509 60.3789  9.6545 153.6456 30.9393 122.3408 79.2229 -8.5528 61.2242
  22 -30.0405 -182.3742 -27.2558 -11.6331 -52.6339 20.5850 -162.5245 -17.0208 49.8345 -64.5066 -78.1579
  23 125.5050 -94.6113 207.0617 65.3437 57.7525 -193.3665 77.0561 179.6375 -107.8898 71.0893 -154.0549
  24 -154.1074 -66.8379 102.2880 141.9496 -91.3285 48.4391 -96.5426 22.0490 15.8193 -132.5599 31.6963
  25 -80.2718 -77.2869 -2.2564 -213.0562 -0.0738 -14.5851 38.5776 -54.6474 -28.5637 -21.6783 -13.5705
  26 93.2460 57.2923 -83.0797 167.8186 -118.9607 -113.5884 55.4313 61.3463 97.9646 -37.7918 189.0360
  27 -74.1948 250.0789 25.7200 -17.0844 151.5287 42.6335 80.3472 62.4892 -47.8971 -91.6129 -48.3022
  28 113.7814 -70.2935 81.1099 62.0239 -121.7216 74.3927 -122.0796 81.8087 129.5188 -93.9730 71.3127
  29 38.5039 -24.3747 -42.0887 107.7916 -91.7601 -138.0234 -4.4925 43.4099 89.5499 -9.9108 66.2710
  30 -115.0271 28.4757 128.2210 -27.3701 40.1188 -31.9985 173.6162 54.1635 17.6468 68.8803 58.3982
  31 -114.5909 96.2887 -52.7200 -30.5881 -28.0105 -126.8701 -163.2200 30.7428 -0.7167 -262.4526 -35.7711
  32 -39.8711 90.8741 93.4622 96.8227 30.2051  3.7083 10.7365 -160.6154 -139.8344 -70.6816 55.6209
  33 -3.4887 -151.6007 240.0804 -16.7818 -91.3582 -143.4503 76.2420 218.8877 51.0995 -40.2992 -28.6890
  34 -77.9822 -91.6941 237.9181 -118.2050  3.5952 -100.4347 29.1967 -26.5715 -15.8292 141.7073 -24.5976
  35 -78.9383 97.2304 121.2292 37.4035 95.4907 -51.7739 84.4465 18.7926 93.2813 -78.8203 -19.3111
  36 -121.6489 -115.3507 -31.0762 38.3306 -214.5936 65.0384 217.6698 52.1115 -107.8353 -54.9647 59.4219
  37 83.7214  2.5301 -14.5583 -175.3043 102.1648 -204.2896 -86.9534 -87.5646 -22.0128 225.7254 128.9404
  38 -114.8037 -192.1747 47.9689 -104.7199 -16.0047 -138.5449 -43.6636 -16.5726 -125.2605 -66.1472 -19.3847
  39 138.7522 32.8172 31.0887 200.9854 83.1502 -36.1663 93.0240 169.9422 108.4649 -119.4129 104.3769
  40 91.4784 -10.1927 90.8392 -10.9235 -110.0108 -100.2071 -55.2576 -70.0678 108.6206 23.0733 65.2104
  41 -23.9450 -130.7761 -20.7503 12.6783 -57.9499 12.1225 -116.3213 91.1538 -110.3301 137.8353 59.2673
  42 -53.3916 78.9904 -51.7576 -13.5343 87.2906 122.8899 -26.2630 -127.2710 32.1290 -36.2759 -35.0114
  43 -26.7410 -38.1369 -74.8181 -189.5855 47.2307 83.9542 -180.0697 -250.9022 102.8697 -25.1598 45.6252
  44 10.3869 -199.1749 152.7273 273.4377 52.4719  7.3122 154.6445 45.7306 -24.1868 95.3721 41.8538
  45 46.7815 -41.6178 -179.2192 -8.0790 12.3703 -209.8680 31.7498 97.1204 -113.6325 -23.3776 18.0848
  46 135.5313 -213.6385 -181.9737 142.3029 -85.1972 -17.6802 -83.3225 -98.9384 175.7348 -59.7729 128.7385
  47 -21.6158 99.9139 -108.4955 58.2391 -24.0903 -29.1707 -12.8879 91.0375 -22.4539 -50.7255 62.5804
  48 -58.9041 -73.3837 -6.0723 -49.6087 43.2820 98.1356 13.0589 25.0139  7.2465 -17.1930 98.7232
  49 28.4650 190.6158 -24.2279 -91.0636 -132.7046  2.7039 -165.3744 57.0299 -78.3974 21.0274 34.3035
  50 -75.2113 92.2735 153.4685 106.4349 -70.8121 185.8184 69.1988 -87.7162 -97.5699 239.8385 165.2875
  51 202.2266  7.0976 273.7064 -101.1689 27.2533 -10.4581 -4.7827 -105.8496 -32.2228 33.4113 -0.0367
  52 82.2523 43.2559 -250.3286 12.1880 80.8840 60.6889 -85.5943 -15.2903 -23.6439 -5.6961 53.2953
  53 76.9117 -85.1417 -168.1567 65.4548 93.1211 41.0273 21.3017 -82.2370 -127.3072 -22.2886 -101.5936
  54 -65.2264 29.8975 62.0938 78.1200 45.5977 -129.8052 -55.5687 -69.6772 104.1412 156.3474 -146.0131
  55 -193.4440 53.1886 166.1343 -36.2166 -3.0011 -35.7910 125.0246 -166.8321 61.6554  4.6566 11.6600
  56 -57.3142 -125.9094 -11.6354 -48.3474 102.4121 15.4346 -2.1314 87.6149 13.7949  8.6966 89.3153
  57 -13.2761 -24.5671 55.0318 165.7389 -132.6178 -12.6268 -206.7747 60.3065 48.9059 204.7671 -68.9452
  58 38.4823 39.5608 121.3608 11.5571 -103.6799 151.3255 -46.9432 129.1885 129.8911 111.6948 17.7388
  59 -28.1549 146.3240 85.1747 -38.1096 -62.0191 221.5829 108.6187 112.7087 14.8967 -104.1949 31.1341
  60 95.8818 -13.0234 15.9721 94.8910 116.3059 11.8707 -124.8218  0.4434 -188.4756 181.3100 124.6849
  61 -116.4432 -81.2934 -103.6956 -37.7401 24.8333 10.5057 -36.2539 142.8346 -126.4646 -72.9485 -23.6084
  62 -5.7776 159.2114 57.0437 -100.9083 -115.9635 164.6088  0.6911 66.0220 -50.2065 176.2639 -29.8612
  63 -6.3663 -23.1758  5.0252 -5.3909 -140.0058 -39.9817 105.1199 -221.1386 10.2235 -117.0124 199.4491
  64 -73.4147 -183.9707 -36.4023 168.0521 -36.3281 23.9428 -62.9774 -105.9020 -36.4857 -133.5482 130.5582
  65  6.1338 -114.8850 -18.5370 -171.2940 -27.9677 36.8222 -71.6356 52.0539 62.0886  6.1174 134.2144
  66 176.7371 -42.1464 71.3136 -22.7494 -119.4290 155.1504 24.2521 76.7351 -210.8362 64.2903 -143.0309
  67 -49.6909 -17.2793 -96.7099 93.1141 122.5709 -84.4936 39.2355 -129.7424 -73.4313 19.8231 128.3449
  68 -20.4352 -14.4795 -19.6036 65.8695 16.8651 42.3430 -28.9964 -40.9263 -82.0399 -47.5759 90.4235
  69 122.0116 87.3604 -112.6231 107.2840 -14.1431 -86.3932 -160.9296  7.5341 42.9311 13.4156 -214.0898
  70 -90.0092 -35.5908 -143.8143 -89.5537 41.9878 -61.6022 101.7210 -4.5806 -121.4272 -88.0145 90.7639
  71 -254.9798 216.6219 -45.5865 -99.0180 186.7973 -40.8647 97.6752 -51.9251 183.2074 -21.3451 -32.6489
  72 -70.7770 -202.9423 -50.3007 67.4863 122.6482 -101.6462 29.4376 -59.1632 74.9686 167.3263 83.9856
  73 172.4065 -163.7082 -172.0080 168.1208 62.8966 -122.1180 20.9229 174.3498 23.5439 76.1414 -33.8268
  74 -20.4226  1.4828 142.9634  1.7341 -43.9703 27.9438 -107.2085 -134.2506 -17.0939 -124.3851 -89.7090
  75 -2.1319 135.7441 -27.5335 102.8360 11.9043 -36.8880 -21.1638 40.8000 31.8065 37.0209 -355.1481
  76 -1.9067 103.0496 61.5314 -87.0320 191.6734 108.4903 104.3077 -12.6135 -16.0864 -110.1990 71.7392
  77 191.7280 -70.8556 -28.0120 18.4866  5.1954 16.9219 132.2828 -200.7308 114.1140 107.7961 -30.0528
  78 -1.0055 30.3939 -91.1743  5.4539 -91.7488 41.5125 -98.2674 -30.6181 27.7453 68.0386 13.8019
  79 -177.1050 105.4944 -149.6488 28.9497 44.6553 272.0767  3.3607  2.3893 138.6498 -20.9622 52.6316
  80 -8.6858 -144.7564 161.1376 -40.8577 -79.9232 -47.3606 71.4371 213.0061 -2.5438 -26.7103 -52.5392
  81 -14.8723 87.1113 14.7303 119.9185 -40.6322 -112.4114 -18.1027 -11.7137 14.3441 -62.5298 -115.2443
  82 -69.7828 57.7245 29.2955 17.9450 58.1183 -50.3557  1.6625 91.1775 -10.7047 232.3933 -118.1162
  83 134.1736 58.7420 29.1866 46.2800 -13.0893  1.4446 53.2742 -73.8555 165.0780 88.6545 127.0053
  84 150.0698  7.9772 91.5071  9.8659 -104.9025 79.6120 22.0641 81.5169  6.3443 10.0652 149.7446
  85 38.7520 -31.2337 162.7464 46.7439 34.8708 29.4922  9.1961  0.8004 114.2150 -20.6270 14.7853
  86 -15.6470 -110.9131  5.9350  9.9871 19.2221 -23.5027 107.8735 77.7336 -200.2396 -138.7820 181.8598
  87 -133.8609 -18.1478 -24.9466 -42.9006 -50.3680 -118.3919 88.9613 137.9766 -80.5540 63.0354 -145.4175
  88 -23.5760 -111.4435 -83.9103 -60.6662 -32.0769 180.0196 -29.4179 -109.9502 -2.7747 151.9631 44.1046
  89 -6.6052 -121.2059 -115.0716 -50.8044 50.8604 -158.9223 64.1852 122.6493 -55.1905 53.8385 95.9321
  90 -114.4727 46.9247 33.0448 -255.0843  5.4511 100.5702 -238.8390 -30.4076 -26.8158 -89.0510 -9.1488
  91 56.6051 75.2618 -61.2624 146.6558 -48.9075 -166.7870 92.8702 -33.4941 -28.7646 25.0020 -83.0506
  92 107.5036 -86.6452 88.4908 -43.6538 -144.7160 33.0343 -66.5005 -0.3887 25.9817 -139.8823  2.5069
  93 -31.1147 141.9998 -85.4509 38.7241 51.2289 58.9556 -79.5547 -107.9288 -54.5896 -143.9895 94.0865
  94 -61.9482 -72.3127 173.9773 -69.8882 -86.1395 28.7183 183.0744 -135.0360 16.8045 165.8854 -146.9012
  95 24.6694 -7.8849 85.9883 -115.5116 -6.6655 22.6176 -199.2260  0.5438 -24.3994 174.2217 26.5375
  96 61.8084 -67.4442 -38.8082 50.1097 -41.5286 -179.2330 53.5768 -44.5829 -101.3065 161.8445 189.5035
  97 144.1829 50.4719 30.7601 60.9237 64.8019 -19.3860 47.9064 84.2267 167.2232 -85.6531 -49.5710
  98 -7.3483 262.8712  2.1812 80.8560 192.1413 61.3968 -162.2121 -153.9720 121.6027 -4.9098 67.4056
  99 -207.3272 24.9296 -16.1767 49.3009 166.3990 -70.9114 -239.5037 173.2817 -53.4824 -7.2875 -29.0917
 100 -147.2126 49.3073 37.2733 98.8134 56.4487 -4.0801 30.4467 97.6181 -20.5173  6.0435 -1.8777
 101 46.1345 -73.8320 44.3229 158.2661 126.3103 57.4971 152.8429  1.4703 -83.0456 -4.9240 -42.1276
 102 124.1521  9.7096 42.7246  7.8342 -9.2161 -54.2386 -53.5631 -50.6947 11.2302 -112.9766 -73.3195
 103 89.8519 -65.4138 46.0430 -63.3631 -30.3954 -118.8747 -50.6121 58.2026 97.1409 -59.7725  1.8583
 104 -248.6493 -208.4750 125.2054 -196.5115 -137.6965 19.0501 127.6230 -64.8394 254.6733 -134.1161 20.0063
 105 174.1675 14.8071 -21.1735 144.0269 -116.7116 229.0240 72.7935 -164.0452 -176.1289 124.7864 -70.2815
 106 46.1441 102.0242 63.3631 -24.8167 80.7923 100.3098 -70.8375 247.9419 -10.5767 146.2636 -114.7433
 107 228.7210 20.7716 -203.4460 46.8810 -45.2421 -29.3739 62.6037 -99.5947 18.4935 19.9301 140.0769
 108 -218.2788 -351.6267 -34.5263 16.7315 59.1496 70.7687 -40.8674 10.6365 153.6848 -121.9090 -13.7094
 109 -36.7386 -103.2540 -10.1447 -181.5777 69.2627  5.6394 202.5301 184.0500 -53.1575 180.3936 -98.5468
 110 -78.2014 -95.0537 156.1972  0.1439 160.1544 -13.6747 121.6806 43.6447  3.2170 72.9140 -56.6315
 111 -17.9324 -7.9721 45.7065 147.3567 -25.1871 47.5882 144.4001 -274.3410 38.6799 -201.3157 169.0261
 112 75.5913 102.6915 -24.3992 76.5207 57.5897 124.5038 89.8516 129.6718 -65.7184 146.7189 78.8882
 113 38.0835 62.9100 33.2081 -36.0934 -2.6457 -23.1061 -74.6160 62.4090 218.5275 112.1452 200.3645
 114 -156.8097 -0.8737 -80.3895 95.6539 -107.4147 100.0225 147.4389 11.3407 37.2783 -50.1865 68.6781
 115 32.5348 25.2446 -79.8858 23.5119 -65.7163 188.8462 -72.7278 52.3738 37.2150 76.8075 73.2440
 116 -163.9629 -134.5898 -94.7204 73.2733 -24.9264 -32.4552 -10.2942 -156.0358 -5.3307 122.6685 -197.4671
 117 -127.8284 110.7317 -7.6159 -11.8492 122.4222 82.6140 117.3538 -48.5679 206.5304 -106.1978 50.2102
 118 19.2768 -15.0878 30.2516 -171.8375 -128.2012 -53.5620 -67.0490 48.7261 130.1323 -5.7487 108.8504
 119 22.1673 -85.4193  0.7750 -39.2640 87.0987 105.9324 121.2880 108.0927  8.8972 36.5952 62.9905
 120 -71.5899 -8.5093 259.8978 -64.0111 -8.9139 -115.8982 -77.4929 -18.8827 46.1368 -11.3345 -105.4767
 121 -36.0886 -92.4761 141.5357 37.3386 -17.9907 -81.8913 -45.8216 -53.4890 19.2771 -16.8825 -109.5422
 122 172.6118 -98.5228  1.1942 22.5343 -52.9230 -123.7922 -42.1667 -81.0288 157.2312 78.7210 -172.0207
 123 58.5983 11.6057 -52.9092 -215.8035 45.7639 -54.7762 -81.6685 -34.0660  6.0325 -151.2037 118.0037
 124 -23.7856 -87.6387 20.5114  6.9866 -227.8690 -171.4514 -36.5481 -157.8867 -92.7981 -182.6588 -89.4578
 125 28.9085 193.0647 -15.2765 -52.4357 -162.5871  2.5131 -91.0555 -16.5415 -43.0635 -60.5586 -79.9699
 126 131.4296 -120.5955 -4.7097 -66.3911 -73.5194 142.2947 111.7591 -118.8198 23.5049 -22.3855 24.8951
 127 11.7354 24.3406 -51.9472 -213.6204 -24.3044 -123.6701 46.8059 -75.2794 56.2457 133.6571 73.1726
 128 180.1133 30.2535 72.6508 94.6996 -60.9167 52.2111 167.1285 175.3664 121.2632 89.4354 -88.5316
 129 -135.7255 -20.2416 -60.4756 -16.1740 16.3702 -13.1862 35.2872 -102.5365  9.8141 -19.6719 75.5240
 130  9.2797 -45.5901 -47.9774 105.5628 -215.1598 42.2939 23.5649 86.6597 -8.6231 -136.1622 35.5002
 131 69.0612 -30.3838 19.2889 41.7590 56.8195 57.8689 162.1082 -15.9536 -10.6668 -115.4031 61.3658
 132 -70.9458 -171.6090 80.3149 -71.9057 16.7666 -82.4807 124.8753 -91.1358 -151.6118 -15.6039 -33.6659
 133 -15.4101 -17.3021 -53.9333 140.5268 104.2378 -23.3302 294.7096 -107.1122 -129.1358 46.3359 103.4573
 134 -18.9125 41.5325 82.2449 -64.2059 124.5245 31.0285 116.8159 -63.3383 -99.6509 109.6367 139.3735
 135 -20.8317  1.2651  5.7994 31.1104 51.7404 -0.0441 -9.4130 29.3835 131.3522 48.6402 -89.6360
 136 -71.4225 -14.9271 48.9168 -109.5034  8.5025 57.8673 26.8517 48.1225 -71.3466 20.0905 -83.0994
 137 -71.4931 53.4028  1.5875 45.0423 47.3800 -52.8366 165.3249 -29.4250 -49.0374 127.3913 118.3072
 138 -19.2346 49.3481 -236.9579 29.7407 60.8642 -161.0576 131.4819 63.4444 -41.8988 -48.8893 60.9694
 139 95.6127 -63.0216 150.2991 -217.9517 -92.5227 -168.6193 155.4559 110.7637 41.0266 35.7118  2.6902
 140 114.8521 164.7651 10.8810 119.8438 -70.0741 -39.6550 114.0497 84.8208 -82.7891 121.6525 -18.1814
 141 54.3590  2.3497 -161.8484 -37.1430 -85.1008 -127.6749 -180.5391 110.0240 -69.3188 -20.9124  0.9149
 142 -101.7949 -146.0165 154.7855 53.8276 73.0045 46.3404 16.8638 160.2409 -98.5684 -167.2838 118.2796
 143 178.6619  4.1175 12.9480 154.1835 14.8834 -130.7592 57.2822 -85.5860 104.4642 -97.7414 140.3796
 144 -128.2481 197.5077 -25.2545 88.1864 19.2442 48.6987 52.2506 105.6754 12.7490 35.3473 -47.6804
 145  5.7864 84.2047 74.3966 132.7544 32.0714 -84.0988 10.8471  5.1037 82.3299 -27.7233 -109.4137
 146 -105.6621  2.5562 -93.1690 -72.4876 10.7862 -19.7461 -231.6723 135.6029 151.0353 -19.5878 105.3500
 147 -3.4234 39.5592  0.1621 92.2109 94.2342 161.6241 46.5966 -25.4052 149.7845 69.0945 44.3442
 148 -100.7937 -16.3616 -170.3818 -31.8203 -200.2310 -66.0848 66.7372 -191.5664 -31.4529 -124.5738 -127.7322
 149 -220.3879 74.9428  3.4546 95.1121 212.3263 -107.6613 -60.2478 34.3759 -66.0891 -108.6307 139.1019
 150 -79.3629 131.7274 96.0127 35.0914 -29.8304 -11.9032 74.0549  2.3134 64.5062 -130.1365 -130.0119
 151 -109.4368 -23.6983 -37.2672 50.0040 16.9606 92.0280 66.7123 -51.6874 -37.6206 -91.2965 -27.6557
 152 -45.4913 -87.2713 54.1085 61.9045 134.5540 -81.7748 48.8768 82.0525 87.9846 -64.7828 240.9831
 153 58.4071 -3.4025 -75.2987 97.5761 50.4209 117.3444 187.7721 62.0037 159.2022 -184.9742 -84.1263
 154 32.0213 -44.9607 85.2285  5.5625 44.0660 34.7929 -112.9433 -12.3276 -90.6736 43.0126 -34.4291
 155 -105.1335 30.9087 -221.7535 -110.5859 -53.1610 -194.8870 128.8184 55.3426 88.2091 118.4022 -19.7325
 156 -172.3499 -183.9472 52.2757 180.6671 -25.2170 -48.7191 -142.7205 34.0001 70.2282 -79.9799 73.2531
 157 54.1419 86.7519 -97.6835 -96.7719 33.0059 150.7955 79.6159 81.8584  5.6972 -14.5239 -45.7458
 158 -47.5182 -67.2321 46.8178 -3.4537 181.4317 140.0084 -106.9168 -2.8949 -64.0590  7.5323 -52.4570
 159 19.1033 -15.6583 50.9684 -172.4360 164.1431 -70.2177 -49.1015 81.0752 99.2598 -10.5251 -8.5536
   0 -141.1056 77.9719 91.8563 203.2207 -144.5821 16.1395 -44.8190 -89.1552 -21.2000 17.8668 17.7630
   1 -31.2927 11.6143 -57.6856 62.5223 -10.3387 -106.5359 -260.0797 -196.8220 -6.3556 35.6837 19.2729
   2 -29.2086 109.6830 -41.5816 123.2012 64.8558 160.7688 -312.7906 31.4139 46.0192 34.6975 -39.6710
   3 118.5273 -177.8004 -131.2651 49.0949 167.3814  1.2433 -38.1373 -11.7252 -60.8884 -92.8971 81.1781
   4 68.9018 147.3604 -220.7217 199.3385 61.1846 -150.5129 -244.6892 -105.7227 95.4064 153.7173  4.1547
   5 -132.7204 52.4326 -17.9929 51.2856 -44.9279  1.4997 -95.8449 100.0623 20.8599 59.2797 -50.6572
   6 -12.9673 201.3417 127.4473 -173.1188 87.8340 23.8141 -51.2870 -70.9121 90.9287 16.6537 69.0312
   7 64.6686 -16.9909 84.4868 -20.6022 123.1285 -18.3295 71.1540  8.0902 -103.6313 -125.8542 129.1352
   8 -164.5967 137.3243 -258.4156 88.4240 78.5795 124.2357 -110.5096 -160.4867 56.0349 -31.7793 13.0545
   9 32.6046 171.9372 181.4369  8.3221 107.9457 107.7945 19.4911 -60.6758 -218.7856 111.6983 75.3122
  10 204.8236 -5.8167 -75.2271 16.0691 90.2080 29.1435 201.8751 -56.2034 -204.9012 39.5490 -16.3528
  11 13.4847 -80.7072 110.7149 -164.6145 -164.9060 -70.2265 13.8554 101.6196 43.4098  7.1469 65.4468
  12 91.3753 125.5200 35.6550 40.4592 40.2036 36.8970 -45.7830 139.4186 -47.8266 158.5375 27.3750
  13 -7.4094 -18.0693 -115.5951 -36.6821 -31.3151 164.6946 14.3816 -65.3250 51.0188 40.4901 60.4057
  14 171.3674 -19.0275  4.2516  3.7301 13.8198 -41.5641 -78.8584  6.0867 260.7696 -77.1854 -4.4837
  15 151.5297 -3.0524 -105.7953 88.5411 74.8358 -22.6111 -73.0273 -105.8599 -148.5412 -40.7289 -55.3068
  16 -31.3991 76.7104 147.7120 -11.9929 125.7095 -62.8348 -65.9782 135.5873 16.8647 -96.6004 13.7262
  17 -221.8994 -174.5480 87.2070 46.6860 -99.1927 -33.7781 -155.9267  3.9271 -183.6022 -95.7796 -5.4941
  18  6.3306 38.1199 -92.8228 -39.8232 63.4426 53.6209 45.1761 -14.9089 -13.9394 -121.3297 95.5485
  19 -10.9757 -128.3846 24.9365 144.9884 87.1991  2.3916 -159.9495 16.7064 54.4327 -44.1456 -148.0207
  20 -6.7178 -79.6247 -167.0539 76.9881 -12.6449 77.2826 18.5077 -50.5430 -15.2881 26.5947 -8.3040
  21 67.7277 105.9813 -7.5853  8.0601  6.7246 166.5506 26.2703 -105.5416  4.5526 67.0481 53.2652
  22 -44.1883 -34.2122 105.5752 -98.4600 58.6123 133.4191 -81.7133 90.9854 16.9027 -89.3204 31.3576
  23 -63.4853 -72.5964 266.6643 117.3085 126.3809 -37.6170 16.3340 -26.8388  9.6924 -73.5845 -127.0671
  24 -60.7760 -29.4854 12.1970 91.7452 -25.3342 45.2360 -179.8353 72.6438 74.1578 64.3464  8.1044
  25 -51.4258 58.9960 -149.7631 -124.7592 -179.3511 83.8057 -69.9081 -17.9220 -76.6896 -140.6266 27.9731
  26 -258.6021 91.2530 -51.9876 14.8073 -88.0775 183.6123 -79.6133 45.3719 -162.0512 -200.8933 17.3206
  27 -42.6112 10.1261 15.8591 80.6445 -13.7681 -8.2145 64.4579 -36.8254 48.3772 32.7217 76.2491
  28 60.9383 -69.3688 -22.3733  0.3565  2.0031 -62.8338 31.4029 107.9084 115.4718 116.4074 -34.8322
  29 57.8079 34.1712 45.0392 -101.4339 -4.9691 -54.7728 35.8894 72.8201 -92.1426 -36.8691 -87.0385
  30 -73.2146 82.6447 -152.8019 51.9859 108.7848 -27.5214 157.9256 75.5693 90.7309 115.6092 101.7300
  31 -110.5611 -20.4625 -92.9631 -184.0089 -8.5483 -148.5417 -52.1260 -20.1022 -225.2891 30.9842 -66.3539
  32 -145.6854 13.7254 -26.1083 -39.5698 21.6011 235.3719 58.3009 150.1941 -165.3139 -93.2953 -2.8709
  33 -215.1626 33.4516 118.2459 -51.8027 61.0743 -73.2313 -117.4883 40.8771  3.7715 199.6342 239.8668
  34 -113.2342 126.8939 -40.7740  7.9467 -41.7192 -26.4284 96.3198 -38.5690 65.0290 -164.7361 -152.3533
  35 -91.0481 97.4511 20.9108 54.3019 -191.7703 121.0283 -27.0369 -86.3206 31.7610 21.8673 -136.1112
  36 -99.3015 69.2160 76.2316 -122.2999 165.1366 26.1991 19.6352 -6.8882 -103.6585 -202.9657 -78.0335
  37 -89.6415 166.0324 -131.2222 -57.4672 113.4785 166.2335 16.0355 -8.0986 104.3459 -72.8591 103.5613
  38 28.6011 35.8998 -87.7492 -2.7341 -24.0338 24.3092 28.5257 -89.8339 -218.1554 24.5114 198.5699
  39 68.4514 -138.0166 23.4434 79.6308 -109.8765 -60.2838 -153.5603 -20.3767 -119.9701 14.3379 -116.8807
  40 -70.8239 -21.1513 -138.5361 -23.6264 -39.0481 -1.7166 -40.6586 177.3138 90.1970 56.4593 85.2364
  41 90.2228 -13.3607 -33.3828 -139.5708 117.7804 21.7228 -59.0504 -104.1591 125.9752 -35.9743 -59.0313
  42 -1.7187 -10.1574 -174.4362 169.9662 -64.2898 -92.4369 52.8158 -121.2158 84.6798 -59.9161 -18.3617
  43 40.5721 16.5939 237.0806 -83.6784 -31.4960 -103.5013 -9.5612 -81.7561 -130.3634 88.8038 89.0630
  44 -15.8285 -37.9973 -85.0812 -210.3876 -19.4966 70.9928 -212.0166 -0.3169 150.1419 -63.3805 237.7098
  45 -94.1400 -15.0429 -228.3804 50.9428 -22.1728 45.1461 115.3730 -19.4721 31.4786 135.5502 -50.4259
  46 -161.6120 153.9114 132.4246 -21.7225 107.4404 -138.6734 266.2560 134.5182 97.7452 17.0384 -48.7591
  47 -98.2392 -76.6044 -233.7698 33.5885 -118.0586 128.9486 -19.7957 -126.4818 56.2195 402.4665 88.5582
  48 -49.9674 109.4772 -48.2135 119.8753 -71.6312 106.3117 142.5073 27.8718 70.8893 -129.4570 52.4401
  49 -54.3191 71.4452 -32.2375 -65.9524 145.3144 -107.9928 -134.9230 82.3124 -101.0997 16.3862 168.2905
  50 -98.6417 -83.9610 -125.6672 67.7229 37.4525 22.2329 -38.3566 -46.4759 56.1822 -144.9716 63.3493
  51 21.2120 -7.3063 44.2474 130.6077 24.3096  3.8550 -17.4348 65.8075 -26.4596 165.1113 36.8290
  52 63.0962 99.4096 -38.2435 14.1784 40.6818 234.5538 -37.5112 154.8400 -84.1458 -62.7615 44.2786
  53 111.5037  1.7241 95.3225 -22.8391 -59.7965 84.1609 40.3818 175.1322 -66.5988 29.2736 65.4115
  54 18.7318 13.9454 -139.5833 -11.2995 -28.3114 -86.3577 33.8768  3.1381 116.8529  0.6674 -63.5955
  55 51.9952 -3.8844 174.1689 -165.4371 -60.2308 -58.6309 148.1537 117.5003 -118.9473 -15.3557 23.8279
  56 91.8263 -10.7160 59.0202 -126.4515 60.0682 -109.3090 -6.1271 -78.2080 -69.2715 -1.6372 113.9638
  57 23.9455 -171.3101 -150.2243 173.1859 -50.2275 -123.7037 -17.6956 96.6604 -55.8942 -68.3765 -70.3278
  58 -223.2779 -5.0378 30.7309 60.7614 120.0432 -51.5343 103.9790 87.0602 -210.8821 41.3349 -87.8569
  59 43.8503 112.0122 54.2564 91.5508 242.8979 24.2718 -58.6252  1.5091 37.5988 18.6298 126.0049
  60 22.0759 -34.4014 83.5809 24.5822 -18.8532 69.8676 152.7787 29.8510 57.5815 144.2636 207.9635
  61 -37.3095 -358.8171  7.1993 63.1110  2.7132 80.7197 91.6815 34.7286 -57.3948 -53.8692  2.9024
  62 91.3362 -149.6264 -47.8949 85.4998 -108.0161 22.0432 -49.4333 178.9967 -2.2968 -3.9102 121.1644
  63 -72.0313 -115.5816 -15.1851 -94.6620 17.2814 -27.1394 -105.2057 63.2832 -138.9445 -51.4948 89.0469
  64 102.2212  6.2170 36.9269 70.4232 55.5991 -92.3651 -67.2313 48.0220 23.6063 192.8386 -63.5651
  65 -14.4289 264.4738 59.9741  8.4803 -35.7375 162.0300 -112.0745 134.8673 60.2024 56.8008 -0.9656
  66 -34.7771 80.8202 231.4833 176.0423 153.2207 190.3438 -181.7946 82.7252 -224.7963 -19.2698 -28.6290
  67 40.9971 -71.4745 24.9381 -65.5619 -134.7928 12.1184 11.7852 -140.6852 -171.8873 -189.6213 -246.8392
  68 121.0710 49.5884 -8.8682 -39.8554 10.0589  0.6538 -72.6380 105.7523 35.9612 115.1373 153.5682
  69 206.0613 23.6839 -111.8278 132.9459 -146.3477 158.4599 27.5795 202.9999 79.8873 47.2294  7.8286
  70 -37.6168 -203.5873 94.3465 140.6913 202.4399 -41.0744 17.9695 -128.7468 26.9733 46.3466 -194.1942
  71 -108.6525 104.0759 -133.8496 42.5875 45.3946 -16.9366 38.2353 68.3567 28.8987 -77.2121 29.2076
  72 30.8438 -76.7419 23.6713 -169.8589 82.1947 -25.0502 -44.2860 -31.0855 -101.7702 -57.4304 -97.8542
  73 13.9561 -85.4593 57.0855 -44.0578 -15.9204 29.5193 196.4961 72.3700 -109.1982 -28.7528 -137.9748
  74 -68.1161 -51.5053 26.7067 -25.2032 23.1503 -59.6418 -82.4446 -52.2201 -39.8902 20.9903 167.1056
  75 86.9281 159.0160 -178.7758 -131.9319 -67.4906 214.3398 126.4912 103.4843 -16.7211 -73.0342 103.7240
  76 -97.2133 -24.4078 107.7273 -50.6795 -171.8407 136.2215 -73.1302 25.1928  1.6647 149.8081 90.1439
  77  7.2699 126.1752 -68.5732 13.0170 -121.0455 -129.8896 15.3670 -96.8490 -65.9398 49.5617 -102.5018
  78 156.2390 -5.9517 -59.9619 125.9047 -166.9088 -174.2026 -69.0605 171.6583 -61.3984 86.0049 -2.2959
  79 -17.2576 -52.1108 23.9078 -159.9420 122.0368 -97.7264 -70.1069 -100.0216 29.3774 -10.3190 -75.6211
  80 42.8724  9.0109 20.6600 127.5266 11.1767 113.5334 -64.7228  6.1179 -111.4916 92.9636 19.8849
  81 48.2316 17.4916 101.4987 -127.6388 -37.9155 73.7038 -30.0690 72.8477 -53.7848 124.3413 59.1306
  82 38.5446 13.4147 -13.4449 188.9335 281.5780 -28.4162 37.7592 -237.4646 36.3865 -156.4832 138.1031
  83 97.8651 25.2922 77.3964 39.3518 -218.6879 -7.4014 -21.6821 41.0369 27.5784 -220.9270 -135.2829
  84 -204.7172 79.2449 -123.5929 -0.7944 27.3470 73.7789 -192.6320 26.7618 -60.4946 129.9650 140.8309
  85 -72.3510 46.5378 -146.5793 30.5041 -254.2377 -90.0607 -37.8207 71.6405 70.2253 -146.9831 100.4591
  86 -4.7213 18.6684 -6.2509 -188.2057 -78.4526 23.4606 81.6834 -161.3092 -164.9064 -72.5290 -180.5820
  87 13.2207  9.2401  8.5999 75.9806 62.0197 -31.6700 143.4876  5.7842 -29.4898 -61.2296 -81.5060
  88 82.8039 25.3842 126.0741 155.0602 -122.8304 -92.1010 -64.2680 104.7032 114.9346 58.7771 -211.7550
  89 46.8619 102.8767 -11.0410 42.5852 115.9771 -140.4613  7.5155 -26.7759 276.6988 26.8738 -50.2536
  90 -1.2265 68.0121 -9.0677 18.6634 25.7179 -146.7482 -93.5307 30.1571 23.7769 70.9092 16.2863
  91 33.3556 16.7583 25.3949 -113.8854 -108.9196 -65.7750 -85.2590 70.3543 -77.5452 213.5211 -23.9059
  92 135.9451 -94.1571 -40.3954 -55.7112 19.9792 -207.3349 -64.8268 -78.1550 160.0594 -47.0213 26.6779
  93 -2.2129 -235.3120 -126.0774 -3.1470 -41.2660 -189.1110 83.5722 -58.8813 -50.2506 -6.1412 -246.5779
  94  6.8474 82.4432 211.2922 -6.2041 -12.9484 15.2580 85.5747 -15.9127 166.9755 -48.0565 41.9496
  95 28.6772 146.0349 11.4743 -160.7402 -25.7552 69.6577 103.4158 33.4727 140.4322 -118.4130 -22.9479
  96 -18.9114 55.9073 -26.7436 -75.0892 -118.4439 31.2295 124.8835 -228.1557 54.6502 80.9015 -140.9530
  97 -75.9318 120.9194 -30.6885 -54.8035 -117.0493 -74.8070 36.3916 -18.0196 -50.0715 -100.0620 18.7599
  98 -59.7261 -84.5414 -13.0745 -118.5572 76.9919 -143.0053 -94.6022 -55.7158 89.2929 50.1334 72.0749
  99 -51.7550 -13.2734 -61.4237  8.9165 -168.1175 -57.4578 21.1630 -69.5828 -41.7742 173.8087 54.0854
 100 248.1847 160.1005 -79.0283 -34.9232 12.6071 184.9425 -8.9801 -114.3643 -34.9588 80.8136 -100.1509
 101 22.9308 -102.9185 25.5905 125.5697  8.1678 -44.4553 -54.9725 -5.7762 47.2799 188.7269 243.3550
 102 20.6632 111.5189 -183.2343 95.4419 79.7835 110.9825 234.7164 146.9392 64.9358 196.7289 40.5549
 103 66.2260 -76.0259 152.6868 -102.7381 -109.1075 89.8825 -72.8581 67.1815 -26.6734 -55.0783  9.8730
 104 119.9382 -6.5872 -45.1857 -81.6553 -3.8268 -51.8824 -30.8990 10.3852 38.6526 -252.9616  1.6260
 105 200.7760 41.4001 -188.4911 207.8789 -27.5693 157.7292 105.0747 21.0991 70.4094 -131.8203 80.0461
 106 27.5775 -267.9819 52.4280 -227.9193 150.5672 93.1378 85.8264 87.5720 -177.3854 -40.6970 -7.9591
 107 139.6014 83.6341 -173.9402 -6.1496 12.5281 19.8551 177.2443 205.8887 -274.1586 115.0280 -42.8891
 108 -81.3154 207.9984 53.1164 106.0729 -58.9979 87.3551 -16.9699 62.2306 137.3771 -71.7947  8.4925
 109 -115.4497 -48.5500 130.0815  6.9528 17.1045 40.8389 16.9326 188.2193 -58.8134 -105.0513 172.7184
 110 20.1032 -36.1135 140.8874 -25.0567 -42.6651  7.8145 61.0195 74.5190 -43.5357 132.6411 148.1871
 111 137.9277 19.7684 41.5484 96.1016 -150.8409 -18.6860 64.4382  7.3683 87.2917 -131.9549 -12.5242
 112  4.7931 89.1862 110.9270 -27.5072 25.9050 -98.0420 136.5602 -80.2885 -94.5713 179.5152 -36.0966
 113 -139.8707 -110.6404 49.7185 -202.8846 156.7238 -181.8392 -0.4702 -53.6573 -73.2786 -84.7734  1.4143
 114 -161.3153 -45.8347 24.2748 39.4690  0.3683 65.5414 16.2658 32.8758 19.5083 -183.8787  2.7280
 115 -112.5061 60.3595 -17.2147 145.2614 -46.0920 -147.5943 -96.7615 -68.3212 -45.2238 -139.8154 29.6654
 116 71.6600 -42.6158 136.7604 37.1306 -17.6319 -16.1159 66.2382 50.5487 -129.1240 -112.9245 -37.4193
 117 140.5746 -35.8246 24.8736 -193.7289  1.1976 -29.8768  3.4885 65.1817 -102.3512 34.8761 -86.9690
 118 18.0437 -85.8264 58.0363 -41.2263 -71.6291 100.3020 -81.0130 -86.5084 -44.0596 126.3575 32.4986
 119 173.5097 -19.3209 74.3602 -36.4888 -107.3965 -48.0770 -38.5952 227.7145 -69.0350 93.2951 83.1938
 120  0.7137 -41.1018 -69.2475  8.6434 -53.2047 -33.2757 -130.3984 301.0761 -21.3176 -178.9510 -25.6301
 121 74.0816 -163.5506 -18.7108 88.5824 55.3583 215.7477 -30.0890 -32.7926 -53.4563 -5.6337 -107.5486
 122 -5.7388 -79.9277 -94.7388 -2.8845 82.1503 47.3776 -43.3995 72.6387 -97.1675  2.3051 116.9689
 123 -138.7872 130.1838 -29.4001 22.8614 34.6988 37.3685 -210.1414 84.0612 101.4402 -16.3503 -29.4023
 124 12.5447 -57.1764 102.9218 -114.4451 -10.9845 108.7711 74.4906 -52.8930 32.3585 81.0539 -69.2157
 125 71.5601 -48.9909 136.5173 98.6783 96.7342 -58.8906 38.6640 81.0913 136.0342 14.5443 49.8304
 126 107.1136 -38.2758 155.2114 -97.0189 63.4311 -15.2132 50.9142 -107.1308 -84.4434 253.5551 -41.1978
 127 144.5186 -186.4688  7.6618 93.1760 -18.5630 29.2395 -49.4967 -51.7032 228.3578 120.1502 49.8863
 128 64.0247 23.0692 -151.5583 -21.5694 146.8142 49.3383 77.9793 -79.2311 -199.6337 -90.8173 -7.1527
 129 -16.8502 -67.8674 -168.4998 19.0014 138.1232 42.4670 91.8599 15.0626 -213.6594 65.8588  8.5773
 130 17.1580 22.7909 20.2391 -122.3616 -147.2825 -149.9927 -164.1390 -100.5112 -141.2759 25.8023 -43.9579
 131 -8.8378 46.6706 227.7114 -34.7159 16.4222 -111.0914 49.7185 54.9983 13.0431 -78.6972 83.0702
 132 45.9623 -8.3841 -84.1151 -5.0558 -136.9461 215.8371 -177.2665 -115.7363 -134.3336 -37.6400 28.3854
 133 22.5394 61.4460 -17.7227 120.2731 -137.5631 -96.5005 23.9491 -87.0660 -12.5262 -64.1641 131.1232
 134 -52.8138  1.6249 -66.7448 -160.4967 32.0323 -12.0425 148.6844 -103.9262 -122.7693 170.9398 -171.8320
 135 -31.2223 -117.8280 -233.4911 28.9958 -54.6733 38.0702 -68.9625 48.2748 51.5199 -80.0041 53.1562
 136 68.0234 20.7707 -181.7907 -56.8316 175.8241 -69.1756 63.6570 136.8847 101.0627 -66.5348 102.2620
 137  5.7788 45.8904 204.2568 -158.4464 134.3759 43.0996 -238.4956 41.8417 71.5954 10.7520 -27.0484
 138 33.6066 155.9564 113.9340 96.2034 -82.7345 104.7279 144.1431 13.9117 173.9588 298.9137 -33.6731
 139 -150.2614 147.6579 29.7052 35.5399 98.6344 124.8299 30.7953 -62.2489 101.6522 -71.2756 -6.4295
 140 -55.0004 49.0347 205.0394  3.3176 -25.8817 -69.3000 -21.6263 -106.9683 -84.0439 -118.4035 -234.8335
 141 17.3595 -9.2750 60.4724 -194.9183 -79.4914 -39.9281 -41.6767 28.7386 41.1777 23.9955 30.0716
 142 -162.8358 -97.0462 -37.0769 60.1712 -74.5877 -110.1308 165.1516 -15.1375 -41.6127 -31.2652 138.3871
 143 82.1244 -2.8738 74.4845  2.1042 -46.4137 17.0111 77.1663 14.4843 -2.8420 -167.5293 -88.4262
 144 -108.0919 -63.4466 -222.2881 132.8279  4.2847  7.1675 -157.6888 -53.9831 72.5552 -49.0867 226.9575
 145 -189.7084 124.5047 -93.3585 70.9107 80.3459 -94.1550 125.0295 -36.7177 -139.0678 -59.1932 176.4683
 146 -142.4343 37.8381 -77.1490 -11.1297 -89.9798 126.7602 -86.6414 49.3539 18.7721 -133.7052 -76.2572
 147 116.2710 -63.2264 -62.2600 12.3555 22.9715  2.6948 -73.0723 69.4680 -79.0118 57.1141 -63.1264
 148 -125.1515 -195.8478 76.4800 -61.9583 106.7284 -15.2125 -143.0173 -124.2574 33.3403 -85.5124 71.6679
 149 26.0209 -146.3725 -123.5032 122.5522 -45.7688 -210.3616 63.4537 166.0789 76.9115 -1.0693 -31.8377
 150 -83.3293 33.0578 10.2678 27.6466 -43.3754 -76.8994 -65.6108 141.5239 42.1696 -89.7564 -44.6802
 151 132.5711 96.5657 -20.1222 -42.5331 -53.3299 77.3536 105.5123 -47.5737 -38.2306 35.2252 67.3566
 152 -176.2416 148.3351 -52.7407 -161.8639 70.7113 -93.2645 -117.1958 -35.5235 50.7856 142.9835 25.9549
 153 147.6914 58.7884 -20.1553 235.9164 22.0853 -29.6518 46.8600 19.8013 -84.4373 -24.6510 275.7444
 154 -1.1389  8.0844 -35.3646 -10.8513 129.9769 91.8426 80.0102 36.8253 112.6754 -0.2794 18.3185
 155 -17.8760 -125.0172 -27.0296 -0.9944 -14.3694 138.7432 27.8657 16.0695 -32.3483 -65.3084 -43.9179
 156 127.1132 135.6002 -103.7475 -26.0227  5.1484 29.3298 -7.4299 -32.8337 63.3671  1.5715 -110.4597
 157  5.7492 28.0028 -37.1132 -47.8958 48.2683 -23.0123 -163.1880 14.8119 -20.3637 57.3077 33.9170
 158 61.9727 89.9063 -73.4922 205.1175 10.2342 -33.9575 -68.3882 19.7697 -153.7870 175.8084 45.9178
 159 76.2234 144.7371 20.5093  5.5787 -26.3749 120.1994 89.4834 -120.3550 41.9438 40.0521 57.2691
   0 134.7655  3.7330 -16.5910 -248.7117 -56.6262 -15.6150 -73.0599 -92.6523 17.8464 52.6783 140.9506
   1 -152.5468 -84.0570 44.4235 -97.4874 -63.9389 -92.6502 70.1462  7.9686 74.1278 64.6966 112.8944
   2 108.7432 24.5610 83.3630 -75.5179 123.9024 -111.8597 -134.1464 27.0437 13.5868 -164.2670 -65.2795
   3 78.3333 26.3314 85.0810 -8.5209 95.7634 27.0205 -156.6562 -13.6436 54.8641  9.4901 -1.9982
   4 65.7052 170.8059 133.2088 31.9597 238.4301 142.3673 -8.5036 64.0843 -73.3794 -3.8057 94.2622
   5 207.6517 -10.2863 105.4264 -18.6117 -28.7242 21.8327 -80.6361 -123.1476 -64.2121 188.5264 136.0463
   6 -127.6081 92.5255 -154.1855  8.2412 -36.1924 -68.1045 215.6865 145.3895 -36.8914 118.0737 -123.2005
   7 47.9461 136.8256 -193.0491 -27.1853 216.6442 -84.4264 -137.3346 12.9740 15.7074 -189.6884 89.0829
   8  1.6110 169.3677 -22.5921 82.2033 81.5026 122.0038 141.4937 -67.1897 -18.6554 -157.6863 -214.1891
   9 -36.7583 -30.2492 -195.2141 113.4264 67.5551 14.5521 -31.2762 45.0784 -36.1032 -35.5251 -27.7171
  10 -33.0175 -225.3815 -137.0677 29.2275 -100.1472 -72.7552 -32.3436 172.7836 -86.1449 139.3282 -68.3683
  11 -87.7321 -16.1143 -120.5391 136.1750 -72.0985 -25.3446 -1.3569  3.5061  4.4709 26.8659 -35.7902
  12 177.2182 167.0269 36.4141 139.8923 -36.0094 57.0908 -47.7971 -61.9677 -44.1367 -43.5957 -7.5739
  13 -12.1096 -36.0013 35.4739 -1.0318 94.8288 -135.7638 12.9328 -59.9142 -53.2763 121.6378 -99.8279
  14 -21.9447 -10.3641 -39.7365 -26.4269 -64.0098 -108.4685 -194.4410 33.7859 147.7547 -18.0178 116.3508
  15 -29.9176 31.5185 61.0130 -110.9609 52.9557 104.3653  4.4840 36.6932 -115.4883 33.3370 11.1538
  16 -6.2786 -49.0410 -86.6201 191.7883 34.5949 -113.8335 17.5824 110.0004 117.5931 72.3724 -8.4727
  17 12.3806 -5.0880 -137.7272 -21.3481 -25.7957 -69.4651 -0.4121 -91.6398 132.0162 -101.5475 -54.4843
  18 -125.9785 145.2309  3.3853 -1.7335 53.1808 -9.7577 78.2569 -8.6290 211.7471 77.6472 332.6012
  19 -40.2189 86.0667 -44.3490 -216.9369 -5.8100 101.3404 70.1792 -51.3165 -46.4432 -131.9104 53.0878
  20 -87.2323 29.7682 -27.6785 -98.6383  0.3299 -177.6685 61.6778 -37.3756 164.3563 -165.5350 29.1706
  21 203.0359 12.5276 31.3807 72.0273 45.1236 -135.8145 -62.0188 156.9137 -119.5449 -74.3236 37.0976
  22 -86.4213 34.7652 -5.7811 11.9719 139.5098 98.7245 35.3042 -60.2568 -97.4934 51.6581 -153.0367
  23 -150.4278 13.8455 52.5552 -88.8953 -168.6799 -140.9501 158.4727 -114.4773 -95.7522 166.7174 12.0527
  24 222.8727 32.4964 -22.2723  1.0731 -81.1715 -81.2348 -6.0250 73.9149 -74.9529 -165.5916 -71.2834
  25 86.3294 67.5502 61.0431 14.7510 -143.0920 68.7635 -53.0049 78.9214 -20.5334 91.2387  2.9152
  26 58.0219 -43.9652 -137.0497 108.3688 -112.2168 -126.3527 -124.1290 -57.4001 -35.4400 -16.6280 28.7784
  27 -43.7487 27.0359 -171.9424 -76.9716 -93.7817 -58.8948 69.0400 11.6175 61.8366 40.7093 -54.2185
  28 -132.7242 41.8780 -79.0795 132.8633  8.0599 125.5346 -106.7345 131.2995 69.5736 182.6617 66.2527
  29 -87.0830 91.0327 54.1306 -90.0882 -69.7907 -76.8599 119.6282 206.3387 -65.2747 158.8287 -98.7654
  30 -26.2022 37.1111 -221.3663 75.6290 60.4669 -116.7231 -60.0394 25.9952 -48.2337 169.8288 168.3933
  31 -144.6863 178.7912 -104.5990 181.6167 70.6589 166.9516  4.9557 -138.9199 166.7295 116.5649 108.8923
  32 73.8647 37.2341 42.4498 -114.0184 -59.3326 92.1068 -65.2143 -66.7116 -81.4577 -28.1164 -3.8683
  33 114.0978 84.7943 -57.9785 -67.8079 -21.2221 23.9645 154.0538 23.8249 14.8044 -22.9569 -197.1123
  34 118.4396 17.6769 -105.5364 21.1886 79.8301  1.4885 -37.6361 189.2749 22.3233 46.4297 -103.9357
  35 174.7501 -21.5989 -7.3607 -158.7980 -47.0662 -150.9276 131.4262 -144.0547 53.4006 163.6018 87.9458
  36 -65.4173 127.2169 -13.4722 -31.0245 -59.6256 103.9901 16.2258 -119.4657 26.4687 147.8148 170.4963
  37 74.6511 74.4312 -60.8757 -53.0917 119.6491 -27.9563 -103.3111 -10.7044  1.4511 -179.3943 120.1036
  38 -2.0200 100.7688 -57.9509 21.7541 34.3546 68.2452 -83.3481 -75.6086 83.7094 -23.4329 -2.6992
  39 30.6857 -82.5584 168.9553 68.4447 -115.7123 -68.7142 63.0488 36.3680 -12.8529 -119.2158 -58.0014
  40  7.5986 -30.2801 -170.8206 -23.5362 -104.5127  9.9919 -81.3223 -89.1111 -53.4006 -77.2304 -202.5433
  41 -137.0569 -10.9033 78.6870 270.2633 -83.9476  2.0883 -36.7566 -122.9009 -50.8001 -33.8575  9.7999
  42 -200.5276 96.1668 -159.4575 -103.9571 -146.1078 -22.2766 24.4275 68.7370 17.5970 -127.7561 -26.3047
  43 63.2593 -60.3559 -56.9433 -70.9655 54.3985 159.5442 12.1475 -47.5011 -105.5050 -73.3487 21.7504
  44 168.8923 -67.0177 -58.1430 105.4199 123.3496 12.5589 -32.2567 67.9961 -10.1437 -36.7828 140.3478
  45 83.8593 90.1453 107.3719 -168.4147 25.3304 -12.3311 -17.5003 277.6176 76.4510 -4.6523 -12.2683
  46 -42.2555 68.7288 -274.2218 -43.3948 -13.8124 -130.9001 79.3871 -215.4737 -79.6909 -58.3476 -5.6955
  47 15.7485 -292.0367 -59.1453 -29.5711 -115.2526 27.4775 48.2708 -10.8678 17.2164 -121.1139 99.4606
  48 -34.6835 -172.4423 21.7401 85.6695 -34.6175  0.1206 -92.6126 25.9562 75.4674 143.3313 60.1185
  49 69.5728 -58.3131 148.3816 -10.9702 -202.3263 37.5920 -90.8832 54.8665 -40.9175 79.1898 -138.3790
  50  2.5627  1.1497 -38.8091 22.9827 -33.6662 -50.8739 32.6139  3.6118 105.0749 15.2111 -62.9485
  51 31.8259 122.3585 31.1796 -37.1476 93.9464 -103.2039 -104.0641 -16.4543 127.8386 98.8992 -93.4143
  52 -29.1098 -0.0831 177.7272 -122.9902 -127.1418 60.2053 -0.8276 -14.7469 -93.6437 -42.1896 -58.7556
  53 -47.7200 28.8910 55.2607 -6.5962 95.3652 130.9310 -52.6271 -21.0788 -48.6073 -12.6003 -9.6858
  54 28.8655 -55.5475 -142.8900  7.4232  6.1104  5.1935 -64.0278 -14.6141 -54.0444 -107.6331 -180.4034
  55 -102.2084 61.3977 23.5302 208.2438 81.2979 -40.2841 -82.4969 40.2418 -117.5264 -93.9391 -16.3208
  56 46.0388 -55.3549 -57.7375 -113.7124 97.6440 192.3664 -125.2097 -40.5788 27.6995 33.7759 26.4818
  57 -24.1756 39.0395 -18.1963 -6.6804 49.9287 -109.1640 -54.8809 -31.0164 62.3568 -39.6251 64.9757
  58 -29.3476 -50.3479 75.9982 -99.1844 -298.6219 40.6297 164.2766 63.7394 190.9568 99.7211 199.6319
  59 -49.7534 -38.4729 -110.2395 158.8804 91.0171 -49.7792  2.0786 40.4334 58.7305 -111.1140 -6.2996
  60 -65.9804 181.8291 -58.4611 180.1014 -153.9449  5.6126 84.0345 -54.4574 -28.4149 -33.7760 -86.2343
  61 -139.4483 -70.3953 -150.9050 -168.4188 -56.8399 13.2996 -70.0323 45.3871 -99.6981 63.9398 -92.6618
  62 42.8978 183.8439 97.1743 91.2370 -27.4490 23.4310 -78.1130 195.2829 -14.3057 -122.3307 67.1539
  63 -156.7237 33.9130 -14.9819 -45.6933  2.2938 112.2195 -0.7145 33.9830 -66.5805  9.0469 -63.0095
  64 -91.9166 133.5945 -12.4284 108.9298 -185.1984 119.7648 -38.9258 -55.7443 -13.1366 161.1971 -155.2955
  65 -173.1280 32.4368 -150.6835 -5.4644 72.6599 -128.1106 61.9053 28.1012 57.4399 -85.3892 -13.7743
  66 215.4028 36.3434 130.9587 38.1878 -49.4076 -151.7355 -2.6740 91.4251 -82.8106 -168.2841 -166.8885
  67 35.9737 -97.1197 52.1802 88.7444 27.0475 -143.2451 -64.5127 -37.8130 -61.1016 -45.3481 127.7869
  68 130.1539 -35.3974 16.5965  7.6523 41.1837 17.9860 -106.0636 -6.3365 -127.2388 78.5557 -80.8035
  69  2.5890 176.4850 -31.9235 13.9834 -34.2400 106.2942 29.0278 96.4865 -46.3680 79.0135 31.3096
  70 -127.8570 -47.9521 -34.1592 -114.3802 11.0535 148.1544 53.9890 171.6841 151.4405 -17.3909 -11.9258
  71 -40.8520 -34.2230 -44.9035 33.8816 -172.3419 69.6376 34.5731 -2.4031 -72.7043 -20.0657 77.5965
  72 85.5062 -25.8688 15.9849 -19.1539 -111.1606 -122.2299 13.0284 -251.0415 168.0001 89.1119 54.0435
  73  2.6728 66.6719 158.7911 -144.6295 -89.5751 -2.4342 176.1630 -36.9718  3.9483 101.9575 91.0172
  74 -25.3470 -2.7976 102.2009 -38.4348 -145.0353 -82.4394 -6.9496 56.0619 24.0508 -4.9092 -6.1080
  75 -0.2210 -98.3388 -59.0109 -28.3945 180.7936 96.4125 108.8052 -33.5584 90.4625 157.0989 81.0759
  76 -82.0999 12.1305 18.3341 -31.6105 -53.3776 167.0876 173.3679 77.9450 47.1186 91.4932 71.0981
  77 -16.5201 -46.7314 -6.9473 51.1186 -59.3593 87.9690 10.8334 -14.4918  4.1273 -27.5013 58.2188
  78 -44.2908 -17.5854 161.5348 -83.4989 144.8773  1.0119 -28.0648 -58.0890 -3.1333 -23.7126 -19.7954
  79 -36.5048 149.6124 141.8886 -148.3545 -40.9016 -16.0762 -24.0548 10.5474 68.0695 270.4287 -55.7628
  80 -79.3949 -38.1176 150.3608 -28.3042 -86.3847 108.8612 -190.4568 44.4046 -118.0903 89.7310 144.0767
  81 21.3001 -59.0103 -191.4242 -45.2544 -55.7839 14.5011 -35.3241 -57.5079 54.2987 49.3036 45.2779
  82 -53.9274 44.3701 -68.4253 43.2415 -10.2288 -69.0502 -159.4786 -18.1066 -152.7299 -20.7732 -48.3953
  83 -83.7941 81.1929 -289.6107 52.0769 107.1280 84.0974 168.1188 -166.6399 151.0195 -98.7272 -86.7994
  84 -16.9331 -27.2155 167.7942 -15.7706 110.5172 -156.4975 -248.1986 60.9544 -68.5040 62.3063 96.1796
  85 -154.2245 66.7144 -221.1078 23.9475 46.9768 -65.9466 -229.0867 -77.9038 -22.0047  1.3928 -33.4223
  86  6.7618 50.0948 -81.6973 -200.6423 89.3875 110.7124 81.1920  7.7014 56.1538 36.0372 153.0530
  87 224.3380 230.1691 -51.2213 46.3089 -82.6672 -5.0034 -89.1181 -64.9274 -103.9412 117.1669 -130.0432
  88 50.9330 110.3073 -116.9847 35.9255 72.3976 -186.9065 39.5502 51.2818 -18.2527  4.7693 -144.0631
  89 -103.2454 29.3501  8.9296 -57.0843 36.5511 19.1287 -3.8485 -131.0762 60.1876 100.6955 -137.6355
  90 67.3198 -136.2330 22.5865 -129.0698 -78.1679 83.9174 -65.7941 -78.3773  9.3170 24.9652 259.3515
  91 -195.9801 -128.4214 77.6155 -58.0583 41.9266 50.8845 112.9028 85.0047 129.4124 100.9049 -131.1594
  92 100.4549 174.2448 123.5168 -166.9146 88.4166 -110.3069 38.4584 -32.6366 277.5280 -19.4583 57.7234
  93 -137.1023 -77.8067 167.3911 -60.3509 16.4177 129.0883  1.1323 -22.6601 -95.1771 86.8718 67.2585
  94 -124.2900 53.5115 108.7875 65.7223 184.2982 48.6957 -45.1747 -131.8314 121.4383 -115.5793 -233.5301
  95 -153.6015 31.8243 -98.1557 65.8039 -63.4309 51.9727 -33.6885 -116.1230 61.4944  6.4682 17.0175
  96 -46.0601 -55.4159 78.8484 109.4248 173.3882 104.9794 -48.7765 21.4957 -26.1258 -26.1481 -64.7256
  97 49.9749 94.0758 54.5096 -100.0618 75.0681 219.2869  4.2736 -94.2438 56.0693 116.2550 194.3684
  98 103.3931 -34.2990  3.0214 -6.8461  2.9962 -67.7614 45.1572 50.5488 -63.1348 -40.6201 84.2566
  99 14.9430 138.5953 35.4213 -182.9116 -137.3332 -20.4137 -83.7052 -84.2243 -48.8571 -43.2966 -19.4629
 100 28.4491 -33.2913 101.9389 139.6966 -7.9879 -19.3653 -24.3591 28.8255  8.7478 -234.2308 -79.2640
 101  3.8685 152.3166 65.4499 -134.2345 27.6868 -109.7519 -159.3225 -162.6592 92.5309 -218.1472 40.5131
 102 -57.0880 -153.7703 216.2203 36.4074 -134.0530 84.8038 52.0042 137.6149 -25.3755 -7.6495 20.1732
 103 -177.6512 -16.0250 -40.6189  7.2104 54.0244 120.2007 -80.1788 -2.0022 43.9310 -49.7052 49.3522
 104 91.8615 -40.1907 195.6098 -84.8528 55.8084 -131.5057 -38.8549 -103.8748 141.2421 53.5040 82.6531
 105 116.2911 -30.1101 -12.9125 22.8426 -76.2305 -240.1490  0.4906 36.4911 -46.1518 273.0177 -128.2513
 106 -69.2933 22.3252 -149.8129 42.4131 -51.5325 -38.0770 -121.2337 125.3579 58.2173 17.2884 115.8825
 107 -29.7168 -6.4121 -170.2336 -184.3077 37.0155 154.2560 -54.1363 102.9513 59.2904 202.7010 -12.0916
 108 -35.9669 -82.1103 -69.5164 139.7063 185.9430 -64.2114 130.5238 41.2636 136.8103  4.2875 54.2571
 109 24.4558 -63.1872 -33.5771 -86.0595 119.9007 -263.0696 -29.6932 -265.1788 -52.2291 -19.5212 76.0580
 110 -170.7708 144.6649 -100.3009 -34.3653 54.2530 -159.3839 -116.8112 -65.6887 -89.5584 -53.1875 116.9061
 111 -123.6207 -26.4351 -104.0272 -146.0311 -81.9351 30.4098 -8.9052 -31.0035 -54.3956 111.0384 -131.5853
 112 -17.0721  0.8637 119.8137 -67.0467 -335.1107 130.2239 -97.0437 -60.3486 -12.6176  6.8040 159.4180
 113 18.6775 -96.6389 -204.2381 23.0118 189.5215 -74.5480 50.0123 77.4930 -0.1548 -33.5751 -26.5428
 114 -203.1363 -108.4252 -29.4185 -59.9378 18.9042 -109.9166 -96.6361 -72.4131  0.6108 39.1195 79.4136
 115 -226.9576 50.8464 -41.9955 -234.3329 -165.0099 -14.9350 -75.0239 128.5729 18.1099  5.1245 121.1736
 116 11.1364 47.7571 -125.9186 93.4682 -234.8435 144.0959 -19.2516 32.5176 25.6125 88.1686 -207.8187
 117 28.1147 -23.0478 -52.3670 -46.5781 -78.9233 134.4875 78.2763 -50.4858 202.6236 -54.3818 -87.7557
 118 -181.0989 -108.8804 59.5442 124.9216 -205.2986 -48.1852 -111.7291 42.9558  2.8498 135.5561 20.4251
 119 175.1605 -65.3706 -140.7850 45.2636 133.0269 -73.1753  4.1644 76.7191 -1.9297  0.0810 -75.8282
 120 -113.1865 -102.7237 178.9164 171.3858 -111.9585 -4.3870 127.5767 -1.4414 -56.3062  3.9920 84.7669
 121 185.1769 39.4200 -198.3904 -138.3875 37.1591 81.6702 145.7651 52.8667  0.7646 31.6376 -24.6795
 122 29.0245 118.1030 18.4887 -2.4794 -72.4998 -40.2891 39.9605 -31.0236 -29.7186 -28.6042 -149.6397
 123 102.5522 56.6141 -8.2182 140.0731 23.1268 31.5565 -6.8394 -100.1532 61.1522 49.0492 88.1241
 124 114.6853 -155.7300 -65.3233 -59.0395 -346.3833 -200.0773 -6.6651 -13.7418 -106.8580 -94.5383 -69.8985
 125 57.7492 -81.9702 19.9818 -94.0049 -82.6272  7.0084 -156.8486 -130.0091 -0.7652 22.0376 25.8866
 126 33.6014 -13.1536 50.3876 -118.6890 -162.2082 45.4094 87.7940 -34.6059 -7.3524  9.2722 86.8616
 127 27.7775 -17.5177 -33.8990 33.2334 67.5225 -126.3392 58.7322 -13.2533 180.7118 70.6221 139.8923
 128 -16.0858 199.8803 27.1631 26.3580 90.5611 -33.5105 85.7124 -63.9564 -9.5010 193.7488 44.6456
 129 27.7312 84.2307 -82.2167 53.0046 79.4010 -252.2935 22.8620 -84.4411 -6.2204 -145.2862 73.3822
 130  9.9105 -26.3998 68.3649 68.6170 -78.7923 -94.1382  6.1254 -4.9155 -145.9321 103.3905 221.3612
 131 38.3557 -66.8082 -76.4234 -12.1776 87.2121 50.3064  4.3036 92.3031 82.0920 13.3572 73.6116
 132 -71.4422  9.2569 -52.7511 40.9898 91.3681 50.4369 89.6340 91.2084 132.6182 189.0576 49.8786
 133 -113.7222 136.8545 -97.2432 20.7182 -9.3228 -3.7424 118.0409 51.3059 97.6105 -171.7351 -43.6674
 134 138.4532 110.1285 140.8316 113.3547 -127.6987 120.6491 -144.0460 51.0112 -216.6389 -53.6723 66.0284
 135 46.9225  2.0016 52.8295 130.8922  2.8564 -61.6235 86.8947  5.3726 142.9394  7.0902  1.3917
 136 197.9269 57.3483 -166.8507 -79.9429 -31.5050 94.9908 -84.9044 100.6721 -107.7911 85.0038 -141.5075
 137 12.9191 -123.7410 -50.7938 -32.4259 -133.3697 -95.4710 65.4341 -18.2192 -20.0369 174.3533 105.0948
 138 155.5020 37.3741 22.9353 -47.4642 113.2885 -35.5145 -35.3046 -127.9811 -163.7054 -110.5332 -115.7612
 139 120.8336 -140.5255 -43.2017 83.7008 66.6237 -168.4444 -201.7703 -79.2042 -156.7399 -184.5113 253.4305
 140 62.1419 21.2987 -113.8145 188.4117 -58.8508 -116.3698 164.4565 -87.8900 -9.7145 -23.2630 -78.7178
 141 -183.5928 77.1454 -92.0303  9.5129 51.8661 32.8246 -62.1290 237.8357 18.7651 92.0123 52.2469
 142 -47.8676 179.2427 14.9428 148.2167 91.9497 -26.6855 -140.6191 47.5267 167.1558 242.6642 43.6967
 143 -83.7883 106.1376 62.7337 43.9197 -67.4310 -239.1758 17.9856 101.3249  4.6803 -37.7140 -187.0679
 144 38.1656 84.3097 -183.4393 30.7915 110.4896  8.0803 118.0258 15.5789 65.5682 133.6417 -36.8012
 145 14.8443 -106.0827 -109.1988 -67.1667 -4.2500 -103.0811 108.9056 -4.9414 156.0352 18.1310 35.8428
 146 -31.5195 -128.5007 114.6645 -12.0409 192.6263 14.0720 -229.9357 223.6923 69.1513 163.7737 125.0231
 147 105.6898 -24.3405 43.2902 164.1866 40.0679 99.6315 15.9631 189.8247 89.7255 -112.9677 101.9720
 148 -200.0201 -22.7762 -7.9893 16.5008 -80.2091 57.9158 91.9196 -39.9838 -76.1218 -162.8663 -127.1293
 149 70.5498 101.1565 -359.0030 27.6310 -117.0478 -103.9643 91.4195  0.2530 -150.9486 -252.0665 33.3357
 150 -166.9409 113.2695 178.9530 -81.4878 -61.2574 -15.1339 14.3334 -23.5174 24.1718 -150.4218 68.6536
 151 -27.7607 -32.6361 -130.6534 -52.0999 32.3467 -35.7387 42.0971 -22.3493 -37.0500  4.1073 129.3122
 152 -216.2891 51.9984 99.0895 61.2000 -74.7630 -205.5487 -115.3133 -39.5719 187.0810 -117.3256 -53.7439
 153 -79.4037 22.3980 110.7131 70.1404 -57.9533 125.9133 -111.7484 -29.6328  7.2500 16.1207 -8.9385
 154 -36.5351 -152.9512 102.4290 85.8568 39.3812 -67.4960 45.1334 21.5104 158.7427 112.3325 126.8130
 155 -15.6885 -53.4199 33.4018 49.3442 20.0285 -18.6915 -160.9636 129.4221 76.5562  1.3805 -141.6167
 156 -67.1631 -53.5345 66.5851 -62.1738 120.3966 -40.0683 -6.1727 28.5493 -29.3101 239.2467 212.7721
 157 21.7873 42.2510 -71.4169 86.6905 -97.0365 -90.9982 21.0539 -31.0119 99.1331  9.8309 -49.8642
 158 119.7578 144.2309 -49.3827 -24.4774 168.6347 191.4970 303.8398 -25.8878 81.8013 224.8342 -164.1737
 159 29.1600 94.9298 136.8301 -53.4620 73.9699 -92.1519 -236.7647 -13.9059 48.0050  0.1265 -47.8520
