# model = krumsiek11.txt 
# tmax = 160
# branching = True
# nrRealizations = 10
# noiseObs = 0.21544346900318823
# noiseDyn = 0.001
# seed = 0
# it   Gata2   Gata1    Fog1    EKLF    Fli1     SCL   Cebpa    Pu.1    cJun  EgrNab    Gfi1 
   0  0.9392  0.0273  0.2378  0.4242  0.0519  0.5228  0.8395  0.7926  0.0765  0.1687  0.0926
   1  0.7640 -0.1936  0.0472 -0.0050 -0.0215 -0.1943  0.8189  0.6404  0.1954  0.0805  0.0399
   2  0.7935  0.2587 -0.0939 -0.2579 -0.0215 -0.4602  0.6736  0.6105 -0.0334  0.0387  0.2469
   3  0.5469 -0.0688 -0.1075 -0.1139 -0.0395  0.0491  0.6864  0.5496  0.0457  0.3590  0.4977
   4  0.0557 -0.0346 -0.0833 -0.1437 -0.0893 -0.0181  0.8798  0.5703  0.1845 -0.0163  0.2291
   5  0.1904 -0.2280  0.2306  0.1649 -0.1714  0.0451  0.9350  0.3956 -0.0106 -0.0612 -0.0719
   6  0.7024  0.1026 -0.0938 -0.0844 -0.0451  0.3293  0.8905  0.2542  0.2268 -0.0956  0.4822
   7  0.5790  0.2421  0.2691 -0.7127  0.0520 -0.1578  1.1377  0.5161  0.3017  0.4810  0.0818
   8  0.3568 -0.0960  0.1798 -0.1614 -0.4595 -0.3470  0.9652  0.5474  0.1725  0.1141 -0.1388
   9  0.3381  0.1179 -0.0265 -0.0069  0.0803 -0.0483  0.6891 -0.1700  0.5026 -0.0615  0.2148
  10 -0.2252  0.0499 -0.0656  0.0877  0.0029 -0.0812  1.1049  0.6360 -0.0643  0.5617 -0.2204
  11  0.6526  0.2150  0.0915 -0.3076 -0.1624  0.2021  1.3049  0.2505  0.3456 -0.5217 -0.0068
  12  0.2593 -0.0980 -0.0549 -0.0371  0.3428  0.3107  0.8263  0.0641  0.5922  0.0828 -0.1098
  13  0.1784 -0.2521 -0.0779  0.1277 -0.1039 -0.0164  1.0007  0.2766  0.1065  0.0349 -0.1210
  14 -0.2452  0.1424 -0.1268 -0.2424 -0.3624 -0.2273  0.7332 -0.1401 -0.1087  0.5123  0.1380
  15  0.3211  0.1500 -0.2221  0.0785  0.0941 -0.2120  0.6518  0.4015  0.1313 -0.2108  0.2838
  16  0.1984 -0.2111  0.2501 -0.0726  0.3336  0.3837  1.1689  0.2264 -0.1772  0.1137  0.1040
  17  0.3112  0.1627 -0.0149  0.1031 -0.6034 -0.0192  1.2473  0.2283  0.5255  0.4808  0.3900
  18  0.3282 -0.0587  0.0683  0.1839  0.1176  0.0382  1.1919  0.0294  0.4632  0.0740  0.2217
  19 -0.1504  0.3299  0.2471 -0.0346 -0.1830  0.2815  0.8918  0.3459  0.5016  0.3454  0.1561
  20 -0.3035  0.5408 -0.1476  0.0971  0.0557  0.2085  0.9974  0.2090  0.3933  0.3832 -0.2120
  21  0.3541  0.3530 -0.1634 -0.1617  0.0448  0.1258  0.8264  0.0967  0.1057  0.0434  0.1674
  22  0.5272  0.1379 -0.1555  0.2545 -0.1763 -0.2187  0.9579  0.2441  0.1141  0.0982 -0.2694
  23  0.2166  0.3937  0.0884  0.1744  0.1272  0.4993  1.0497  0.5564  0.6069  0.1512  0.1757
  24  0.2528  0.2410 -0.0177  0.3308 -0.1713 -0.3189  1.2413  0.3504  0.2148  0.2781  0.2199
  25  0.0875 -0.0282 -0.3235 -0.3416 -0.1671  0.1081  0.8957  0.1073  0.5052  0.3550  0.2766
  26  0.0858  0.2754 -0.0566 -0.0881  0.0287 -0.0152  1.0376  0.0331  0.4484  0.2446 -0.1119
  27  0.0950  0.3065 -0.2705 -0.1330  0.0537  0.2379  0.7349  0.0672  0.5550  0.2752 -0.1487
  28  0.0252 -0.1118  0.4932  0.0775 -0.2350  0.3220  1.2063  0.2179  0.1728  0.5537 -0.0260
  29  0.7189 -0.0618  0.0277  0.0267 -0.0043 -0.2880  1.3735  0.0964  0.4252  0.8075 -0.5119
  30  0.5546  0.0847  0.3493  0.2354  0.1365 -0.1710  1.2923 -0.3879  0.1996  0.4662  0.1395
  31 -0.0298  0.2345  0.4123 -0.1785 -0.1276 -0.0376  1.5225  0.0951  0.8451  0.8452 -0.1849
  32 -0.1448 -0.1704 -0.0994 -0.0172 -0.2822 -0.0633  0.9895  0.5092  0.4786  0.5224  0.1189
  33  0.2892 -0.1941 -0.1264  0.1204  0.1376 -0.1213  0.6950 -0.1041  0.2538  0.4872  0.2844
  34  0.1792 -0.2340 -0.1472  0.0457  0.1833 -0.0696  0.7321 -0.0015  0.6343  0.5102  0.3797
  35  0.1841  0.3283 -0.1351  0.2484 -0.0462  0.4407  0.9930  0.5628  0.6834  0.7349 -0.0573
  36  0.1621 -0.0128  0.0594 -0.2230 -0.1957  0.0582  1.2574  0.3215  0.6375  0.7579 -0.1449
  37  0.2258 -0.1293  0.1652 -0.1199  0.2345  0.1127  0.8401  0.4400  0.7059  0.5204 -0.5557
  38  0.1414  0.2163 -0.2036  0.4069 -0.1396  0.3429  0.9006  0.4654  0.7422  0.3053  0.2995
  39  0.3819  0.0078  0.3021  0.1919  0.1204  0.2167  1.2868  0.1045  0.7696  0.5879  0.0618
  40  0.1003  0.0822 -0.0999  0.6814  0.4757 -0.0042  0.6903  0.3911  0.8479  0.3974  0.1740
  41 -0.1505  0.4319 -0.3070  0.1166  0.1716  0.1623  0.8815  0.1469  0.7173  0.8015  0.0194
  42  0.3474  0.0946  0.0888  0.1553 -0.0522 -0.0785  1.2499  0.1014  0.8317  0.4367  0.0559
  43 -0.1450  0.2471 -0.1433  0.1582  0.0385  0.4532  1.0277  0.5902  1.1685  0.9164  0.0940
  44 -0.1981 -0.0832 -0.2186 -0.3024  0.0309 -0.2159  1.1823  0.3306  0.6995  0.6461 -0.0014
  45  0.2177  0.0166  0.2274 -0.0509 -0.2945 -0.0731  0.9443  0.4045  0.4841  0.5425  0.1287
  46  0.1449 -0.1557 -0.1349 -0.0380 -0.0087  0.2533  0.7189  0.0524  1.0859  0.5485  0.3472
  47 -0.0361 -0.0265  0.3362 -0.2967  0.3199  0.0445  1.0486  0.2063  0.6355  0.8756 -0.2070
  48  0.5813  0.4200  0.4461 -0.1504  0.2819  0.5193  0.6400 -0.0973  0.7303  0.5928  0.0657
  49  0.2871  0.2213  0.1259  0.0892 -0.1684  0.2609  0.8722  0.3430  0.8156  0.9766  0.5743
  50  0.2004 -0.2193 -0.1425 -0.2066  0.0083  0.2884  1.4575  0.4408  1.0547  0.7372  0.1721
  51  0.1879 -0.0257 -0.0543 -0.0136  0.0228  0.0050  0.7256  0.2697  0.7978  0.7563 -0.2293
  52  0.1037  0.1523  0.2733 -0.0472  0.2634 -0.0757  0.9921  0.3262  0.7036  0.8009  0.2325
  53  0.0688  0.2858 -0.1212  0.0569  0.0243  0.2559  0.8864  0.1495  0.8392  0.8782  0.1281
  54  0.2487  0.3183 -0.1047  0.2216  0.2000 -0.0073  1.1951  0.0781  0.6387  0.7510 -0.1817
  55  0.2334  0.3449 -0.1203  0.3732 -0.0274 -0.0891  0.9036  0.4047  0.7886  0.5292 -0.2019
  56  0.1513  0.0948  0.3528 -0.0725  0.0500  0.0381  0.6769  0.2877  0.6631  0.6339 -0.2598
  57  0.1169  0.3383 -0.1749  0.1763  0.1039 -0.1805  0.8712  0.1118  0.8340  0.6875 -0.0148
  58  0.1293  0.0384 -0.2366 -0.1846  0.0834  0.0438  0.7806  0.3032  0.6310  0.7422  0.3175
  59  0.1166 -0.0619 -0.1315 -0.2633  0.1377 -0.1530  1.0549  0.3127  0.8560  1.1050 -0.3021
  60  0.1333  0.0819 -0.0634 -0.1523  0.3655 -0.2069  1.2286  0.0012  0.4809  0.6983  0.0971
  61 -0.2930  0.0540 -0.5250 -0.0906 -0.2947 -0.1118  0.6312  0.2114  0.7291  0.7117  0.0267
  62  0.1901 -0.1293 -0.1872  0.1212 -0.0867  0.4885  0.8375  0.0694  0.8847  0.8749 -0.1115
  63  0.2348 -0.1520 -0.5992  0.0315 -0.0723  0.3603  1.0133  0.4983  0.8633  0.8226 -0.1953
  64  0.0219  0.0467 -0.1067 -0.3734  0.2179 -0.1618  0.9864  0.3739  0.5600  0.8981 -0.0336
  65  0.0154 -0.0150 -0.2022 -0.2728 -0.0019  0.3017  0.7936  0.5495  0.9296  0.9495 -0.3086
  66  0.2054 -0.0566 -0.1633  0.1953  0.3155 -0.0864  0.9313  0.4485  0.6505  0.3479 -0.0936
  67  0.0444 -0.1598  0.1328 -0.0591 -0.1452  0.4182  1.0201  0.5895  0.9340  1.0985  0.0136
  68  0.0331  0.1770  0.3390 -0.0178  0.1728 -0.1555  1.1852  0.1339  1.3100  1.0155 -0.1805
  69 -0.0249  0.0688  0.0889 -0.0198  0.5252 -0.1798  1.1074  0.5611  0.8969  0.6570  0.1398
  70 -0.1751  0.3133  0.2986  0.4103 -0.2533  0.0559  0.9923  0.7896  0.8710  0.8966  0.0443
  71  0.2924  0.2470 -0.0768 -0.1214 -0.4900 -0.2400  0.8916  0.3384  0.8522  0.8989 -0.3054
  72  0.3307 -0.0135  0.0792  0.0614 -0.0257 -0.0863  0.6021  0.3060  0.8420  0.7452  0.0001
  73  0.0135  0.1136 -0.1058  0.2081  0.1719 -0.3017  0.8500  0.8375  0.7945  0.9613  0.0375
  74 -0.3659 -0.2140 -0.2283 -0.1106  0.0058  0.0849  1.2669  0.4160  0.7440  0.9865  0.1235
  75  0.2497  0.0049 -0.0985  0.0090 -0.2035  0.2213  1.1149  0.6074  1.2039  1.0442  0.5192
  76  0.2134  0.2729 -0.1383 -0.2292  0.1654 -0.0715  0.9908  0.6998  0.7618  0.7825 -0.1158
  77  0.0508  0.1079  0.1860 -0.3250  0.1983  0.0321  1.1108  0.5848  1.1709  0.8414  0.1394
  78  0.0255 -0.4196 -0.1671 -0.1515  0.1254 -0.0926  1.0374  0.9289  1.0966  0.9732 -0.0825
  79  0.0678  0.1554  0.3623  0.1213 -0.1529 -0.1958  1.2059  0.8020  1.0504  1.1899 -0.0779
  80 -0.2950  0.3812  0.1432 -0.2810 -0.2946 -0.2219  0.9227  0.8016  0.8488  0.5529 -0.0675
  81 -0.1769 -0.0131  0.3296 -0.3089 -0.0043  0.1831  0.9256  0.4538  0.9738  0.9257 -0.0854
  82  0.3562  0.0809  0.2623  0.0567  0.2066 -0.1268  0.9255  1.1973  1.0565  0.9237  0.0059
  83 -0.0208  0.2165  0.0454 -0.0748 -0.5049 -0.1083  0.5823  0.9515  1.0135  0.9087 -0.1257
  84  0.2405  0.2265 -0.1682 -0.0274  0.2430  0.0631  0.8251  0.9462  0.9067  0.8514  0.0919
  85 -0.1487  0.1830  0.0796 -0.0984 -0.1788  0.1578  1.1783  1.1714  1.2833  0.6897  0.2262
  86  0.3471 -0.1301 -0.2036  0.0288  0.0347 -0.1249  0.8453  0.6967  0.9492  0.9082  0.1865
  87 -0.1445 -0.4404  0.0794 -0.3470 -0.1266 -0.0061  1.3351  0.9126  1.1231  1.1456 -0.1664
  88  0.1420 -0.1759 -0.0228 -0.5005  0.2095  0.2469  0.7338  1.1157  1.1096  0.7308  0.3744
  89 -0.0944 -0.0114 -0.0761  0.1098 -0.3025  0.0506  1.2979  1.1743  0.9952  1.3041  0.1051
  90  0.1351  0.2708  0.0189  0.3141  0.2918 -0.2344  0.5649  0.3216  1.3970  0.8415  0.0317
  91  0.0799 -0.3062 -0.3263  0.0871 -0.4956  0.1357  0.9635  0.8962  1.1261  0.9896 -0.1279
  92 -0.0861  0.0267 -0.0800 -0.2864  0.1000 -0.2002  0.9498  1.0002  0.7567  0.7226 -0.2363
  93 -0.3153  0.1378 -0.0127  0.4540  0.1777 -0.2800  0.7769  0.9944  1.0305  1.0117 -0.1402
  94 -0.0658  0.2269 -0.0806  0.3435 -0.0427  0.0819  1.0136  1.2480  1.0349  0.7692 -0.4732
  95 -0.2014 -0.1767  0.4204  0.1327  0.0087 -0.1001  1.2861  1.4220  1.5712  0.8122  0.1060
  96 -0.0548  0.0113  0.2625  0.3278  0.3312 -0.1346  0.9001  0.8926  1.1643  1.0279  0.1150
  97 -0.1734  0.1356  0.0523  0.0619  0.3975  0.0897  0.8908  1.0882  1.2094  0.8498  0.3069
  98 -0.2694  0.1298  0.1470  0.1587  0.0359 -0.1347  0.6300  1.1146  1.1424  0.7906  0.0723
  99  0.0943  0.0282 -0.0404 -0.0277  0.0069 -0.0408  0.9476  0.9735  0.8101  0.9936  0.0123
 100 -0.2329  0.3281  0.0822 -0.1516  0.2068  0.0950  0.3681  1.5453  0.9651  1.1280 -0.1585
 101  0.2968 -0.2141  0.2660  0.0132  0.2576  0.0229  0.7448  0.6766  1.2008  1.2094 -0.0785
 102 -0.1523 -0.0587 -0.1022  0.0339 -0.0138 -0.1846  0.5453  0.9205  0.8357  0.7672 -0.3135
 103  0.0674 -0.1564  0.0498 -0.1002  0.1631 -0.2228  1.1147  0.9444  1.2363  0.8856 -0.3283
 104  0.1293  0.0311 -0.3394 -0.1474 -0.0789 -0.2555  0.9175  1.0019  0.8557  1.1957  0.0153
 105 -0.0975 -0.1956 -0.1648  0.0375  0.2773  0.0322  0.7958  0.9569  1.1202  0.4466 -0.1388
 106  0.0835  0.4027 -0.1153 -0.1529  0.0500 -0.0753  0.9651  0.8790  0.8840  0.9785 -0.5725
 107  0.1128  0.1410 -0.4203 -0.0030  0.4801 -0.1682  1.2261  1.1498  0.9742  1.2590  0.3332
 108 -0.0870 -0.0972 -0.0336  0.1039  0.2386  0.0885  0.9889  0.7947  1.0687  1.0805 -0.4604
 109  0.1009  0.0922 -0.1628  0.0262 -0.3139 -0.2462  0.7284  0.9485  0.9749  1.0560  0.3403
 110  0.1043  0.1412  0.2329  0.1995  0.0680 -0.1401  1.0798  0.8583  1.0758  0.8685 -0.1664
 111  0.1167  0.3353  0.2420 -0.1281 -0.0543 -0.1142  0.9081  1.1984  1.0742  0.5367 -0.0229
 112  0.0759 -0.0885  0.0692 -0.1102 -0.0665  0.2116  1.0459  1.0660  0.8239  1.2195  0.0567
 113 -0.3931 -0.0270 -0.7063  0.2498  0.0827  0.0365  1.2133  0.5672  1.1620  0.5341 -0.0563
 114  0.1359  0.1855  0.1333 -0.3152  0.0524  0.0531  0.6059  0.8158  0.9533  0.5364 -0.1107
 115  0.3358  0.1692 -0.3088  0.0925 -0.1717  0.1986  1.2126  0.9032  0.8884  0.9458  0.0024
 116  0.0197  0.1597 -0.1300  0.0217  0.0161  0.2501  1.4601  0.6847  1.1547  1.1603 -0.0586
 117  0.1946  0.0801 -0.0841 -0.0490 -0.0845 -0.1284  0.6930  0.9837  1.2264  1.1259  0.2231
 118  0.2034  0.3368  0.0954  0.0625  0.1799  0.0219  1.1365  0.9253  1.4345  1.3172  0.0737
 119 -0.4786  0.2431 -0.0448  0.0322  0.0765  0.0505  0.6577  1.1465  1.0732  1.0994  0.0272
 120  0.2732  0.0149  0.1530  0.1295  0.4909 -0.2069  0.9802  1.0731  1.1235  0.9133  0.2095
 121 -0.0843  0.5045 -0.0104  0.0356  0.0831  0.2687  0.8214  0.6247  1.2563  0.8274 -0.1584
 122  0.0742 -0.0526  0.3294 -0.2389 -0.3113 -0.0825  0.8302  0.9535  0.7107  1.0336  0.0127
 123  0.0383  0.3266 -0.2264 -0.0904  0.1805 -0.4687  0.7446  1.3615  0.8983  1.0387  0.2602
 124 -0.4468  0.1000 -0.2060 -0.0878  0.2974 -0.2734  0.7114  0.9022  1.0587  1.0057  0.2940
 125 -0.0492  0.0447 -0.0821 -0.1061 -0.5945  0.1884  0.8074  0.7835  0.9687  0.9771 -0.0362
 126  0.1817 -0.1383  0.0979 -0.1520  0.1797  0.3741  1.1955  0.6918  1.0966  0.9362  0.1939
 127 -0.1373  0.2436  0.0560 -0.3923  0.5199 -0.0336  0.8355  0.9248  0.4344  0.9634 -0.3133
 128 -0.3937 -0.0977  0.3925 -0.0142 -0.3614 -0.0116  1.1446  1.0441  0.9252  0.9073  0.1468
 129  0.1170 -0.4261 -0.0295  0.3171  0.1707 -0.0937  1.0427  1.0768  1.2937  1.0451 -0.2647
 130  0.3102 -0.1914 -0.1278  0.0234  0.1333  0.2163  0.7319  0.6623  1.3258  1.3205  0.5517
 131 -0.1252  0.0074 -0.0940  0.2626 -0.5572 -0.1220  0.9847  1.1026  0.7779  1.2459  0.1323
 132 -0.2045  0.4811 -0.3147 -0.1138  0.2504  0.5757  0.3734  1.0306  0.8824  1.4146 -0.2489
 133 -0.0677  0.1101  0.1374  0.4140  0.1622  0.0161  0.8756  0.9467  1.0954  1.0833  0.2136
 134  0.4054 -0.4294  0.3048  0.1079 -0.2175  0.0015  0.9638  0.7816  0.5736  0.8017  0.0295
 135 -0.1867 -0.1689  0.0648  0.1155  0.0971 -0.0803  1.2977  0.9819  0.8114  1.2549  0.3401
 136  0.3429 -0.0780  0.2346 -0.0895 -0.1497 -0.0827  0.6455  1.3132  0.8437  0.8638  0.1113
 137 -0.1408 -0.0583 -0.3151 -0.2315  0.3948  0.1044  0.8208  1.1305  1.1531  1.0318 -0.0910
 138 -0.0204 -0.0392  0.0720 -0.1837  0.2777  0.0954  1.2060  0.8338  0.8946  1.0654 -0.1199
 139 -0.2123  0.0523 -0.1683 -0.3406  0.2345  0.1762  1.0753  1.4869  0.9684  0.8079 -0.1534
 140 -0.3433 -0.0285 -0.1419 -0.0112  0.4908 -0.0779  1.2497  0.8867  1.0761  0.8098 -0.2607
 141 -0.0152 -0.0885 -0.0030  0.1767  0.0046 -0.2922  1.0800  0.8417  1.0145  0.8054 -0.1453
 142  0.2501 -0.3544  0.2098 -0.2395 -0.2594  0.2670  1.3302  1.3965  1.2588  1.3789  0.1295
 143  0.1008 -0.0294 -0.0765 -0.0707 -0.0551  0.0168  1.0890  1.0827  0.7462  1.3164  0.1487
 144  0.0947  0.3070 -0.2334 -0.2029  0.3276 -0.0044  0.8838  1.1604  0.9337  1.0890  0.0593
 145  0.1342 -0.2546  0.1332 -0.1548 -0.0138 -0.0902  1.2161  0.8356  0.9283  1.0165  0.2706
 146  0.2785  0.2523  0.2384 -0.0500  0.1106  0.4399  0.7495  0.3808  0.9659  0.9832  0.0206
 147 -0.4326  0.0171  0.1542  0.1010  0.1015 -0.0480  0.6139  0.8301  0.7644  1.0361  0.0595
 148  0.1929  0.1507  0.0820 -0.2212 -0.2285  0.0143  0.9730  1.0679  1.1349  1.3455 -0.0800
 149 -0.3126 -0.1843 -0.0162  0.1149  0.0636  0.2236  0.7408  0.6659  0.9000  1.0700 -0.1563
 150 -0.0126 -0.1403 -0.0877  0.2810 -0.2023 -0.1572  0.5264  1.5121  0.8558  0.9530  0.0428
 151  0.0505  0.3306 -0.0572  0.0293  0.1895  0.1004  1.0601  1.3288  0.9852  0.8519  0.0937
 152 -0.3554 -0.4114  0.2970 -0.1583  0.2679  0.1276  0.7189  0.9324  0.8598  0.8150 -0.0409
 153  0.0260 -0.2015  0.1131  0.0650 -0.0579  0.1875  0.8065  1.0530  0.9388  0.8835 -0.1707
 154  0.0802  0.1646 -0.1764  0.0296 -0.0536  0.3867  0.7951  0.8851  0.8423  1.1295  0.3281
 155  0.1494 -0.1126  0.0633  0.0159  0.0693  0.1553  1.1677  0.8223  1.0315  1.0790  0.1639
 156  0.1476 -0.1134  0.4832  0.1680  0.0094  0.1377  0.5469  1.2723  1.3858  1.1760  0.5112
 157  0.0084 -0.1173 -0.0370 -0.0254 -0.1571  0.3840  0.8209  0.7993  1.0048  1.1509  0.0209
 158 -0.3594  0.1703 -0.0543 -0.1323 -0.1006 -0.0376  1.0447  0.9948  0.9549  1.0524  0.1040
 159 -0.2042 -0.2836  0.0117 -0.2677 -0.0008  0.2711  0.9872  1.2765  0.8034  0.8972 -0.1078
   0  0.4505 -0.2151 -0.0812 -0.2996 -0.0768 -0.4095  0.5216  0.7471 -0.0993 -0.2792 -0.1190
   1  0.7394 -0.1098 -0.1524  0.2616  0.0816  0.0489  0.5524  0.7858 -0.0019 -0.2400  0.7577
   2  0.8343  0.4012 -0.0170  0.1980  0.4861  0.1421  0.6786  0.4413  0.0417  0.1067  0.8676
   3  0.8169 -0.2471  0.0536  0.0668  0.2618 -0.2773  1.0089  0.6537  0.0107  0.1970  0.4240
   4  0.6081 -0.2613 -0.2462  0.1295  0.0948  0.1936  1.0912  0.5432  0.2690  0.4705  0.1075
   5  0.9897 -0.1327 -0.1956  0.2395 -0.0840 -0.1481  0.8458  0.0915  0.4790  0.3770  0.0569
   6  0.3641 -0.3855 -0.0131  0.2499 -0.1633  0.2977  1.2152  0.2674 -0.0917  0.0908  0.4862
   7  0.2394 -0.0083  0.2814  0.0936 -0.6054 -0.3460  1.0106  0.6709  0.3799 -0.1199 -0.0917
   8  0.7126  0.2509  0.0142  0.2199  0.0741  0.1020  0.9758  0.1151 -0.0646  0.0879 -0.0798
   9  0.6505  0.3010  0.0991 -0.4814 -0.0901 -0.0770  0.9947  0.5243 -0.1420 -0.0220  0.2348
  10  0.1024  0.3978 -0.1405 -0.3178  0.2380 -0.0729  1.1935  0.3468  0.2658 -0.0016  0.3926
  11  0.0820  0.5798 -0.0066  0.2876  0.2981  0.0487  1.0337 -0.0565  0.3213 -0.0335  0.3172
  12 -0.2210 -0.1197  0.1043  0.0031  0.0100 -0.1227  0.8656  0.2140  0.9132  0.0868 -0.1023
  13  0.4643  0.0292 -0.0579  0.0550 -0.0218  0.3045  0.8995  0.4684  0.3431  0.2864  0.5674
  14  0.3770 -0.0406  0.1435  0.0822  0.2015  0.0607  0.8759  0.6395  0.2723  0.4118 -0.0497
  15  0.0896 -0.1934 -0.3887 -0.0641  0.0623 -0.3592  1.0390  0.1504  0.2099  0.2274  0.0643
  16 -0.0999  0.1349 -0.0262  0.1784 -0.0692  0.4511  0.7859  0.2424  0.3426  0.2084  0.0289
  17  0.2226  0.3766  0.1122  0.0720 -0.3004 -0.0826  1.2638  0.2071  0.5351 -0.3663  0.2200
  18  0.1210  0.1840  0.0162 -0.0025 -0.1488  0.0884  0.6112  0.2564  0.5693 -0.0041  0.0267
  19  0.2554  0.1185  0.0750  0.0654 -0.0920 -0.0650  1.1253 -0.0228  0.0919  0.2492  0.0424
  20  0.2980 -0.0263 -0.1965 -0.1127 -0.0109 -0.0596  0.8153  0.2612  0.7098 -0.0106  0.0668
  21 -0.1487  0.0722 -0.0848  0.1379  0.0273  0.3522  1.0524  0.4598  0.5563  0.2279  0.1857
  22  0.1042 -0.3161 -0.0676 -0.0146 -0.1096  0.0719  0.6362  0.1545  0.5192  0.1346 -0.1255
  23  0.4346 -0.1222  0.4385  0.1530  0.1311 -0.3861  1.1547  0.5763  0.2053  0.4570 -0.2915
  24 -0.1670 -0.0584  0.2126  0.3194 -0.1899  0.1426  0.7823  0.2311  0.4939  0.0413  0.1068
  25 -0.0104 -0.0750 -0.0090 -0.4453  0.0057  0.0133  1.0741  0.0620  0.4176  0.3079  0.0076
  26  0.3619  0.2214 -0.1806  0.3799 -0.2468 -0.1979  1.1144  0.3097  0.7080  0.2998  0.4379
  27 -0.0004  0.6399  0.0553 -0.0135  0.3357  0.1441  1.1717  0.3110  0.4084  0.2048 -0.0768
  28  0.4036 -0.0494  0.1781  0.1588 -0.2495  0.2219  0.7349  0.3468  0.8092  0.2248  0.1765
  29  0.2449  0.0533 -0.0897  0.2592 -0.1870 -0.2285  0.9885  0.2598  0.7354  0.4232  0.1625
  30 -0.0865  0.1726  0.2779 -0.0311  0.0995  0.0051  1.3729  0.2792  0.5965  0.6149  0.1407
  31 -0.0874  0.3234 -0.1092 -0.0365 -0.0464 -0.1920  0.6471  0.2215  0.5676 -0.0815 -0.0645
  32  0.0735  0.3212  0.2036  0.2406  0.0816  0.0977  1.0198 -0.1968  0.2837  0.3505  0.1306
  33  0.1527 -0.1992  0.5223 -0.0007 -0.1798 -0.2072  1.1594  0.6164  0.7030  0.4318 -0.0522
  34 -0.0066 -0.0657  0.5161 -0.2160  0.0263 -0.1022  1.0571  0.0830  0.5601  0.8378 -0.0465
  35 -0.0051  0.3464  0.2639  0.1205  0.2290  0.0132  1.1748  0.1804  0.8041  0.3732 -0.0354
  36 -0.0937 -0.1056 -0.0632  0.1284 -0.4360  0.2752  1.4605  0.2474  0.3734  0.4323  0.1347
  37  0.3502  0.1549 -0.0233 -0.3325  0.2477 -0.2968  0.8054 -0.0581  0.5612  1.0435  0.2835
  38 -0.0704 -0.2558  0.1126 -0.1769 -0.0022 -0.1438  0.9007  0.0923  0.3394  0.4238 -0.0394
  39  0.4797  0.2365  0.0763  0.4852  0.2152  0.0898  1.1969  0.4876  0.8429  0.3126  0.2308
  40  0.3820  0.1526  0.2076  0.0284 -0.1998 -0.0326  0.8786 -0.0344  0.8414  0.6189  0.1468
  41  0.1441 -0.0984 -0.0252  0.0839 -0.0784  0.2269  0.7497  0.3082  0.3626  0.8651  0.1353
  42  0.0895  0.3642 -0.0894  0.0318  0.2353  0.4832  0.9445 -0.1707  0.6644  0.4838 -0.0649
  43  0.1595  0.1228 -0.1380 -0.3409  0.1517  0.4138  0.6074 -0.4401  0.8058  0.4977  0.1098
  44  0.2613 -0.2084  0.3527  0.6663  0.1685  0.2644  1.3272  0.1907  0.5222  0.7506  0.1032
  45  0.3561  0.1480 -0.3595  0.0664  0.0864 -0.1835  1.0586  0.2953  0.3178  0.4813  0.0479
  46  0.5663 -0.2022 -0.3608  0.3978 -0.1217  0.2566  0.8069 -0.1375  0.9243  0.3864  0.2876
  47  0.2531  0.4961 -0.1988  0.2229  0.0129  0.2569  0.9512  0.2648  0.4762  0.3879  0.1426
  48  0.1971  0.1491  0.0285 -0.0011  0.1648  0.5586  1.0020  0.1187  0.5214  0.4430  0.2216
  49  0.4105  0.7444 -0.0057 -0.0857 -0.2078  0.3831  0.6081  0.1803  0.3137  0.5014  0.0857
  50  0.2160  0.5645  0.3807  0.3480 -0.0701  0.8088  1.1029 -0.1405  0.2451  0.9505  0.3668
  51  0.8453  0.4152  0.6484 -0.0875  0.1457  0.4182  0.9309 -0.1846  0.3597  0.4779  0.0112
  52  0.6170  0.5268 -0.4733  0.1659  0.2687  0.6065  0.7383  0.0087  0.3533  0.3672  0.1235
  53  0.6363  0.2822 -0.2851  0.2885  0.2960  0.5963  0.9454 -0.1377  0.1051  0.3063 -0.2072
  54  0.3615  0.5617  0.2221  0.3246  0.1973  0.2576  0.7547 -0.1141  0.5809  0.6680 -0.3071
  55  0.1057  0.6435  0.4582  0.0859  0.0967  0.4929  1.1120 -0.3244  0.4665  0.3191  0.0303
  56  0.4216  0.2860  0.0881  0.0667  0.3258  0.6310  0.8043  0.2203  0.3432  0.3082  0.1961
  57  0.5377  0.5317  0.2474  0.5386 -0.1764  0.5974  0.3266  0.1576  0.3979  0.7107 -0.1462
  58  0.6649  0.6964  0.4038  0.2160 -0.1155  0.9733  0.6316  0.3033  0.5530  0.4917  0.0408
  59  0.5374  0.9527  0.3388  0.1162 -0.0226  1.1559  0.9309  0.2687  0.2836  0.0039  0.0724
  60  0.8142  0.6372  0.2081  0.4103  0.3658  0.7235  0.3877  0.0249 -0.1740  0.6077  0.2773
  61  0.3664  0.5155 -0.0343  0.1298  0.1679  0.7430  0.5433  0.3319 -0.0549  0.0414 -0.0397
  62  0.6132  1.0523  0.3252  0.0024 -0.1375  1.0950  0.5897  0.1681  0.0937  0.5641 -0.0540
  63  0.6154  0.6796  0.2269  0.2124 -0.1850  0.6775  0.7815 -0.4564  0.2088 -0.0829  0.4429
  64  0.4706  0.3547  0.1559  0.5958  0.0368  0.8323  0.3848 -0.2126  0.0946 -0.1272  0.2935
  65  0.6459  0.5246  0.2051 -0.1309  0.0548  0.8761  0.3344  0.1270  0.2912  0.1586  0.3046
  66  1.0146  0.6980  0.4164  0.1933 -0.1407  1.1469  0.5120  0.1790 -0.3094  0.2727 -0.2940
  67  0.5275  0.7680  0.0673  0.4521  0.3776  0.6467  0.5171 -0.2646 -0.0235  0.1678  0.2904
  68  0.5868  0.7901  0.2459  0.4008  0.1463  0.9309  0.3403 -0.0767 -0.0554  0.0144  0.2122
  69  0.8905  1.0248  0.0547  0.4984  0.0774  0.6656  0.0291  0.0311  0.2044  0.1319 -0.4438
  70  0.4285  0.7689 -0.0054  0.0841  0.1942  0.7260  0.5680  0.0066 -0.1579 -0.0958  0.2170
  71  0.0685  1.3242  0.2176  0.0712  0.5036  0.7806  0.5337 -0.0954  0.4894  0.0394 -0.0492
  72  0.4618  0.4287  0.2208  0.4383  0.3602  0.6591  0.3659 -0.1136  0.2480  0.4405  0.2070
  73  0.9818  0.5241 -0.0288  0.6636  0.2334  0.6228  0.3305  0.3887  0.1291  0.2339 -0.0436
  74  0.5618  0.8882  0.6629  0.3156  0.0009  0.9524  0.0342 -0.2748  0.0379 -0.2050 -0.1579
  75  0.5927  1.1827  0.3031  0.5398  0.1209  0.8186  0.2027  0.1038  0.1378  0.1367 -0.7278
  76  0.5851  1.1155  0.4974  0.1359  0.5058  1.1405  0.4565 -0.0126  0.0307 -0.1832  0.1972
  77  0.9956  0.7417  0.3130  0.3726  0.1066  0.9464  0.5071 -0.4158  0.3085  0.2816 -0.0159
  78  0.5779  0.9662  0.1834  0.3519 -0.1097  1.0050 -0.0017 -0.0477  0.1194  0.1935  0.0877
  79  0.1939  1.1303  0.0674  0.4155  0.1836  1.5062  0.2041  0.0186  0.3542 -0.0017  0.1800
  80  0.5518  0.5945  0.7430  0.2747 -0.0858  0.8254  0.3418  0.4734  0.0475 -0.0202 -0.0426
  81  0.5365  1.1012  0.4336  0.6286 -0.0046  0.6886  0.1373 -0.0117  0.0843 -0.1020 -0.1663
  82  0.4154  1.0401  0.4706  0.4190  0.2038  0.8270  0.1678  0.2092  0.0231  0.5311 -0.1588
  83  0.8543  1.0491  0.4767  0.4912  0.0494  0.9410  0.2705 -0.1462  0.3965  0.2172  0.3846
  84  0.8863  0.9471  0.6120  0.4215 -0.1499  1.1096  0.1974  0.1900  0.0521  0.0429  0.4469
  85  0.6446  0.8662  0.7716  0.5164  0.1483  1.0061  0.1618  0.0136  0.2790 -0.0304  0.1762
  86  0.5206  0.7027  0.4366  0.4483  0.1136  0.8949  0.3666  0.1826 -0.4016 -0.2873  0.5698
  87  0.2637  0.9041  0.3745  0.3418 -0.0394  0.6933  0.3171  0.3064 -0.1440  0.1424 -0.1018
  88  0.5029  0.7045  0.2508  0.3141 -0.0040  1.3390  0.0571 -0.2263  0.0194  0.3315  0.3414
  89  0.5355  0.6876  0.1899  0.3455  0.1716  0.6119  0.2524  0.2727 -0.0966  0.1229  0.4854
  90  0.3045  1.0533  0.5101 -0.0895  0.0712  1.1699 -0.4092 -0.0565 -0.0363 -0.1859  0.2781
  91  0.6685  1.1120  0.3068  0.7830 -0.0460  0.6016  0.3034 -0.0634 -0.0422  0.0583  0.1377
  92  0.7770  0.7636  0.6314  0.3890 -0.2567  1.0322 -0.0429  0.0084  0.0771 -0.2984  0.3389
  93  0.4753  1.2577  0.2606  0.5760  0.1659  1.0902 -0.0742 -0.2200 -0.1003 -0.3074  0.5543
  94  0.4078  0.7956  0.8227  0.3504 -0.1331  1.0235  0.4898 -0.2805  0.0509  0.3605  0.0486
  95  0.5914  0.9355  0.6358  0.2595  0.0338  1.0152 -0.3373  0.0124 -0.0381  0.3773  0.4310
  96  0.6684  0.8103  0.3682  0.6327 -0.0430  0.5831  0.2055 -0.0820 -0.2038  0.3533  0.7879
  97  0.8445  1.0666  0.5220  0.6679  0.1857  0.9252  0.1892  0.1941  0.3739 -0.1813  0.2778
  98  0.5166  1.5255  0.4572  0.7260  0.4583  1.1001 -0.2647 -0.3227  0.2742 -0.0066  0.5342
  99  0.0855  1.0126  0.4219  0.6684  0.4025  0.8148 -0.4286  0.3829 -0.1016 -0.0136  0.3308
 100  0.2113  1.0670  0.5385  0.7887  0.1639  0.9636  0.1505  0.2205 -0.0319  0.0176  0.3948
 101  0.6245  0.8005  0.5529  0.9283  0.3140  1.0972  0.4131  0.0126 -0.1678 -0.0048  0.3087
 102  0.7919  0.9798  0.5512  0.6117  0.0201  0.8579 -0.0316 -0.0984  0.0347 -0.2378  0.2379
 103  0.7177  0.8190  0.5614  0.4691 -0.0275  0.7173 -0.0294  0.1408  0.2192 -0.1238  0.3990
 104 -0.0122  0.5112  0.7346  0.1929 -0.2605  1.0145  0.3491 -0.1287  0.5600 -0.2832  0.4332
 105  0.8965  0.9948  0.4228  0.9338 -0.2144  1.4652  0.2316 -0.3399 -0.3708  0.2741  0.2308
 106  0.6201  1.1797  0.6065  0.5797  0.2106  1.1891 -0.0800  0.5455 -0.0151  0.3174  0.1339
 107  1.0127  1.0052  0.0344  0.7461 -0.0581  0.9084  0.2079 -0.2025  0.0457  0.0500  0.6786
 108  0.0478  0.2026  0.3996  0.6847  0.1668  1.1246 -0.0147  0.0314  0.3349 -0.2590  0.3403
 109  0.4393  0.7390  0.4516  0.2620  0.1860  0.9874  0.5113  0.4046 -0.1090  0.3946  0.1586
 110  0.3493  0.7573  0.8131  0.6594  0.3809  0.9467  0.3361  0.1019  0.0108  0.1653  0.2454
 111  0.4760  0.9440  0.5743  0.9773 -0.0190  1.0785  0.3812 -0.5871  0.0877 -0.4264  0.7273
 112  0.6805  1.1850  0.4258  0.8272  0.1544  1.2453  0.2625  0.2840 -0.1419  0.3169  0.5254
 113  0.5997  1.0963  0.5503  0.5906  0.0252  0.9289 -0.0917  0.1401  0.4735  0.2429  0.7828
 114  0.1802  0.9606  0.3065  0.8823 -0.2018  1.1914  0.3848  0.0337  0.0806 -0.1063  0.4950
 115  0.5891  1.0138  0.3129  0.7348 -0.1153  1.3837 -0.0896  0.1204  0.0828  0.1714  0.5003
 116  0.1677  0.6685  0.2770  0.8469 -0.0258  0.9100  0.0421 -0.3311 -0.0086  0.2693 -0.0914
 117  0.2458  1.1958  0.4651  0.6683  0.2836  1.1631  0.3181 -0.1011  0.4506 -0.2247  0.4383
 118  0.5644  0.9300  0.5459  0.3295 -0.2578  0.8684 -0.0817  0.1107  0.2886 -0.0117  0.5607
 119  0.5726  0.7767  0.4838  0.6241  0.2027  1.2092  0.3273  0.2376  0.0254  0.0767  0.4580
 120  0.3702  0.9465  1.0384  0.5745 -0.0065  0.7302 -0.1036 -0.0377  0.1013 -0.0239  0.0891
 121  0.4461  0.7647  0.7841  0.7970 -0.0283  0.8016 -0.0345 -0.1176  0.0423 -0.0379  0.0778
 122  0.8959  0.7546  0.4793  0.7703 -0.1046  0.7101 -0.0301 -0.1747  0.3390  0.1675 -0.0603
 123  0.6529  0.9926  0.3654  0.2634  0.1085  0.8607 -0.1183 -0.0773  0.0114 -0.3292  0.5587
 124  0.4754  0.7778  0.5271  0.7510 -0.4811  0.6059 -0.0252 -0.3438 -0.1986 -0.3945  0.1037
 125  0.5864  1.3851  0.4507  0.6266 -0.3385  0.9834 -0.1423 -0.0388 -0.0891 -0.1319  0.1185
 126  0.8096  0.7083  0.4723  0.6008 -0.1438  1.2870  0.2954 -0.2611  0.0558 -0.0460  0.3379
 127  0.5532  1.0221  0.3727  0.2882 -0.0406  0.7113  0.1564 -0.1655  0.1249  0.2863  0.4351
 128  0.9151  1.0360  0.6406  0.9540 -0.1189  1.0896  0.4157  0.3753  0.2657  0.1895  0.0847
 129  0.2325  0.9252  0.3569  0.7193  0.0476  0.9465  0.1342 -0.2246  0.0255 -0.0473  0.4323
 130  0.5459  0.8731  0.3842  0.9853 -0.4523  1.0681  0.1056  0.1835 -0.0158 -0.2980  0.3403
 131  0.6757  0.9089  0.5275  0.8488  0.1330  1.0998  0.4084 -0.0368 -0.0219 -0.2506  0.3907
 132  0.3707  0.6053  0.6588  0.6077  0.0491  0.7996  0.3283 -0.1989 -0.3280 -0.0327  0.1841
 133  0.4909  0.9385  0.3702  1.0658  0.2329  0.9270  0.6969 -0.2346 -0.2753  0.1008  0.4776
 134  0.4820  1.0657  0.6647  0.6301  0.2769  1.0459  0.3123 -0.1404 -0.2138  0.2394  0.5559
 135  0.4749  0.9755  0.4967  0.8362  0.1214  0.9807  0.0352  0.0623  0.2837  0.1076  0.0630
 136  0.3681  0.9412  0.5895  0.5316  0.0295  1.1069  0.1117  0.1078 -0.1552  0.0442  0.0763
 137  0.3668  1.0879  0.4882  0.8658  0.1131  0.8679  0.4116 -0.0635 -0.1034  0.2730  0.5060
 138  0.4798  1.0817 -0.0234  0.8322  0.1455  0.6363  0.3383  0.1368 -0.0889 -0.1080  0.3767
 139  0.7283  0.8417  0.8142  0.2997 -0.1875  0.6198  0.3876  0.2392  0.0872  0.0715  0.2506
 140  0.7713  1.3357  0.5143  1.0268 -0.1411  0.8990  0.2971  0.1792 -0.1812  0.2554  0.2008
 141  0.6389  0.9880  0.1417  0.6866 -0.1735  0.7104 -0.3365  0.2351 -0.1527 -0.0499  0.2373
 142  0.3031  0.6682  0.8239  0.8834  0.1643  1.0862  0.0871  0.3446 -0.2141 -0.3630  0.4891
 143  0.9054  0.9904  0.5187  1.1044  0.0399  0.7074  0.1781 -0.1880  0.2244 -0.2118  0.5358
 144  0.2430  1.4002  0.4362  0.9607  0.0503  1.0902  0.1658  0.2206  0.0263  0.0752  0.1271
 145  0.5319  1.1528  0.6481  1.0602  0.0769  0.8029  0.0754  0.0068  0.1724 -0.0580 -0.0073
 146  0.2904  0.9811  0.2849  0.6214  0.0318  0.9428 -0.4466  0.2876  0.3224 -0.0453  0.4555
 147  0.5122  1.0609  0.4852  0.9757  0.2185  1.3301  0.1532 -0.0594  0.3163  0.1471  0.3228
 148  0.2996  0.9396  0.1197  0.7060 -0.4149  0.8399  0.1987 -0.4195 -0.0719 -0.2729 -0.0454
 149  0.0457  1.1361  0.4951  0.9763  0.4710  0.7488 -0.0733  0.0670 -0.1449 -0.2386  0.5289
 150  0.3516  1.2551  0.6972  0.8452 -0.0486  0.9588  0.2180 -0.0006  0.1404 -0.2850 -0.0476
 151  0.2857  0.9174  0.4114  0.8776  0.0531  1.1785  0.2009 -0.1151 -0.0812 -0.2011  0.1722
 152  0.4186  0.7833  0.6050  0.9043  0.3036  0.8011  0.1616  0.1751  0.1902 -0.1426  0.7522
 153  0.6463  0.9617  0.3282  0.9804  0.1249  1.2343  0.4591  0.1331  0.3434 -0.3991  0.0531
 154  0.5894  0.8720  0.6738  0.7859  0.1118  1.0572 -0.1868 -0.0231 -0.1997  0.0933  0.1599
 155  0.2893  1.0396  0.0105  0.5358 -0.1000  0.5603  0.3349  0.1239  0.1836  0.2555  0.1902
 156  0.1428  0.5738  0.6004  1.1673 -0.0408  0.8771 -0.2476  0.0776  0.1455 -0.1705  0.3925
 157  0.6332  1.1594  0.2798  0.5736  0.0843  1.3098  0.2330  0.1808  0.0086 -0.0308  0.1403
 158  0.4142  0.8326  0.5885  0.7751  0.4016  1.2890 -0.1683 -0.0014 -0.1405  0.0172  0.1326
 159  0.5522  0.9388  0.5956  0.4129  0.3658  0.8362 -0.0425  0.1780  0.2116 -0.0213  0.2334
   0  0.4953  0.1660  0.1974  0.4354 -0.3120  0.0343  0.7016  0.6087 -0.0468  0.0389  0.0360
   1  0.6564  0.0211 -0.1225  0.1333 -0.0214 -0.2332  0.2585  0.3047  0.0635  0.0841  0.1339
   2  0.5919  0.2362 -0.0886  0.2639  0.1409  0.3413  0.1613  0.7225  0.2080  0.0933  0.0698
   3  0.8512 -0.3797 -0.2862  0.1039  0.3664 -0.0013  0.7707  0.5727 -0.0118 -0.1754  0.3611
   4  0.6859  0.3183 -0.4810  0.4252  0.1388 -0.3268  0.3398  0.3184  0.3327  0.3600  0.2124
   5  0.2043  0.1125 -0.0475  0.1037 -0.0936  0.0005  0.6758  0.7128  0.1772  0.1579  0.1068
   6  0.4159  0.4405  0.2633 -0.3787  0.1907  0.0439  0.7838  0.3030  0.3346  0.0685  0.3759
   7  0.5430 -0.0289  0.1696 -0.0505  0.2669 -0.0482  1.0566  0.4353 -0.0828 -0.2347  0.5107
   8  0.0175  0.3059 -0.5681  0.1889  0.1674  0.2588  0.6745  0.0385  0.2681 -0.0325  0.2591
   9  0.4085  0.3862  0.3829  0.0183  0.2330  0.2235  0.9620  0.2259 -0.3223  0.2759  0.3945
  10  0.7500  0.0044 -0.1694  0.0341  0.1966  0.0544  1.3657  0.2121 -0.2916  0.1217  0.1956
  11  0.3142 -0.1504  0.2325 -0.3520 -0.3524 -0.1618  0.9664  0.5295  0.2418  0.0536  0.3658
  12  0.4621  0.2989  0.0726  0.0848  0.0889  0.0705  0.8435  0.5944  0.0505  0.3786  0.2811
  13  0.2331 -0.0037 -0.2591 -0.0820 -0.0631  0.3519  0.9799  0.1346  0.2653  0.1309  0.3521
  14  0.6016 -0.0031  0.0030  0.0080  0.0333 -0.0906  0.7859  0.2783  0.7124 -0.1230  0.2062
  15  0.5421  0.0390 -0.2328  0.1910  0.1655 -0.0456  0.8012  0.0245 -0.1723 -0.0412  0.0928
  16  0.1372  0.2122  0.3158 -0.0245  0.2770 -0.1338  0.8224  0.5310  0.1819 -0.1588  0.2360
  17 -0.2848 -0.3264  0.1843  0.1004 -0.2050 -0.0662  0.6312  0.2438 -0.2519 -0.1543  0.1862
  18  0.1975  0.1367 -0.2030 -0.0835  0.1418  0.1270  1.0694  0.1939  0.1193 -0.2044  0.3946
  19  0.1548 -0.2188  0.0501  0.3131  0.1915  0.0215  0.6289  0.2572  0.2707 -0.0360 -0.1397
  20  0.1626 -0.1121 -0.3636  0.1695 -0.0212  0.1845  1.0123  0.1089  0.1268  0.1211  0.1500
  21  0.3161  0.2928 -0.0233  0.0251  0.0208  0.3811  1.0330 -0.0160  0.1776  0.2100  0.2723
  22  0.0695 -0.0066  0.2194 -0.2041  0.1318  0.3119  0.8029  0.4037  0.2098 -0.1206  0.2180
  23  0.0226 -0.0823  0.5667  0.2620  0.2809 -0.0512  1.0163  0.1440  0.2025 -0.0830 -0.1322
  24  0.0235  0.0139  0.0220  0.2089 -0.0439  0.1306  0.5967  0.3536  0.3492  0.2214  0.1484
  25  0.0433  0.2074 -0.3193 -0.2572 -0.3731  0.2187  0.8331  0.1541  0.0299 -0.2146  0.1859
  26 -0.4068  0.2797 -0.1051  0.0421 -0.1758  0.4398  0.8182  0.2889 -0.1416 -0.3379  0.1574
  27  0.0544  0.1050  0.0430  0.1873 -0.0169  0.0287  1.1278  0.1100  0.3194  0.1742  0.2762
  28  0.2727 -0.0673 -0.0410  0.0161  0.0199 -0.0866  1.0591  0.4187  0.4795  0.3649  0.0339
  29  0.2675  0.1598  0.1035 -0.2053  0.0082 -0.0671  1.0692  0.3438  0.0477  0.0435 -0.0878
  30 -0.0172  0.2683 -0.3227  0.1264  0.2546 -0.0048  1.3356  0.3470  0.4550  0.3832  0.3105
  31 -0.0981  0.0491 -0.1911 -0.3823  0.0006 -0.2614  0.8832  0.1426 -0.2072  0.2168 -0.0602
  32 -0.1806  0.1266 -0.0433 -0.0705  0.0656  0.5679  1.1218  0.5089 -0.0586 -0.0337  0.0688
  33 -0.3300  0.1678  0.2680 -0.0980  0.1565 -0.0930  0.7418  0.2712  0.3234  0.6186  0.5869
  34 -0.1124  0.3716 -0.0701  0.0344 -0.0604  0.0109  1.1990  0.1009  0.4736 -0.1434 -0.2640
  35 -0.0654  0.3119  0.0626  0.1356 -0.3827  0.3342  0.9341 -0.0046  0.4250  0.2763 -0.2321
  36 -0.0855  0.2535  0.1825 -0.2386  0.3885  0.1328  1.0318  0.1649  0.1500 -0.1884 -0.1119
  37 -0.0624  0.4676 -0.2650 -0.0981  0.2787  0.4400  1.0245  0.1606  0.6181  0.1160  0.2729
  38  0.1943  0.1884 -0.1728  0.0233 -0.0177  0.1406  1.0523 -0.0180 -0.0548  0.3487  0.4764
  39  0.2803 -0.1868  0.0672  0.2016 -0.2040 -0.0335  0.6569  0.1304  0.1773  0.3489 -0.2071
  40 -0.0203  0.0712 -0.2797 -0.0197 -0.0507  0.0965  0.9010  0.5532  0.6471  0.4615  0.2227
  41  0.3254  0.0896 -0.0561 -0.2683  0.2871  0.1549  0.8666 -0.0527  0.7408  0.2856 -0.0947
  42  0.1287  0.1006 -0.3589  0.4018 -0.1035 -0.0864  1.1051 -0.0901  0.6703  0.2608 -0.0104
  43  0.2190  0.1586  0.5289 -0.1402 -0.0288 -0.1099  0.9737 -0.0078  0.2286  0.6039  0.2168
  44  0.0980  0.0409 -0.1679 -0.4113 -0.0016  0.2698  0.5390  0.1609  0.8484  0.2978  0.5355
  45 -0.0688  0.0922 -0.4769  0.1484 -0.0052  0.2190  1.2432  0.1186  0.6036  0.7474 -0.0863
  46 -0.2185  0.4628  0.2980 -0.0085  0.2760 -0.1705  1.5661  0.4539  0.7621  0.5099 -0.0862
  47 -0.0815 -0.0274 -0.4927  0.1134 -0.2044  0.4098  0.9476 -0.1102  0.6844  1.3551  0.2085
  48  0.0239  0.3764 -0.0927  0.2990 -0.1022  0.3645  1.3008  0.2162  0.7309  0.2305  0.1288
  49  0.0147  0.2959 -0.0547 -0.1016  0.3657 -0.0891  0.7026  0.3311  0.3745  0.5613  0.3759
  50 -0.0791 -0.0368 -0.2559  0.1852  0.1343  0.1999  0.9084  0.0496  0.7245  0.2242  0.1530
  51  0.1857  0.1285  0.1142  0.3245  0.1113  0.1695  0.9531  0.2823  0.5525  0.9015  0.0961
  52  0.2814  0.3653 -0.0600  0.0752  0.1493  0.6746  0.9117  0.4663  0.4267  0.4114  0.1117
  53  0.3916  0.1623  0.2236 -0.0040 -0.0668  0.3575  1.0790  0.5073  0.4636  0.6113  0.1582
  54  0.2058  0.1950 -0.2823  0.0231  0.0014 -0.0006  1.0667  0.1329  0.8568  0.5529 -0.1224
  55  0.2859  0.1691  0.3947 -0.3070 -0.0640  0.0669  1.3091  0.3739  0.3507  0.5192  0.0636
  56  0.3797  0.1648  0.1483 -0.2226  0.2002 -0.0284  0.9768 -0.0543  0.4514  0.5512  0.2559
  57  0.2465 -0.1649 -0.3014  0.4249 -0.0334 -0.0468  0.9504  0.3166  0.4804  0.4066 -0.1434
  58 -0.2743  0.2064  0.0898  0.1875  0.3355  0.1241  1.2085  0.2891  0.1368  0.6375 -0.1806
  59  0.3144  0.4749  0.1421  0.2562  0.6045  0.3064  0.8582  0.0990  0.6617  0.5859  0.2780
  60  0.2855  0.1754  0.2109  0.1176  0.0497  0.4248  1.3130  0.1532  0.6904  0.8453  0.4587
  61  0.1781 -0.5004  0.0486  0.2054  0.1006  0.4681  1.1784  0.1546  0.4269  0.4011  0.0183
  62  0.4816 -0.0263 -0.0677  0.2589 -0.1342  0.3713  0.8710  0.4562  0.5278  0.4928  0.2729
  63  0.1555  0.0768  0.0085 -0.1242  0.1404  0.2954  0.7387  0.1999  0.2155  0.3671  0.2077
  64  0.5556  0.3636  0.1262  0.2359  0.2317  0.1826  0.8116  0.1615  0.5409  0.8707 -0.1237
  65  0.3323  0.9485  0.1832  0.1044  0.0407  0.7606  0.7034  0.3459  0.5978  0.5543  0.0064
  66  0.3157  0.5792  0.5606  0.4724  0.4584  0.8516  0.5394  0.2285 -0.0423  0.3689 -0.0557
  67  0.5086  0.2831  0.1205 -0.0422 -0.1531  0.4992  0.9390 -0.2584  0.0480 -0.0256 -0.5259
  68  0.7104  0.5775  0.0590  0.0171  0.1650  0.5065  0.7361  0.2680  0.4690  0.6105  0.3361
  69  0.9208  0.5555 -0.1509  0.3910 -0.1616  0.8821  0.9297  0.4743  0.5403  0.4423  0.0229
  70  0.4192  0.0950  0.3050  0.4104  0.5996  0.4816  0.8840 -0.2382  0.4038  0.4192 -0.4116
  71  0.2876  0.7886 -0.1768  0.2028  0.2682  0.5620  0.8963  0.1806  0.3865  0.1350  0.0707
  72  0.6027  0.4270  0.1761 -0.2467  0.3547  0.5698  0.6856 -0.0370  0.0823  0.1578 -0.1988
  73  0.5850  0.4370  0.2605  0.0285  0.1472  0.7143  1.1670  0.1840  0.0462  0.1996 -0.2887
  74  0.4265  0.5352  0.2058  0.0730  0.2386  0.5449  0.5272 -0.0836  0.1789  0.2862  0.3702
  75  0.7720  1.0084 -0.2218 -0.1538  0.0509  1.1615  0.9411  0.2515  0.2116  0.0703  0.2336
  76  0.3870  0.6346  0.4113  0.0181 -0.1668  1.0131  0.4720  0.0817  0.2308  0.5358  0.2036
  77  0.6191  0.9835  0.0432  0.1518 -0.0547  0.4569  0.6281 -0.1816  0.0673  0.3028 -0.2113
  78  0.9415  0.7191  0.0763  0.3934 -0.1523  0.3790  0.4124  0.3953  0.0637  0.3733  0.0056
  79  0.5724  0.6391  0.2746 -0.2205  0.4753  0.5633  0.3743 -0.1914  0.2444  0.1510 -0.1538
  80  0.7056  0.7880  0.2839  0.3965  0.2450  1.0358  0.3539  0.0358 -0.0748  0.3568  0.0534
  81  0.7159  0.8285  0.4717 -0.1499  0.1471  0.9657  0.3937  0.1773  0.0374  0.4123  0.1419
  82  0.6949  0.8356  0.2386  0.5315  0.8414  0.7609  0.5105 -0.4938  0.2255 -0.2049  0.3113
  83  0.8218  0.8752  0.4481  0.2087 -0.2323  0.8169  0.3545  0.1068  0.1921 -0.3513 -0.2765
  84  0.1721  1.0056  0.0279  0.1219  0.3020  1.0056 -0.0421  0.0750 -0.0112  0.3968  0.3193
  85  0.4573  0.9503 -0.0117  0.1888 -0.3006  0.6657  0.2659  0.1696  0.2589 -0.2112  0.2359
  86  0.5990  0.8979  0.3023 -0.2887  0.0815  0.9213  0.4985 -0.3287 -0.2573 -0.0578 -0.3639
  87  0.6354  0.8859  0.3417  0.2783  0.3903  0.8135  0.6107  0.0264  0.0281 -0.0405 -0.1526
  88  0.7800  0.9313  0.6052  0.4474 -0.0005  0.6905  0.1403  0.2407  0.3329  0.2091 -0.4323
  89  0.6969  1.1089  0.3174  0.2047  0.5226  0.5917  0.2719 -0.0434  0.6764  0.1317 -0.0871
  90  0.5891  1.0423  0.3317  0.1502  0.3383  0.5834  0.0433  0.0802  0.1234  0.2194  0.0577
  91  0.6610  0.9369  0.4165 -0.1392  0.0532  0.7604  0.0458  0.1690 -0.0971  0.5162 -0.0247
  92  0.8770  0.7030  0.2860 -0.0160  0.3397  0.4601  0.0760 -0.1518  0.4124 -0.0512  0.0909
  93  0.5730  0.4034  0.1090  0.0921  0.2186  0.5040  0.3810 -0.1119 -0.0440  0.0315 -0.4890
  94  0.5869  1.0952  0.8386  0.0831  0.2858  0.9459  0.3726 -0.0182  0.4167 -0.0590  0.1413
  95  0.6326  1.2368  0.4178 -0.2510  0.2693  1.0697  0.4030  0.0887  0.3574 -0.2119  0.0117
  96  0.5273  1.0451  0.3409 -0.0689  0.0781  0.9938  0.4389 -0.4725  0.1669  0.2176 -0.2348
  97  0.3989  1.1910  0.3378 -0.0272  0.0908  0.7679  0.2415 -0.0216 -0.0640 -0.1793  0.1179
  98  0.4341  0.7533  0.3772 -0.1674  0.5162  0.6235 -0.0490 -0.1038  0.2282  0.1416  0.2451
  99  0.4446  0.9109  0.2774  0.1070 -0.0059  0.8139  0.1941 -0.1339 -0.0563  0.4046  0.2184
 100  1.0902  1.2847  0.2448  0.0103  0.3944  1.3388  0.1218 -0.2324 -0.0412  0.2023 -0.1044
 101  0.6045  0.7219  0.4790  0.3522  0.3953  0.8451  0.0137 -0.0008  0.1305  0.4334  0.6473
 102  0.5989  1.1898  0.0378  0.2848  0.5577  1.1804  0.6319  0.3290  0.1710  0.4499  0.2205
 103  0.6978  0.7869  0.7668 -0.1492  0.1600  1.1340 -0.0386  0.1557 -0.0281 -0.0924  0.1621
 104  0.8100  0.9439  0.3450 -0.1061  0.4020  0.8354  0.0449  0.0291  0.1065 -0.5196  0.1490
 105  0.9821  1.0482  0.0392  0.5134  0.3605  1.2878  0.3317  0.0531  0.1737 -0.2591  0.3222
 106  0.6043  0.3864  0.5584 -0.4323  0.7559  1.1544  0.2892  0.1983 -0.3615 -0.0642  0.1408
 107  0.8403  1.1452  0.0786  0.0440  0.4727  0.9977  0.4806  0.4511 -0.5754  0.2677  0.0741
 108  0.3623  1.4182  0.5687  0.2829  0.3345  1.1427  0.0575  0.1392  0.3101 -0.1325  0.1935
 109  0.2843  0.8669  0.7370  0.0659  0.5154  1.0431  0.1286  0.4097 -0.1153 -0.2033  0.5488
 110  0.5743  0.8979  0.7635 -0.0019  0.4028  0.9757  0.2208  0.1658 -0.0855  0.3046  0.4949
 111  0.8260  1.0192  0.5532  0.2552  0.1788  0.9215  0.2263  0.0229  0.1938 -0.2668  0.1540
 112  0.5389  1.1700  0.7025 -0.0146  0.5723  0.7518  0.3782 -0.1640 -0.1945  0.4014  0.1085
 113  0.2251  0.7401  0.5683 -0.3934  0.8648  0.5718  0.0851 -0.1052 -0.1489 -0.1664  0.1983
 114  0.1738  0.8831  0.5178  0.1292  0.5426  1.1086  0.1185  0.0803  0.0509 -0.3814  0.2045
 115  0.2776  1.1172  0.4320  0.3521  0.4548  0.6521 -0.1264 -0.1367 -0.0921 -0.2853  0.2675
 116  0.6726  0.8926  0.7659  0.1187  0.5279  0.9345  0.2242  0.1179 -0.2717 -0.2285  0.1225
 117  0.8211  0.9096  0.5291 -0.3795  0.5812  0.9047  0.0840  0.1505 -0.2119  0.0918  0.0217
 118  0.5560  0.8026  0.6022 -0.0537  0.4369  1.1881 -0.1022 -0.1765 -0.0874  0.2877  0.2802
 119  0.8888  0.9487  0.6385 -0.0435  0.3738  0.8683 -0.0130  0.4992 -0.1448  0.2147  0.3890
 120  0.5126  0.9000  0.3332  0.0564  0.5013  0.8980 -0.2085  0.6545 -0.0416 -0.3750  0.1613
 121  0.6680  0.6357  0.4468  0.2265  0.7404  1.4344  0.0044 -0.0628 -0.1137 -0.0023 -0.0139
 122  0.4979  0.8170  0.2830  0.0206  0.8075  1.0723 -0.0270  0.1629 -0.2058  0.0118  0.4753
 123  0.2079  1.2733  0.4234  0.0713  0.7148  1.0533 -0.3850  0.1894  0.2224 -0.0293  0.1648
 124  0.5360  0.8687  0.7056 -0.2242  0.6247  1.2113  0.2251 -0.1083  0.0712  0.1832  0.0838
 125  0.6628  0.8899  0.7816  0.2338  0.8662  0.8499  0.1480  0.1850  0.2936  0.0408  0.3386
 126  0.7353  0.9108  0.8213 -0.1870  0.8085  0.9388  0.1752 -0.2204 -0.1836  0.5559  0.1437
 127  0.8147  0.5891  0.5052  0.2215  0.6414  1.0391 -0.0382 -0.1033  0.4911  0.2666  0.3392
 128  0.6402  1.0385  0.1623 -0.0254  1.0041  1.0815  0.2372 -0.1604 -0.4311 -0.1906  0.2230
 129  0.4702  0.8408  0.1245  0.0586  0.9920  1.0655  0.2643  0.0426 -0.4616  0.1462  0.2652
 130  0.5447  1.0387  0.5298 -0.2485  0.3850  0.6498 -0.2869 -0.2059 -0.3044  0.0616  0.1585
 131  0.4894  1.0930  0.9759 -0.0590  0.7425  0.7344  0.1732  0.1275  0.0295 -0.1622  0.4315
 132  0.6129  0.9740  0.3039  0.0065  0.4169  1.4391 -0.3176 -0.2425 -0.2870 -0.0745  0.3137
 133  0.5598  1.1255  0.4515  0.2749  0.4212  0.7679  0.1176 -0.1803 -0.0254 -0.1332  0.5396
 134  0.3967  0.9910  0.3475 -0.3310  0.7910  0.9510  0.3829 -0.2191 -0.2645  0.3769 -0.1134
 135  0.4468  0.7350 -0.0122  0.0797  0.6084  1.0607 -0.0840  0.1081  0.1100 -0.1643  0.3726
 136  0.6583  1.0375  0.0986 -0.1071  1.1076  0.8325  0.2005  0.2992  0.2178 -0.1348  0.4787
 137  0.5230  1.0908  0.9287 -0.3260  1.0250  1.0742 -0.4502  0.0966  0.1528  0.0296  0.1990
 138  0.5824  1.3285  0.7350  0.2178  0.5613  1.2057  0.3732  0.0370  0.3745  0.6501  0.1854
 139  0.1811  1.3069  0.5546  0.0861  0.9572  1.2517  0.1301 -0.1267  0.2210 -0.1486  0.2426
 140  0.3862  1.0963  0.9381  0.0213  0.6923  0.8394  0.0174 -0.2254 -0.1810 -0.2531 -0.2511
 141  0.5418  0.9746  0.6273 -0.4062  0.5780  0.9061 -0.0291  0.0673  0.0895  0.0494  0.3217
 142  0.1543  0.7886  0.4163  0.1418  0.5954  0.7530  0.4145 -0.0276 -0.0917 -0.0691  0.5564
 143  0.6814  0.9903  0.6605  0.0165  0.6619  1.0276  0.2269  0.0361 -0.0097 -0.3601  0.0649
 144  0.2706  0.8595  0.0247  0.2974  0.7732  1.0062 -0.2797 -0.1128  0.1524 -0.1052  0.7425
 145  0.0956  1.2634  0.3012  0.1666  0.9392  0.7881  0.3263 -0.0762 -0.3063 -0.1244  0.6343
 146  0.1949  1.0773  0.3370 -0.0086  0.5763  1.2662 -0.1287  0.1091  0.0358 -0.2868  0.0875
 147  0.7477  0.8583  0.3680  0.0435  0.8212  0.9948 -0.1018  0.1511 -0.1734  0.1214  0.1127
 148  0.2272  0.5739  0.6675 -0.1163  1.0003  0.9624 -0.2521 -0.2663  0.0718 -0.1797  0.3992
 149  0.5509  0.6807  0.2338  0.2778  0.6729  0.5455  0.1923  0.3600  0.1640  0.0007  0.1706
 150  0.3167  1.0691  0.5230  0.0745  0.6796  0.8334 -0.0834  0.3111  0.0930 -0.1921  0.1402
 151  0.7816  1.2062  0.4583 -0.0733  0.6586  1.1657  0.2842 -0.1004 -0.0805  0.0784  0.3845
 152  0.1147  1.3181  0.3877 -0.3331  0.9266  0.7960 -0.1968 -0.0777  0.1078  0.3102  0.2915
 153  0.8122  1.1276  0.4584  0.5247  0.8205  0.9343  0.1563  0.0398 -0.1859 -0.0494  0.8284
 154  0.4935  1.0176  0.4268 -0.0072  1.0584  1.1941  0.2288  0.0740  0.2418  0.0044  0.2717
 155  0.4570  0.7301  0.4455  0.0130  0.7456  1.2922  0.1159  0.0292 -0.0709 -0.1391  0.1342
 156  0.7633  1.2931  0.2787 -0.0414  0.7855  1.0539  0.0404 -0.0774  0.1372  0.0032 -0.0082
 157  0.5054  1.0578  0.4250 -0.0876  0.8798  0.9433 -0.2946  0.0282 -0.0424  0.1263  0.3022
 158  0.6291  1.1923  0.3485  0.4520  0.7981  0.9152 -0.0920  0.0405 -0.3308  0.3795  0.3265
 159  0.6626  1.3133  0.5502  0.0224  0.7217  1.2495  0.2478 -0.2617  0.0885  0.0864  0.3553
   0  1.0877  0.0111 -0.0342 -0.5370 -0.1233 -0.0335  0.6408  0.5983  0.0394  0.1140  0.3009
   1  0.3927 -0.1750  0.0980 -0.2116 -0.1353 -0.1976  0.9715  0.7394  0.2379  0.1454  0.3404
   2  0.8886  0.0618  0.1845 -0.1624  0.2691 -0.2418  0.5519  0.7155  0.1354 -0.3378  0.0224
   3  0.7613  0.0687  0.1847 -0.0166  0.2071  0.0561  0.5176  0.5684  0.2401  0.0425  0.1979
   4  0.6764  0.3791  0.2862  0.0662  0.5158  0.3006  0.8463  0.6811 -0.0325  0.0141  0.4280
   5  0.9306 -0.0092  0.2195 -0.0402 -0.0573  0.0439  0.7041  0.2305 -0.0089  0.4304  0.5357
   6  0.1644  0.2175 -0.3364  0.0185 -0.0751 -0.1468  1.3533  0.7639  0.0518  0.2810 -0.0108
   7  0.5036  0.3172 -0.4219 -0.0588  0.4715 -0.1825  0.5977  0.4391  0.1649 -0.3798  0.4614
   8  0.3688  0.3895 -0.0518  0.1785  0.1787  0.2613  1.2079  0.2326  0.0857 -0.3132 -0.1887
   9  0.2547 -0.0376 -0.4220  0.2477  0.1499  0.0330  0.8426  0.4421  0.0449 -0.0489  0.2179
  10  0.2374 -0.4558 -0.2945  0.0671 -0.2124 -0.1496  0.8521  0.6906 -0.0660  0.3297  0.1306
  11  0.0944 -0.0030 -0.2585  0.2939 -0.1513 -0.0457  0.9268  0.3049  0.1304  0.0942  0.2014
  12  0.6452  0.3943  0.0791  0.3021 -0.0739  0.1343  0.8333  0.1441  0.0235 -0.0593  0.2554
  13  0.2175 -0.0404  0.0739 -0.0034  0.2096 -0.2795  0.9696  0.1384  0.0040  0.2964  0.0551
  14  0.1775  0.0212 -0.0880 -0.0548 -0.1288 -0.2204  0.5254  0.3270  0.4333 -0.0055  0.5201
  15  0.1458  0.1146  0.1291 -0.2315  0.1222  0.2409  0.9560  0.3227 -0.1389  0.1029  0.2924
  16  0.1845 -0.0520 -0.1873  0.4223  0.0832 -0.2254  0.9926  0.4707  0.3629  0.1875  0.2539
  17  0.2120  0.0477 -0.2970 -0.0373 -0.0472 -0.1276  0.9583  0.0293  0.3900 -0.1891  0.1580
  18 -0.0948  0.3772  0.0084  0.0052  0.1206  0.0011  1.1319  0.2018  0.5622  0.1963  0.9945
  19  0.0794  0.2525 -0.0936 -0.4596 -0.0032  0.2461  1.1180  0.1015  0.0038 -0.2548  0.3931
  20 -0.0293  0.1378 -0.0582 -0.2033  0.0075 -0.3539  1.1008  0.1244  0.4581 -0.3268  0.3430
  21  0.5880  0.0990  0.0696  0.1629  0.1011 -0.2574  0.8360  0.5383 -0.1583 -0.1318  0.3655
  22 -0.0373  0.1461 -0.0099  0.0398  0.3072  0.2507  1.0459  0.0691 -0.1114  0.1398 -0.0393
  23 -0.1799  0.1003  0.1182 -0.1767 -0.3528 -0.2626  1.3160 -0.0472 -0.1108  0.3897  0.3184
  24  0.6201  0.1429 -0.0417  0.0166 -0.1627 -0.1344  0.9611  0.3612 -0.0618 -0.3253  0.1370
  25  0.3246  0.2179  0.1384  0.0481 -0.2944  0.1887  0.8618  0.3756  0.0528  0.2266  0.2973
  26  0.2611 -0.0188 -0.2884  0.2464 -0.2271 -0.2282  0.7055  0.0792  0.0182 -0.0074  0.3546
  27  0.0418  0.1366 -0.3622 -0.1508 -0.1868 -0.0807  1.1278  0.2294  0.2251  0.1167  0.1788
  28 -0.1524  0.1696 -0.1635  0.3008  0.0344  0.3242  0.7519  0.4893  0.2381  0.4244  0.4379
  29 -0.0574  0.2807  0.1251 -0.1786 -0.1354 -0.1092  1.2409  0.6549 -0.0525  0.3769  0.0779
  30  0.0709  0.1644 -0.4683  0.1785  0.1427 -0.1947  0.8592  0.2658 -0.0154  0.3940  0.6528
  31 -0.1882  0.4677 -0.2173  0.4088  0.1680  0.4198  0.9979 -0.0868  0.4476  0.2778  0.5239
  32  0.2799  0.1570  0.1014 -0.2283 -0.1107  0.2589  0.8492  0.0752 -0.0871 -0.0316  0.2876
  33  0.3643  0.2598 -0.1143 -0.1276 -0.0294  0.1113  1.3211  0.2727  0.1196 -0.0196 -0.1257
  34  0.3708  0.1138 -0.2179  0.0627  0.1860  0.0604  0.9119  0.6325  0.1356  0.1323  0.0761
  35  0.4893  0.0318 -0.0038 -0.3209 -0.0861 -0.2666  1.2756 -0.0834  0.2034  0.3827  0.4907
  36 -0.0290  0.3516 -0.0182 -0.0451 -0.1157  0.2835  1.0270 -0.0224  0.1461  0.3467  0.6699
  37  0.2678  0.2350 -0.1193 -0.0915  0.2717 -0.0018  0.7741  0.2174  0.0939 -0.3585  0.5667
  38  0.0982  0.2915 -0.1155  0.0695  0.0919  0.2069  0.8200  0.0855  0.2695 -0.0225  0.3028
  39  0.1649 -0.1033  0.3725  0.1690 -0.2292 -0.0910  1.1362  0.3344  0.0603 -0.2292  0.1863
  40  0.1133  0.0066 -0.3586 -0.0307 -0.2032  0.0789  0.8226  0.0676 -0.0286 -0.1440 -0.1182
  41 -0.2045  0.0458  0.1811  0.5989 -0.1597  0.0633  0.9164 -0.0008 -0.0237 -0.0524  0.3554
  42 -0.3441  0.2706 -0.3308 -0.2096 -0.2905  0.0094  1.0498  0.4240  0.1219 -0.2561  0.2896
  43  0.2139 -0.0654 -0.1120 -0.1387  0.1398  0.3990  1.0249  0.1886 -0.1492 -0.1398  0.4096
  44  0.4388 -0.0831 -0.1144  0.2411  0.2891  0.0780  0.9244  0.4508  0.0510 -0.0593  0.6779
  45  0.2477  0.2514  0.2375 -0.3503  0.0788  0.0205  0.9572  0.9213  0.2360  0.0105  0.3597
  46 -0.0306  0.2036 -0.5809 -0.0815 -0.0089 -0.2372  1.1679 -0.1163 -0.1025 -0.1092  0.3852
  47  0.0896 -0.5806 -0.1204 -0.0559 -0.2271  0.1012  1.1040  0.3487  0.1054 -0.2466  0.6327
  48 -0.0208 -0.3303  0.0529  0.1927 -0.0532  0.0375  0.8000  0.4531  0.2251  0.3237  0.5728
  49  0.1971 -0.0875  0.3266 -0.0154 -0.4172  0.1158  0.8041  0.5436 -0.0255  0.1830  0.1642
  50  0.0460  0.0357 -0.0751  0.0536 -0.0559 -0.0776  1.0716  0.4628  0.2835  0.0419  0.3536
  51  0.1060  0.2929  0.0739 -0.0750  0.2135 -0.1948  0.7768  0.4504  0.3292  0.2208  0.3180
  52 -0.0283  0.0258  0.3885 -0.2618 -0.2647  0.1525  0.9975  0.4878 -0.1471 -0.0817  0.4247
  53 -0.0674  0.0863  0.1208 -0.0101  0.2147  0.3025  0.8838  0.5024 -0.0529 -0.0194  0.5585
  54  0.0959 -0.0991 -0.3037  0.0170  0.0235  0.0320  0.8572  0.5487 -0.0701 -0.2285  0.2218
  55 -0.1907  0.1471  0.0521  0.4489  0.1837 -0.0695  0.8193  0.6974 -0.2077 -0.1987  0.6119
  56  0.1262 -0.1032 -0.1252 -0.2408  0.2191  0.4327  0.7247  0.5516  0.1058  0.0745  0.7331
  57 -0.0287  0.1009 -0.0423 -0.0101  0.1181 -0.2206  0.8768  0.5978  0.1765 -0.0830  0.8443
  58 -0.0436 -0.0926  0.1624 -0.2098 -0.6317  0.1009  1.3494  0.8276  0.4542  0.2198  1.1568
  59 -0.0882 -0.0700 -0.2399  0.3480  0.2082 -0.0956  1.0003  0.8026  0.1671 -0.2326  0.7320
  60 -0.1234  0.4044 -0.1279  0.3935 -0.3181  0.0227  1.1778  0.6220 -0.0203 -0.0692  0.5739
  61 -0.2868 -0.1426 -0.3251 -0.3573 -0.1115  0.0400  0.8477  0.8595 -0.1771  0.1408  0.5755
  62  0.1054  0.4008  0.2155  0.2014 -0.0500  0.0611  0.8335  1.2029  0.0051 -0.2581  0.9371
  63 -0.3256  0.0777 -0.0239 -0.0970  0.0134  0.2537  1.0001  0.8717 -0.1082  0.0271  0.6694
  64 -0.1913  0.2908 -0.0205  0.2364 -0.3933  0.2673  0.9193  0.6931  0.0074  0.3566  0.4722
  65 -0.3694  0.0739 -0.3149 -0.0070  0.1594 -0.2657  1.1355  0.8922  0.1584 -0.1748  0.7773
  66  0.4662  0.0797  0.2903  0.0877 -0.1048 -0.3199  0.9972  1.0402 -0.1417 -0.3520  0.4441
  67  0.0810 -0.2084  0.1196  0.1957  0.0566 -0.2968  0.8695  0.7812 -0.0962 -0.0854  1.0706
  68  0.2823 -0.0769  0.0434  0.0190  0.0872  0.0544  0.7775  0.8630 -0.2389  0.1807  0.6142
  69  0.0051  0.3809 -0.0632  0.0330 -0.0766  0.2471  1.0657  1.0950 -0.0673  0.1858  0.8453
  70 -0.2754 -0.0990 -0.0696 -0.2426  0.0211  0.3344  1.1187  1.2697  0.3598 -0.0209  0.7365
  71 -0.0870 -0.0680 -0.0917  0.0747 -0.3694  0.1636  1.0781  0.9049 -0.1263 -0.0287  0.9142
  72  0.1837 -0.0543  0.0373 -0.0396 -0.2392 -0.2524  1.0288  0.3807  0.3898  0.2041  0.8532
  73  0.0051  0.1480  0.3404 -0.3106 -0.1926  0.0073  1.3812  0.8501  0.0379  0.2318  0.9346
  74 -0.0529 -0.0011  0.2163 -0.0809 -0.3128 -0.1653  0.9889  1.0578  0.0828 -0.0002  0.7273
  75  0.0015 -0.2061 -0.1298 -0.0599  0.3866  0.2214  1.2387  0.8697  0.2236  0.3497  0.9191
  76 -0.1713  0.0321  0.0387 -0.0681 -0.1198  0.3727  1.3776  1.1147  0.1292  0.2035  0.9024
  77 -0.0346 -0.0973 -0.0147  0.1092 -0.1319  0.2052  1.0262  0.9210  0.0352 -0.0550  0.8907
  78 -0.0989 -0.0342  0.3475 -0.1812  0.3108  0.0158  0.9411  0.8282  0.0176 -0.0481  0.7409
  79 -0.0822  0.3235  0.3040 -0.3181 -0.0914 -0.0263  0.9508  0.9803  0.1698  0.5849  0.6830
  80 -0.1756 -0.0808  0.3221 -0.0551 -0.1880  0.2396  0.5910  1.0545 -0.2363  0.1964  1.1309
  81  0.0405 -0.1266 -0.4118 -0.0933 -0.1177  0.0394  0.9240  0.8411  0.1342  0.1075  0.9364
  82 -0.1206  0.0939 -0.1466  0.0971 -0.0200 -0.1434  0.6564  0.9276 -0.3100 -0.0414  0.7478
  83 -0.1867  0.1744 -0.6211  0.1164  0.2307  0.1864  1.3635  0.6114  0.3439 -0.2116  0.6754
  84 -0.0396 -0.0603  0.3642 -0.0298  0.2351 -0.3310  0.4689  1.0995 -0.1255  0.1378  1.0792
  85 -0.3331  0.1392 -0.4732  0.0531  0.0960 -0.1345  0.5141  0.8005 -0.0274  0.0068  0.8050
  86  0.0136  0.1027 -0.1728 -0.4293  0.1876  0.2438  1.1786  0.9842  0.1384  0.0793  1.2105
  87  0.4829  0.4915 -0.1094  0.1011 -0.1822 -0.0026  0.8142  0.8323 -0.2048  0.2542  0.6094
  88  0.1102  0.2340 -0.2533  0.0761  0.1491 -0.3939  1.0907  1.0825 -0.0191  0.0083  0.5883
  89 -0.2208  0.0575  0.0164 -0.1249  0.0695  0.0500  0.9952  0.6927  0.1523  0.2141  0.6094
  90  0.1494 -0.2979  0.0458 -0.2823 -0.1794  0.1897  0.8638  0.8065  0.0387  0.0511  1.4690
  91 -0.4193 -0.2815  0.1665 -0.1325  0.0837  0.1199  1.2469  1.1603  0.2952  0.2173  0.6344
  92  0.2210  0.3730  0.2685 -0.3662  0.1831 -0.2292  1.0884  0.9056  0.6135 -0.0386  1.0477
  93 -0.2897 -0.1651  0.3666 -0.1383  0.0285  0.2877  1.0046  0.9306 -0.1912  0.1871  1.0744
  94 -0.2620  0.1145  0.2397  0.1368  0.3892  0.1100  0.9032  0.6957  0.2744 -0.2511  0.4329
  95 -0.3260  0.0687 -0.2039  0.1365 -0.1465  0.1149  0.9293  0.7311  0.1499  0.0145  0.9789
  96 -0.0966 -0.1178  0.1786  0.2344  0.3638  0.2259  0.8938  1.0267 -0.0411 -0.0600  0.8030
  97  0.1086  0.2012  0.1225 -0.2212  0.1508  0.4723  1.0062  0.7807  0.1354  0.2505  1.3636
  98  0.2245 -0.0747  0.0124 -0.0189 -0.0062 -0.1433  1.0963  1.0956 -0.1204 -0.0871  1.1277
  99  0.0354  0.3011  0.0801 -0.3963 -0.3071 -0.0435  0.8166  0.8057 -0.0895 -0.0942  0.9086
 100  0.0635 -0.0742  0.2221  0.2997 -0.0287 -0.0443  0.9467  1.0451  0.0346 -0.5050  0.7811
 101  0.0111  0.3274  0.1443 -0.2912  0.0490 -0.2437  0.6540  0.6351  0.2160 -0.4660  1.0390
 102 -0.1220 -0.3332  0.4685  0.0778 -0.2982  0.1745  1.1082  1.2839 -0.0386 -0.0104  0.9942
 103 -0.3845 -0.0333 -0.0857  0.0165  0.1043  0.2516  0.8235  0.9876  0.1097 -0.1020  1.0528
 104  0.1963 -0.0877  0.4240 -0.1842  0.1118 -0.2900  0.9162  0.7697  0.3163  0.1216  1.1194
 105  0.2499 -0.0676 -0.0300  0.0486 -0.1727 -0.5224  1.0034  1.0776 -0.0867  0.5937  0.6613
 106 -0.1495  0.0451 -0.3236  0.0891 -0.1127 -0.0871  0.7404  1.2716  0.1373  0.0420  1.1879
 107 -0.0640 -0.0170 -0.3705 -0.3996  0.0736  0.3306  0.8845  1.2251  0.1418  0.4421  0.9102
 108 -0.0765 -0.1829 -0.1546  0.3006  0.3958 -0.1407  1.2819  1.0934  0.3111  0.0162  1.0547
 109  0.0537 -0.1412 -0.0798 -0.1890  0.2510 -0.5665  0.9349  0.4327 -0.0948 -0.0370  1.0976
 110 -0.3667  0.3069 -0.2235 -0.0793  0.1142 -0.3439  0.7450  0.8615 -0.1770 -0.1096  1.1801
 111 -0.2633 -0.0614 -0.2294 -0.3142 -0.1785  0.0662  0.9776  0.9347 -0.1002  0.2452  0.6449
 112 -0.0328 -0.0030  0.2537 -0.1424 -0.7228  0.2794  0.7897  0.8693 -0.0069  0.0209  1.2679
 113  0.0427 -0.2117 -0.4428  0.0512  0.4080 -0.1619  1.1083  1.1654  0.0210 -0.0696  0.8686
 114 -0.4341 -0.2342 -0.0652 -0.1289  0.0398 -0.2357  0.7935  0.8450  0.0198  0.0857  1.1017
 115 -0.4854  0.1079 -0.0930 -0.5000 -0.3606 -0.0298  0.8410  1.2787  0.0569  0.0100  1.1957
 116  0.0275  0.0997 -0.2746  0.2045 -0.5082  0.3140  0.9625  1.0736  0.0746  0.1885  0.4903
 117  0.0624 -0.0545 -0.1127 -0.0993 -0.1700  0.2942  1.1731  0.8946  0.4569 -0.1192  0.7521
 118 -0.3902 -0.2401  0.1268  0.2678 -0.4448 -0.1018  0.7593  1.0955  0.0250  0.2877  0.9873
 119  0.3739 -0.1448 -0.3066  0.0969  0.2848 -0.1577  1.0092  1.1679  0.0145 -0.0064  0.7735
 120 -0.2509 -0.2269  0.3830  0.3695 -0.2432 -0.0134  1.2758  0.9994 -0.1059 -0.0015  1.1084
 121  0.3936  0.0777 -0.4305 -0.2948  0.0806  0.1749  1.3131  1.1142  0.0153  0.0636  0.8663
 122  0.0615  0.2476  0.0367 -0.0009 -0.1577 -0.0900  1.0838  0.9354 -0.0527 -0.0668  0.5992
 123  0.2193  0.1197 -0.0223  0.3069  0.0531  0.0656  0.9818  0.7898  0.1422  0.0987  1.1095
 124  0.2446 -0.3349 -0.1409 -0.1203 -0.7415 -0.4319  0.9786  0.9733 -0.2159 -0.2108  0.7648
 125  0.1230 -0.1737  0.0405 -0.1943 -0.1751  0.0151  0.6567  0.7230  0.0113  0.0424  0.9682
 126  0.0725 -0.0246  0.1071 -0.2492 -0.3468  0.0993  1.1815  0.9269 -0.0015  0.0170  1.1059
 127  0.0617 -0.0357 -0.0716  0.0774  0.1502 -0.2714  1.1209  0.9763  0.4044  0.1514  1.2230
 128 -0.0333  0.4324  0.0569  0.0645  0.1996 -0.0722  1.1792  0.8674 -0.0070  0.4153  1.0260
 129  0.0611  0.1815 -0.1788  0.1202  0.1763 -0.5434  1.0361  0.8220  0.0006 -0.3164  1.0912
 130  0.0225 -0.0545  0.1481  0.1524 -0.1645 -0.1996  0.9978  0.9926 -0.3013  0.2160  1.4129
 131  0.0872 -0.1428 -0.1625 -0.0239  0.1949  0.1090  0.9943  1.2007  0.1894  0.0212  1.0891
 132 -0.1462  0.0217 -0.1103  0.0938  0.2017  0.1077  1.1824  1.1996  0.2970  0.3974  1.0255
 133 -0.2389  0.2942 -0.2059  0.0542 -0.0138 -0.0104  1.2436  1.1150  0.2229 -0.3762  0.8226
 134  0.3029  0.2344  0.3081  0.2525 -0.2705  0.2542  0.6790  1.1112 -0.4524 -0.1203  1.0601
 135  0.1035  0.0023  0.1164  0.2884  0.0109 -0.1406  1.1776  1.0124  0.3232  0.0099  0.9208
 136  0.4242  0.1208 -0.3582 -0.1663 -0.0665  0.1969  0.8088  1.2159 -0.2180  0.1786  0.6177
 137  0.0283 -0.2711 -0.1084 -0.0652 -0.2839 -0.2139  1.1316  0.9593 -0.0299  0.3707  1.1467
 138  0.3344  0.0761  0.0504 -0.0951  0.2490 -0.0877  0.9171  0.7255 -0.3404 -0.2442  0.6732
 139  0.2578 -0.3079 -0.0933  0.1879  0.1466 -0.3696  0.5564  0.8301 -0.3237 -0.4030  1.4707
 140  0.1301  0.0391 -0.2445  0.4125 -0.1271 -0.2573  1.3442  0.8135 -0.0080 -0.0547  0.7527
 141 -0.3978  0.1544 -0.1937  0.0268  0.1155  0.0648  0.8553  1.5143  0.0550  0.1960  1.0431
 142 -0.1066  0.3745  0.0342  0.3221  0.2011 -0.0601  0.6872  1.1024  0.3759  0.5207  1.0285
 143 -0.1852  0.2153  0.1383  0.0964 -0.1407 -0.5159  1.0274  1.2157  0.0236 -0.0827  0.5326
 144  0.0788  0.1654 -0.3935  0.0679  0.2415  0.0166  1.2459  1.0290  0.1542  0.2888  0.8633
 145  0.0300 -0.2434 -0.2362 -0.1426 -0.0078 -0.2239  1.2263  0.9813  0.3512  0.0335  1.0249
 146 -0.0715 -0.2920  0.2494 -0.0272  0.4162  0.0307  0.5001  1.4715  0.1613  0.3497  1.2115
 147  0.2245 -0.0640  0.0943  0.3545  0.0839  0.2152  1.0332  1.4002  0.2041 -0.2498  1.1668
 148 -0.4332 -0.0573 -0.0145  0.0360 -0.1722  0.1234  1.1972  0.9044 -0.1505 -0.3576  0.6641
 149  0.1510  0.2120 -0.7713  0.0629 -0.2532 -0.2258  1.1945  0.9917 -0.3120 -0.5480  1.0102
 150 -0.3621  0.2368  0.3844 -0.1720 -0.1344 -0.0334  1.0262  0.9430  0.0686 -0.3304  1.0857
 151 -0.0591 -0.0754 -0.2806 -0.1087  0.0667 -0.0782  1.0891  0.9429 -0.0638  0.0012  1.2138
 152 -0.4668  0.1045  0.2160  0.1346 -0.1658 -0.4431  0.7510  0.9046  0.4181 -0.2623  0.8147
 153 -0.1740  0.0438  0.2413  0.1562 -0.1295  0.2674  0.7560  0.9253  0.0333  0.0260  0.9019
 154 -0.0786 -0.3316  0.2268  0.1898  0.0806 -0.1470  1.0940  1.0353  0.3572  0.2348  1.1872
 155 -0.0348 -0.1170  0.0734  0.1092  0.0376 -0.0406  0.6500  1.2682  0.1757 -0.0046  0.6048
 156 -0.1419 -0.1183  0.1444 -0.1290  0.2522 -0.0844  0.9846  1.0540 -0.0505  0.5072  1.3660
 157  0.0499  0.0875 -0.1531  0.1920 -0.2156 -0.1960  1.0446  0.9287  0.2261  0.0166  0.7975
 158  0.2643  0.3084 -0.1068 -0.0447  0.3587  0.4120  1.6508  0.9390  0.1871  0.4814  0.5561
 159  0.0677  0.2048  0.2935 -0.1098  0.1558 -0.1976  0.4889  0.9646  0.1100 -0.0030  0.8127
