# model = krumsiek11.txt 
# tmax = 160
# branching = True
# nrRealizations = 10
# noiseObs = 0.046415888336127774
# noiseDyn = 0.001
# seed = 0
# it   Gata2   Gata1    Fog1    EKLF    Fli1     SCL   Cebpa    Pu.1    cJun  EgrNab    Gfi1 
   0  0.8325  0.0055  0.0512  0.0917  0.0122  0.1135  0.8083  0.7998  0.0169  0.0371  0.0201
   1  0.7325 -0.0405  0.0099 -0.0018 -0.0037 -0.0402  0.8194  0.7072  0.1036  0.0234  0.0824
   2  0.6870  0.0567 -0.0210 -0.0577 -0.0027 -0.0983  0.8009  0.6512  0.0795  0.0271  0.1706
   3  0.5863 -0.0118 -0.0239 -0.0296 -0.0080  0.0077  0.8175  0.5885  0.1095  0.1018  0.2407
   4  0.4354 -0.0019 -0.0203 -0.0359 -0.0184 -0.0094  0.8686  0.5520  0.1484  0.0263  0.1868
   5  0.4252 -0.0405  0.0479  0.0307 -0.0359  0.0071  0.8886  0.4773  0.1151  0.0228  0.1216
   6  0.5004  0.0341 -0.0218 -0.0252 -0.0095  0.0665  0.8865  0.4090  0.1720  0.0178  0.2394
   7  0.4447  0.0625  0.0569 -0.1630  0.0093 -0.0400  0.9501  0.4325  0.1957  0.1472  0.1479
   8  0.3687 -0.0085  0.0404 -0.0430 -0.0995 -0.0799  0.9189  0.4115  0.1730  0.0741  0.0974
   9  0.3415  0.0391 -0.0036 -0.0080  0.0138 -0.0118  0.8652  0.2327  0.2480  0.0415  0.1690
  10  0.1981  0.0248 -0.0143  0.0110 -0.0027 -0.0206  0.9591  0.3862  0.1345  0.1826  0.0681
  11  0.3682  0.0632  0.0192 -0.0717 -0.0376  0.0421  1.0092  0.2841  0.2304 -0.0461  0.1061
  12  0.2657 -0.0011 -0.0134 -0.0138  0.0715  0.0659  0.9134  0.2295  0.2926  0.0917  0.0784
  13  0.2360 -0.0321 -0.0176  0.0252 -0.0253 -0.0052  0.9550  0.2636  0.1964  0.0876  0.0675
  14  0.1318  0.0598 -0.0266 -0.0536 -0.0795 -0.0489  0.9027  0.1612  0.1598  0.1978  0.1152
  15  0.2425  0.0647 -0.0471  0.0147  0.0218 -0.0437  0.8860  0.2711  0.2223  0.0502  0.1410
  16  0.2057 -0.0123  0.0541 -0.0169  0.0756  0.0872  0.9993  0.2251  0.1693  0.1335  0.0942
  17  0.2228  0.0715 -0.0036  0.0231 -0.1280  0.0022  1.0181  0.2208  0.3381  0.2269  0.1504
  18  0.2208  0.0290  0.0163  0.0424  0.0271  0.0194  1.0079  0.1724  0.3433  0.1537  0.1075
  19  0.1102  0.1192  0.0561 -0.0025 -0.0380  0.0747  0.9437  0.2341  0.3694  0.2313  0.0903
  20  0.0707  0.1687 -0.0264  0.0261  0.0161  0.0620  0.9669  0.2059  0.3597  0.2573  0.0071
  21  0.2112  0.1322 -0.0311 -0.0260  0.0148  0.0475  0.9301  0.1797  0.3164  0.2002  0.0805
  22  0.2421  0.0895 -0.0269  0.0687 -0.0304 -0.0245  0.9638  0.2080  0.3361  0.2350 -0.0195
  23  0.1687  0.1497  0.0261  0.0494  0.0372  0.1369  0.9841  0.2747  0.4609  0.2652  0.0740
  24  0.1733  0.1172  0.0054  0.0845 -0.0290 -0.0385  1.0303  0.2274  0.3954  0.3138  0.0784
  25  0.1346  0.0583 -0.0600 -0.0600 -0.0242  0.0570  0.9585  0.1720  0.4773  0.3513  0.0868
  26  0.1346  0.1254 -0.0015 -0.0044  0.0166  0.0335  0.9885  0.1562  0.4852  0.3487 -0.0008
  27  0.1335  0.1343 -0.0503 -0.0142  0.0235  0.0939  0.9220  0.1630  0.5248  0.3760 -0.0113
  28  0.1202  0.0459  0.1133  0.0348 -0.0384  0.1126  1.0256  0.1964  0.4546  0.4585  0.0103
  29  0.2658  0.0588  0.0127  0.0257  0.0143 -0.0155  1.0644  0.1688  0.5258  0.5334 -0.0947
  30  0.2305  0.0904  0.0806  0.0721  0.0465  0.0125  1.0514  0.0648  0.4886  0.4790  0.0476
  31  0.1022  0.1252  0.0944 -0.0145 -0.0111  0.0458  1.1021  0.1699  0.6415  0.5763 -0.0231
  32  0.0775  0.0412 -0.0155  0.0171 -0.0398  0.0436  0.9882  0.2601  0.5763  0.5224  0.0412
  33  0.1672  0.0375 -0.0225  0.0445  0.0486  0.0327  0.9262  0.1255  0.5403  0.5288  0.0752
  34  0.1420  0.0288 -0.0281  0.0316  0.0604  0.0472  0.9364  0.1481  0.6340  0.5450  0.0954
  35  0.1413  0.1520 -0.0233  0.0770  0.0109  0.1590  0.9959  0.2668  0.6534  0.6097  0.0010
  36  0.1357  0.0758  0.0177 -0.0246 -0.0192  0.0806  1.0514  0.2137  0.6509  0.6275 -0.0224
  37  0.1464  0.0520  0.0443  0.0020  0.0712  0.0950  0.9615  0.2428  0.6739  0.5882 -0.1104
  38  0.1270  0.1295 -0.0377  0.1153 -0.0065  0.1501  0.9699  0.2461  0.6901  0.5530  0.0738
  39  0.1751  0.0833  0.0719  0.0693  0.0497  0.1248  1.0531  0.1685  0.7002  0.6209  0.0206
  40  0.1150  0.0990 -0.0143  0.1721  0.1262  0.0788  0.9240  0.2296  0.7251  0.5890  0.0441
  41  0.0616  0.1742 -0.0621  0.0512  0.0610  0.1135  0.9646  0.1784  0.7041  0.6836  0.0096
  42  0.1667  0.1031  0.0234  0.0601  0.0125  0.0648  1.0442  0.1701  0.7355  0.6111  0.0181
  43  0.0595  0.1368 -0.0243  0.0615  0.0321  0.1785  0.9967  0.2766  0.8121  0.7234  0.0253
  44  0.0483  0.0682 -0.0403 -0.0384  0.0319  0.0381  1.0316  0.2192  0.7156  0.6728  0.0033
  45  0.1364  0.0895  0.0581  0.0174 -0.0349  0.0696  0.9805  0.2350  0.6711  0.6569  0.0304
  46  0.1242  0.0513 -0.0215  0.0193  0.0266  0.1373  0.9307  0.1611  0.8078  0.6665  0.0788
  47  0.0843  0.0764  0.0801 -0.0349  0.0979  0.0928  1.0018  0.1922  0.7134  0.7421 -0.0428
  48  0.2143  0.1707  0.1048 -0.0004  0.0866  0.1975  0.9153  0.1285  0.7400  0.6872  0.0133
  49  0.1498  0.1264  0.0329  0.0478 -0.0077  0.1388  0.9650  0.2265  0.7619  0.7763  0.1224
  50  0.1280  0.0338 -0.0252 -0.0174  0.0291  0.1447  1.0906  0.2505  0.8164  0.7317  0.0353
  51  0.1270  0.0751 -0.0055  0.0255  0.0316  0.0848  0.9327  0.2148  0.7629  0.7385 -0.0507
  52  0.1045  0.1121  0.0665  0.0184  0.0823  0.0667  0.9922  0.2265  0.7457  0.7522  0.0498
  53  0.0952  0.1393 -0.0188  0.0410  0.0317  0.1396  0.9709  0.1923  0.7780  0.7740  0.0245
  54  0.1324  0.1413 -0.0136  0.0730  0.0695  0.0839  1.0343  0.1815  0.7366  0.7516 -0.0433
  55  0.1285  0.1466 -0.0169  0.1070  0.0215  0.0650  0.9716  0.2556  0.7739  0.7067 -0.0452
  56  0.1072  0.0868  0.0847  0.0104  0.0344  0.0892  0.9208  0.2373  0.7499  0.7348 -0.0537
  57  0.0976  0.1379 -0.0318  0.0627  0.0428  0.0408  0.9620  0.2044  0.7945  0.7484 -0.0026
  58  0.0933  0.0697 -0.0462 -0.0147  0.0379  0.0870  0.9450  0.2543  0.7579  0.7644  0.0703
  59  0.0889  0.0454 -0.0259 -0.0342  0.0497  0.0396  1.0037  0.2671  0.8119  0.8480 -0.0664
  60  0.0890  0.0756 -0.0120 -0.0110  0.0969  0.0265  1.0380  0.2120  0.7378  0.7651  0.0190
  61 -0.0065  0.0649 -0.1107  0.0023 -0.0465  0.0432  0.9108  0.2685  0.7985  0.7749  0.0059
  62  0.0938  0.0213 -0.0373  0.0479 -0.0035  0.1686  0.9569  0.2512  0.8400  0.8167 -0.0257
  63  0.1001  0.0129 -0.1274  0.0283 -0.0039  0.1354  0.9972  0.3585  0.8416  0.8114 -0.0420
  64  0.0528  0.0518 -0.0186 -0.0571  0.0571  0.0208  0.9923  0.3484  0.7804  0.8358 -0.0098
  65  0.0488  0.0348 -0.0394 -0.0373  0.0080  0.1133  0.9534  0.4042  0.8682  0.8524 -0.0696
  66  0.0862  0.0232 -0.0313  0.0607  0.0783  0.0258  0.9841  0.4017  0.8105  0.7315 -0.0196
  67  0.0470 -0.0031  0.0319  0.0044 -0.0222  0.1292  1.0010  0.4532  0.8772  0.8982  0.0051
  68  0.0440  0.0667  0.0758  0.0143  0.0448  0.0047  1.0361  0.3786  0.9649  0.8863 -0.0384
  69  0.0252  0.0389  0.0251  0.0134  0.1210 -0.0025  1.0192  0.4932  0.8837  0.8176  0.0293
  70 -0.0078  0.0897  0.0686  0.1049 -0.0484  0.0435  0.9951  0.5685  0.8847  0.8766  0.0087
  71  0.0903  0.0735 -0.0108 -0.0140 -0.1000 -0.0220  0.9735  0.4944  0.8825  0.8843 -0.0685
  72  0.0963  0.0134  0.0235  0.0251  0.0008  0.0085  0.9134  0.5095  0.8820  0.8572 -0.0026
  73  0.0259  0.0391 -0.0196  0.0586  0.0437 -0.0392  0.9697  0.6476  0.8786  0.9108  0.0073
  74 -0.0600 -0.0337 -0.0475 -0.0107  0.0052  0.0421  1.0605  0.5798  0.8737  0.9210  0.0268
  75  0.0711  0.0081 -0.0221  0.0149 -0.0412  0.0690  1.0303  0.6422  0.9778  0.9398  0.1127
  76  0.0625  0.0649 -0.0296 -0.0367  0.0391  0.0041  1.0010  0.6848  0.8897  0.8889 -0.0252
  77  0.0244  0.0309  0.0371 -0.0594  0.0457  0.0246  1.0253  0.6836  0.9828  0.9033  0.0309
  78  0.0187 -0.0831 -0.0381 -0.0201  0.0273 -0.0025  1.0087  0.7761  0.9710  0.9356 -0.0197
  79  0.0277  0.0409  0.0773  0.0343 -0.0320 -0.0259  1.0461  0.7658  0.9660  0.9868 -0.0163
  80 -0.0490  0.0898  0.0306 -0.0526 -0.0645 -0.0330  0.9833  0.7816  0.9251  0.8536 -0.0122
  81 -0.0260  0.0061  0.0731 -0.0608 -0.0038  0.0529  0.9835  0.7207  0.9550  0.9388 -0.0191
  82  0.0866  0.0243  0.0584  0.0163  0.0446 -0.0151  0.9841  0.8924  0.9732  0.9423  0.0013
  83  0.0060  0.0552  0.0130 -0.0092 -0.1099 -0.0130  0.9088  0.8534  0.9629  0.9412 -0.0276
  84  0.0616  0.0584 -0.0305  0.0021  0.0475  0.0228  0.9594  0.8621  0.9418  0.9323  0.0178
  85 -0.0236  0.0443  0.0247 -0.0119 -0.0434  0.0437  1.0372  0.9203  1.0264  0.8969  0.0456
  86  0.0794 -0.0230 -0.0372  0.0139  0.0033 -0.0162  0.9644  0.8320  0.9565  0.9423  0.0384
  87 -0.0295 -0.0881  0.0236 -0.0699 -0.0289  0.0084  1.0698  0.8883  0.9967  0.9981 -0.0395
  88  0.0322 -0.0294  0.0004 -0.1041  0.0434  0.0616  0.9408  0.9404  0.9937  0.9101  0.0784
  89 -0.0209  0.0084 -0.0110  0.0266 -0.0644  0.0195  1.0623  0.9596  0.9691  1.0368  0.0197
  90  0.0267  0.0714  0.0094  0.0723  0.0646 -0.0401  0.9058  0.7825  1.0600  0.9403  0.0022
  91  0.0178 -0.0553 -0.0653  0.0239 -0.1057  0.0376  0.9926  0.9093  1.0021  0.9754 -0.0305
  92 -0.0175  0.0131 -0.0116 -0.0566  0.0245 -0.0373  0.9890  0.9373  0.9258  0.9164 -0.0556
  93 -0.0702  0.0410  0.0034  0.1033  0.0430 -0.0579  0.9526  0.9400  0.9834  0.9817 -0.0350
  94 -0.0157  0.0580 -0.0145  0.0781 -0.0047  0.0207  1.0026  1.0021  0.9852  0.9294 -0.1102
  95 -0.0460 -0.0318  0.0933  0.0314  0.0032 -0.0211  1.0658  1.0487  1.1001  0.9368  0.0176
  96 -0.0124  0.0109  0.0613  0.0723  0.0715 -0.0285  0.9809  0.9343  1.0147  0.9820  0.0181
  97 -0.0393  0.0377  0.0186  0.0174  0.0837  0.0173  0.9786  0.9819  1.0256  0.9437  0.0591
  98 -0.0622  0.0382  0.0408  0.0383  0.0062 -0.0311  0.9233  0.9908  1.0135  0.9316  0.0122
  99  0.0150  0.0149 -0.0014 -0.0064  0.0007 -0.0116  0.9890  0.9604  0.9430  0.9741 -0.0012
 100 -0.0560  0.0816  0.0227 -0.0335  0.0408  0.0186  0.8624  1.0865  0.9769  1.0039 -0.0380
 101  0.0591 -0.0354  0.0600  0.0038  0.0526  0.0040  0.9434  0.9022  1.0283  1.0217 -0.0221
 102 -0.0374  0.0003 -0.0201  0.0086 -0.0071 -0.0394  0.8989  0.9548  0.9485  0.9306 -0.0729
 103  0.0110 -0.0193  0.0119 -0.0185  0.0325 -0.0477  1.0219  0.9548  1.0353  0.9553 -0.0758
 104  0.0245  0.0195 -0.0711 -0.0287 -0.0163 -0.0553  0.9779  0.9685  0.9537  1.0223 -0.0001
 105 -0.0245 -0.0306 -0.0331  0.0115  0.0609  0.0070  0.9515  0.9601  1.0125  0.8599 -0.0302
 106  0.0143  0.0971 -0.0220 -0.0344  0.0122 -0.0124  0.9878  0.9450  0.9635  0.9740 -0.1223
 107  0.0245  0.0383 -0.0883 -0.0029  0.1080 -0.0309  1.0455  1.0056  0.9807  1.0360  0.0701
 108 -0.0175 -0.0122 -0.0072  0.0163  0.0578  0.0241  0.9944  0.9335  1.0019  0.9965 -0.1025
 109  0.0237  0.0282 -0.0369 -0.0010 -0.0610 -0.0509  0.9370  0.9695  0.9843  0.9909  0.0716
 110  0.0246  0.0376  0.0485  0.0390  0.0202 -0.0264  1.0127  0.9533  1.0027  0.9461 -0.0364
 111  0.0284  0.0771  0.0537 -0.0318 -0.0073 -0.0200  0.9749  1.0293  1.0060  0.8741 -0.0044
 112  0.0194 -0.0137  0.0156 -0.0271 -0.0107  0.0475  1.0037  1.0040  0.9535  1.0193  0.0123
 113 -0.0825  0.0017 -0.1527  0.0514  0.0223  0.0111  1.0398  0.8940  1.0267  0.8730 -0.0129
 114  0.0307  0.0436  0.0281 -0.0744  0.0164  0.0142  0.9110  0.9513  0.9825  0.8804 -0.0217
 115  0.0745  0.0394 -0.0664  0.0131 -0.0339  0.0439  1.0386  0.9714  0.9668  0.9692  0.0044
 116  0.0073  0.0348 -0.0275 -0.0029  0.0033  0.0548  1.0954  0.9246  1.0246  1.0136 -0.0093
 117  0.0458  0.0155 -0.0182 -0.0162 -0.0164 -0.0255  0.9280  0.9881  1.0434  1.0084  0.0535
 118  0.0448  0.0697  0.0187  0.0111  0.0376  0.0068  1.0248  0.9754  1.0862  1.0488  0.0199
 119 -0.1000  0.0474 -0.0111  0.0027  0.0179  0.0098  0.9203  1.0263  1.0078  1.0033  0.0093
 120  0.0638  0.0013  0.0317  0.0252  0.1088 -0.0464  0.9914  1.0094  1.0188  0.9607  0.0480
 121 -0.0136  0.1046 -0.0033  0.0045  0.0230  0.0576  0.9585  0.9127  1.0475  0.9438 -0.0274
 122  0.0174 -0.0162  0.0718 -0.0560 -0.0597 -0.0163  0.9605  0.9816  0.9272  0.9876  0.0101
 123  0.0099  0.0631 -0.0473 -0.0243  0.0441 -0.0992  0.9434  1.0703  0.9647  0.9852  0.0629
 124 -0.0948  0.0167 -0.0431 -0.0226  0.0689 -0.0573  0.9358  0.9725  1.0005  0.9771  0.0728
 125 -0.0110  0.0085 -0.0175 -0.0255 -0.1233  0.0434  0.9582  0.9470  0.9815  0.9690  0.0019
 126  0.0379 -0.0309  0.0192 -0.0368  0.0442  0.0828  1.0421  0.9294  1.0090  0.9574  0.0511
 127 -0.0307  0.0491  0.0114 -0.0874  0.1158 -0.0083  0.9623  0.9812  0.8642  0.9617 -0.0598
 128 -0.0848 -0.0244  0.0842 -0.0058 -0.0715 -0.0043  1.0312  1.0043  0.9696  0.9478  0.0411
 129  0.0274 -0.0976 -0.0089  0.0650  0.0426 -0.0192  1.0081  1.0093  1.0509  0.9767 -0.0485
 130  0.0683 -0.0474 -0.0299  0.0023  0.0360  0.0498  0.9416  0.9189  1.0561  1.0375  0.1251
 131 -0.0265 -0.0024 -0.0221  0.0554 -0.1129 -0.0257  0.9948  1.0140  0.9373  1.0219  0.0360
 132 -0.0442  0.0999 -0.0684 -0.0221  0.0598  0.1249  0.8654  0.9975  0.9586  1.0569 -0.0464
 133 -0.0128  0.0208  0.0307  0.0923  0.0402  0.0047  0.9754  0.9793  1.0049  0.9869  0.0488
 134  0.0884 -0.0976  0.0672  0.0260 -0.0425  0.0015  0.9950  0.9445  0.8945  0.9308  0.0071
 135 -0.0408 -0.0407  0.0101  0.0279  0.0272 -0.0154  1.0660  0.9873  0.9476  1.0270  0.0751
 136  0.0720 -0.0191  0.0464 -0.0165 -0.0269 -0.0182  0.9238  1.0618  0.9545  0.9445  0.0233
 137 -0.0327 -0.0142 -0.0695 -0.0470  0.0905  0.0210  0.9581  1.0210  1.0205  0.9805 -0.0204
 138 -0.0067 -0.0093  0.0096 -0.0365  0.0642  0.0213  1.0396  0.9579  0.9652  0.9860 -0.0237
 139 -0.0440  0.0112 -0.0411 -0.0717  0.0561  0.0418  1.0116  1.0984  0.9810  0.9306 -0.0275
 140 -0.0721 -0.0092 -0.0321 -0.0032  0.1146 -0.0142  1.0489  0.9712  1.0061  0.9310 -0.0516
 141 -0.0035 -0.0251 -0.0025  0.0367  0.0083 -0.0619  1.0151  0.9639  0.9900  0.9338 -0.0276
 142  0.0537 -0.0823  0.0450 -0.0546 -0.0503  0.0601  1.0695  1.0847  1.0417  1.0559  0.0340
 143  0.0193 -0.0162 -0.0153 -0.0163 -0.0079  0.0078  1.0156  1.0171  0.9293  1.0427  0.0372
 144  0.0178  0.0575 -0.0501 -0.0449  0.0730 -0.0009  0.9751  1.0313  0.9706  0.9941  0.0156
 145  0.0271 -0.0629  0.0322 -0.0345 -0.0018 -0.0191  1.0450  0.9598  0.9709  0.9747  0.0583
 146  0.0613  0.0500  0.0550 -0.0112  0.0235  0.0963  0.9431  0.8638  0.9809  0.9690  0.0021
 147 -0.0951  0.0001  0.0371  0.0217  0.0199 -0.0111  0.9158  0.9593  0.9360  0.9817  0.0073
 148  0.0401  0.0288  0.0213 -0.0442 -0.0513  0.0015  0.9929  1.0096  1.0193  1.0477 -0.0186
 149 -0.0671 -0.0444 -0.0019  0.0301  0.0133  0.0479  0.9455  0.9221  0.9692  0.9915 -0.0330
 150 -0.0005 -0.0368 -0.0188  0.0646 -0.0445 -0.0331  0.8989  1.1059  0.9587  0.9682  0.0108
 151  0.0157  0.0625 -0.0128  0.0113  0.0393  0.0213  1.0130  1.0655  0.9866  0.9457  0.0176
 152 -0.0735 -0.0988  0.0610 -0.0324  0.0569  0.0244  0.9384  0.9799  0.9623  0.9369 -0.0123
 153  0.0096 -0.0524  0.0193  0.0152 -0.0159  0.0369  0.9549  1.0080  0.9769  0.9491 -0.0386
 154  0.0223  0.0263 -0.0418  0.0078 -0.0085  0.0810  0.9533  0.9703  0.9572  0.9996  0.0692
 155  0.0365 -0.0319  0.0089  0.0046  0.0172  0.0284  1.0338  0.9569  0.9954  0.9900  0.0359
 156  0.0360 -0.0321  0.1029  0.0358  0.0022  0.0234  0.8995  1.0551  1.0701  1.0107  0.1121
 157  0.0055 -0.0331 -0.0088 -0.0085 -0.0304  0.0743  0.9612  0.9527  0.9869  1.0046  0.0060
 158 -0.0756  0.0295 -0.0111 -0.0321 -0.0189 -0.0132  1.0112  0.9949  0.9776  0.9892  0.0223
 159 -0.0404 -0.0667  0.0039 -0.0605  0.0015  0.0513  1.0010  1.0542  0.9492  0.9565 -0.0231
   0  0.7255 -0.0480 -0.0170 -0.0634 -0.0157 -0.0875  0.7405  0.7904 -0.0204 -0.0602 -0.0255
   1  0.7308 -0.0204 -0.0331  0.0568  0.0150  0.0085  0.7616  0.7401  0.0653 -0.0444  0.2358
   2  0.6988  0.0892 -0.0053  0.0426  0.1038  0.0322  0.8056  0.6138  0.1014  0.0419  0.2996
   3  0.6467 -0.0453  0.0083  0.0145  0.0575 -0.0598  0.8877  0.6138  0.1082  0.0696  0.2185
   4  0.5578 -0.0485 -0.0551  0.0266  0.0224  0.0451  0.9171  0.5457  0.1731  0.1334  0.1566
   5  0.6029 -0.0197 -0.0433  0.0502 -0.0179 -0.0278  0.8741  0.4087  0.2282  0.1139  0.1491
   6  0.4316 -0.0715 -0.0031  0.0486 -0.0360  0.0670  0.9631  0.4146  0.1116  0.0578  0.2430
   7  0.3745  0.0123  0.0590  0.0182 -0.1315 -0.0700  0.9272  0.4700  0.2184  0.0163  0.1157
   8  0.4453  0.0698 -0.0001  0.0455  0.0161  0.0250  0.9265  0.3190  0.1282  0.0655  0.1151
   9  0.4065  0.0808  0.0184 -0.1053 -0.0182 -0.0111  0.9376  0.3829  0.1146  0.0446  0.1770
  10  0.2697  0.1048 -0.0330 -0.0714  0.0509 -0.0086  0.9877  0.3245  0.2112  0.0524  0.2031
  11  0.2473  0.1493 -0.0020  0.0607  0.0672  0.0161  0.9554  0.2170  0.2306  0.0540  0.1771
  12  0.1648  0.0021  0.0186 -0.0000  0.0048 -0.0217  0.9250  0.2610  0.3661  0.0850  0.0795
  13  0.2978  0.0360 -0.0149  0.0136 -0.0030  0.0713  0.9384  0.2993  0.2540  0.1358  0.2146
  14  0.2666  0.0230  0.0288  0.0204  0.0442  0.0199  0.9377  0.3256  0.2498  0.1728  0.0749
  15  0.1946 -0.0069 -0.0868 -0.0094  0.0150 -0.0697  0.9757  0.2119  0.2493  0.1446  0.0916
  16  0.1454  0.0662 -0.0086  0.0438 -0.0133  0.1039  0.9243  0.2264  0.2891  0.1536  0.0791
  17  0.2086  0.1203  0.0221  0.0208 -0.0602 -0.0094  1.0331  0.2105  0.3457  0.0453  0.1124
  18  0.1812  0.0802  0.0009  0.0057 -0.0299  0.0294  0.8960  0.2166  0.3712  0.1392  0.0638
  19  0.2015  0.0722  0.0120  0.0195 -0.0166 -0.0012  1.0136  0.1535  0.2894  0.2115  0.0597
  20  0.2079  0.0449 -0.0495 -0.0195  0.0015  0.0011  0.9489  0.2121  0.4421  0.1713  0.0605
  21  0.1068  0.0710 -0.0245  0.0359  0.0110  0.0925  1.0018  0.2534  0.4231  0.2428  0.0823
  22  0.1553 -0.0077 -0.0215  0.0051 -0.0206  0.0371  0.9126  0.1836  0.4357  0.2441  0.0066
  23  0.2228  0.0378  0.0885  0.0425  0.0335 -0.0592  1.0262  0.2730  0.3884  0.3373 -0.0310
  24  0.0938  0.0547  0.0397  0.0795 -0.0355  0.0608  0.9472  0.1942  0.4680  0.2660  0.0532
  25  0.1255  0.0558 -0.0052 -0.0852  0.0059  0.0381  1.0106  0.1547  0.4667  0.3451  0.0306
  26  0.2045  0.1247 -0.0402  0.0962 -0.0458 -0.0059  1.0223  0.2063  0.5432  0.3643  0.1184
  27  0.1253  0.2174  0.0118  0.0155  0.0795  0.0721  1.0376  0.2057  0.4903  0.3603  0.0049
  28  0.2116  0.0696  0.0410  0.0540 -0.0437  0.0962  0.9430  0.2088  0.5912  0.3844  0.0560
  29  0.1801  0.0947 -0.0186  0.0770 -0.0319  0.0049  0.9977  0.1867  0.5850  0.4407  0.0505
  30  0.1082  0.1247  0.0612  0.0152  0.0317  0.0593  1.0811  0.1880  0.5676  0.4993  0.0420
  31  0.1066  0.1608 -0.0201  0.0152  0.0010  0.0225  0.9247  0.1698  0.5698  0.3629 -0.0040
  32  0.1412  0.1678  0.0457  0.0770  0.0306  0.0916  1.0034  0.0749  0.5211  0.4708  0.0366
  33  0.1588  0.0573  0.1165  0.0277 -0.0253  0.0355  1.0322  0.2466  0.6176  0.5008 -0.0037
  34  0.1255  0.0896  0.1140 -0.0161  0.0202  0.0677  1.0095  0.1282  0.5879  0.5992 -0.0050
  35  0.1286  0.1823  0.0590  0.0573  0.0676  0.1009  1.0338  0.1489  0.6474  0.5073 -0.0028
  36  0.1122  0.0896 -0.0107  0.0637 -0.0732  0.1655  1.0943  0.1596  0.5567  0.5261  0.0343
  37  0.2090  0.1508  0.0014 -0.0361  0.0750  0.0488  0.9540  0.0901  0.5994  0.6629  0.0656
  38  0.1239  0.0692  0.0316  0.0002  0.0249  0.0907  0.9762  0.1206  0.5521  0.5366 -0.0066
  39  0.2455  0.1813  0.0238  0.1456  0.0748  0.1512  1.0414  0.2005  0.6606  0.5154  0.0544
  40  0.2277  0.1701  0.0541  0.0469 -0.0138  0.1371  0.9737  0.0842  0.6588  0.5808  0.0366
  41  0.1849  0.1229  0.0099  0.0626  0.0196  0.2068  0.9481  0.1543  0.5501  0.6331  0.0351
  42  0.1801  0.2310 -0.0019  0.0548  0.0878  0.2759  0.9906  0.0446  0.6111  0.5460 -0.0057
  43  0.2051  0.1876 -0.0115 -0.0204  0.0719  0.2723  0.9135 -0.0159  0.6329  0.5411  0.0327
  44  0.2441  0.1286  0.0946  0.2042  0.0799  0.2525  1.0675  0.1136  0.5640  0.5903  0.0325
  45  0.2775  0.2187 -0.0566  0.0801  0.0656  0.1717  1.0066  0.1313  0.5108  0.5218  0.0174
  46  0.3376  0.1593 -0.0531  0.1574  0.0225  0.2869  0.9494  0.0298  0.6282  0.4883  0.0700
  47  0.2901  0.3277 -0.0153  0.1246  0.0538  0.3067  0.9746  0.1111  0.5150  0.4745  0.0368
  48  0.2973  0.2736  0.0388  0.0829  0.0918  0.3933  0.9816  0.0765  0.5100  0.4729  0.0547
  49  0.3630  0.4228  0.0354  0.0684  0.0166  0.3792  0.8893  0.0840  0.4470  0.4666  0.0278
  50  0.3437  0.4091  0.1213  0.1683  0.0498  0.4954  0.9876  0.0079  0.4108  0.5459  0.0874
  51  0.5041  0.4039  0.1858  0.0837  0.0997  0.4366  0.9406 -0.0056  0.4149  0.4221  0.0113
  52  0.4787  0.4544 -0.0501  0.1455  0.1322  0.5047  0.8845  0.0346  0.3940  0.3774  0.0334
  53  0.5071  0.4269 -0.0008  0.1782  0.1388  0.5279  0.9109  0.0014  0.3210  0.3445 -0.0355
  54  0.4726  0.5120  0.1173  0.1928  0.1204  0.4779  0.8501  0.0037  0.4054  0.4043 -0.0603
  55  0.4335  0.5545  0.1775  0.1474  0.1020  0.5543  0.9021 -0.0424  0.3629  0.3117  0.0106
  56  0.5194  0.4998  0.1079  0.1487  0.1529  0.6059  0.8093  0.0723  0.3204  0.2940  0.0452
  57  0.5611  0.5742  0.1546  0.2588  0.0480  0.6198  0.6774  0.0557  0.3158  0.3650 -0.0296
  58  0.6008  0.6306  0.1989  0.1968  0.0599  0.7186  0.7122  0.0850  0.3339  0.3033  0.0108
  59  0.5860  0.7064  0.1951  0.1809  0.0825  0.7825  0.7484  0.0782  0.2588  0.1804  0.0198
  60  0.6531  0.6603  0.1814  0.2503  0.1694  0.7046  0.5998  0.0242  0.1449  0.3016  0.0666
  61  0.5643  0.6540  0.1413  0.1939  0.1262  0.7265  0.6057  0.0905  0.1593  0.1651  0.0002
  62  0.6240  0.7844  0.2291  0.1733  0.0587  0.8180  0.5895  0.0566  0.1789  0.2664 -0.0035
  63  0.6272  0.7200  0.2188  0.2219  0.0518  0.7463  0.6048 -0.0826  0.1918  0.1152  0.1058
  64  0.5957  0.6669  0.2179  0.3122  0.0984  0.7931  0.4921 -0.0336  0.1566  0.0988  0.0728
  65  0.6366  0.7201  0.2369  0.1590  0.1023  0.8152  0.4563  0.0390  0.1865  0.1485  0.0777
  66  0.7170  0.7706  0.2963  0.2322  0.0614  0.8861  0.4718  0.0494  0.0473  0.1642 -0.0522
  67  0.6126  0.7986  0.2312  0.2951  0.1707  0.7909  0.4515 -0.0453  0.1009  0.1345  0.0735
  68  0.6224  0.8160  0.2795  0.2899  0.1179  0.8608  0.3900 -0.0075  0.0835  0.0950  0.0594
  69  0.6853  0.8786  0.2455  0.3175  0.1015  0.8131  0.3017  0.0184  0.1320  0.1094 -0.0819
  70  0.5817  0.8305  0.2382  0.2359  0.1234  0.8315  0.3967  0.0144  0.0475  0.0531  0.0637
  71  0.5005  0.9595  0.2952  0.2390  0.1880  0.8512  0.3692 -0.0076  0.1799  0.0757  0.0060
  72  0.5824  0.7732  0.3063  0.3247  0.1530  0.8324  0.3166 -0.0136  0.1214  0.1578  0.0651
  73  0.6914  0.8023  0.2625  0.3800  0.1273  0.8307  0.2956  0.0940  0.0895  0.1054  0.0136
  74  0.5974  0.8872  0.4219  0.3132  0.0754  0.9067  0.2158 -0.0478  0.0669  0.0054 -0.0062
  75  0.5973  0.9548  0.3502  0.3665  0.1010  0.8825  0.2389  0.0349  0.0842  0.0742 -0.1275
  76  0.5893  0.9429  0.3941  0.2836  0.1820  0.9586  0.2806  0.0087  0.0580  0.0032  0.0760
  77  0.6725  0.8630  0.3609  0.3420  0.0980  0.9193  0.2839 -0.0765  0.1157  0.0995  0.0349
  78  0.5806  0.9164  0.3381  0.3433  0.0456  0.9363  0.1648  0.0041  0.0726  0.0786  0.0645
  79  0.4942  0.9535  0.3210  0.3672  0.1082  1.0478  0.1988  0.0146  0.1200  0.0338  0.0912
  80  0.5674  0.8407  0.4713  0.3444  0.0494  0.9070  0.2214  0.1134  0.0518  0.0250  0.0463
  81  0.5626  0.9555  0.4094  0.4265  0.0642  0.8802  0.1682  0.0082  0.0601  0.0037  0.0286
  82  0.5343  0.9441  0.4218  0.3893  0.1057  0.9137  0.1652  0.0551  0.0412  0.1383  0.0410
  83  0.6284  0.9514  0.4280  0.4136  0.0717  0.9401  0.1808 -0.0214  0.1176  0.0674  0.1701
  84  0.6336  0.9352  0.4580  0.4055  0.0275  0.9766  0.1603  0.0523  0.0414  0.0259  0.1940
  85  0.5801  0.9206  0.4972  0.4381  0.0895  0.9578  0.1465  0.0123  0.0860  0.0044  0.1515
  86  0.5479  0.8918  0.4272  0.4321  0.0812  0.9362  0.1845  0.0512 -0.0631 -0.0527  0.2627
  87  0.4909  0.9363  0.4174  0.4150  0.0458  0.8950  0.1669  0.0732 -0.0078  0.0359  0.1444
  88  0.5437  0.8944  0.3934  0.4174  0.0503  1.0363  0.1070 -0.0404  0.0241  0.0746  0.2673
  89  0.5476  0.8941  0.3851  0.4321  0.0857  0.8821  0.1441  0.0654 -0.0032  0.0319  0.3237
  90  0.4989  0.9756  0.4550  0.3424  0.0621  1.0015 -0.0053 -0.0051  0.0091 -0.0354  0.2941
  91  0.5737  0.9864  0.4111  0.5359  0.0368  0.8851  0.1466 -0.0067  0.0064  0.0160  0.2787
  92  0.5962  0.9117  0.4826  0.4636 -0.0120  0.9780  0.0697  0.0091  0.0333 -0.0619  0.3352
  93  0.5288  1.0193  0.4058  0.5114  0.0794  0.9921  0.0604 -0.0376 -0.0080 -0.0640  0.3959
  94  0.5135  0.9194  0.5294  0.4693  0.0126  0.9766  0.1805 -0.0523  0.0226  0.0801  0.2975
  95  0.5506  0.9504  0.4912  0.4556  0.0452  0.9786 -0.0004  0.0115  0.0031  0.0828  0.3868
  96  0.5649  0.9259  0.4346  0.5489  0.0273  0.8877  0.1151 -0.0066 -0.0325  0.0798  0.4682
  97  0.6016  0.9829  0.4707  0.5659  0.0762  0.9596  0.1083  0.0517  0.0912 -0.0365  0.3623
  98  0.5299  1.0828  0.4543  0.5903  0.1336  0.9980  0.0096 -0.0625  0.0687  0.0017  0.4209
  99  0.4368  0.9721  0.4501  0.5860  0.1213  0.9363 -0.0237  0.0901 -0.0111 -0.0013  0.3807
 100  0.4610  0.9853  0.4763  0.6226  0.0686  0.9722  0.0992  0.0555  0.0028  0.0074  0.3986
 101  0.5474  0.9270  0.4788  0.6618  0.1005  1.0017  0.1549  0.0101 -0.0274  0.0035  0.3806
 102  0.5830  0.9650  0.4798  0.5995  0.0358  0.9512  0.0591 -0.0127  0.0158 -0.0469  0.3625
 103  0.5667  0.9312  0.4843  0.5772  0.0239  0.9199  0.0563  0.0424  0.0551 -0.0228  0.3965
 104  0.4090  0.8653  0.5238  0.5261 -0.0277  0.9840  0.1335 -0.0191  0.1296 -0.0565  0.4000
 105  0.6030  0.9714  0.4594  0.6914 -0.0171  1.0797  0.1087 -0.0626 -0.0731  0.0632  0.3502
 106  0.5430  1.0089  0.5002  0.6227  0.0741  1.0212  0.0398  0.1265  0.0028  0.0702  0.3285
 107  0.6270  0.9717  0.3791  0.6680  0.0185  0.9597  0.1022 -0.0341  0.0145  0.0163  0.4425
 108  0.4177  0.7986  0.4587  0.6575  0.0668  1.0066  0.0545  0.0134  0.0751 -0.0529  0.3641
 109  0.5023  0.9151  0.4696  0.5700  0.0690  0.9795  0.1691  0.0935 -0.0192  0.0897  0.3258
 110  0.4824  0.9196  0.5499  0.6603  0.1103  0.9714  0.1305  0.0282  0.0054  0.0421  0.3417
 111  0.5072  0.9591  0.4978  0.7294  0.0236  0.9997  0.1373 -0.1234  0.0223 -0.0861  0.4422
 112  0.5536  1.0131  0.4679  0.6990  0.0571  1.0365  0.1107  0.0648 -0.0308  0.0689  0.3926
 113  0.5362  0.9916  0.4949  0.6527  0.0297  0.9696  0.0345  0.0346  0.1041  0.0533  0.4447
 114  0.4461  0.9637  0.4432  0.7217 -0.0202  1.0240  0.1357  0.0146  0.0176 -0.0214  0.3795
 115  0.5349  0.9728  0.4487  0.6962 -0.0042  1.0661  0.0335  0.0319  0.0199  0.0416  0.3771
 116  0.4457  0.8976  0.4379  0.7242  0.0164  0.9665  0.0596 -0.0673  0.0004  0.0619  0.2429
 117  0.4628  1.0102  0.4788  0.6895  0.0768  1.0251  0.1199 -0.0190  0.1015 -0.0452  0.3540
 118  0.5327  0.9572  0.4955  0.6211 -0.0411  0.9606  0.0317  0.0284  0.0686 -0.0019  0.3773
 119  0.5360  0.9227  0.4833  0.6917  0.0555  1.0318  0.1224  0.0549  0.0104  0.0149  0.3521
 120  0.4921  0.9625  0.5999  0.6839  0.0086  0.9278  0.0275 -0.0058  0.0234 -0.0047  0.2679
 121  0.5080  0.9226  0.5457  0.7351  0.0021  0.9417  0.0430 -0.0272  0.0097 -0.0093  0.2634
 122  0.6050  0.9228  0.4781  0.7334 -0.0151  0.9210  0.0412 -0.0378  0.0733  0.0344  0.2310
 123  0.5547  0.9746  0.4556  0.6294  0.0312  0.9549  0.0198 -0.0197  0.0012 -0.0736  0.3598
 124  0.5165  0.9275  0.4933  0.7405 -0.0959  0.8973  0.0367 -0.0769 -0.0417 -0.0858  0.2554
 125  0.5384  1.0604  0.4774  0.7165 -0.0636  0.9808  0.0117 -0.0109 -0.0163 -0.0295  0.2541
 126  0.5883  0.9138  0.4810  0.7143 -0.0195  1.0482  0.1065 -0.0602  0.0161 -0.0082  0.2963
 127  0.5342  0.9826  0.4613  0.6506  0.0005  0.9220  0.0774 -0.0382  0.0298  0.0604  0.3118
 128  0.6116  0.9865  0.5187  0.7952 -0.0159  1.0030  0.1333  0.0788  0.0607  0.0383  0.2348
 129  0.4628  0.9611  0.4599  0.7479  0.0200  0.9705  0.0746 -0.0513  0.0090 -0.0140  0.3051
 130  0.5311  0.9518  0.4661  0.8082 -0.0886  0.9982  0.0659  0.0370 -0.0012 -0.0679  0.2807
 131  0.5599  0.9619  0.4957  0.7795  0.0370  1.0036  0.1345 -0.0098 -0.0038 -0.0556  0.2875
 132  0.4915  0.8971  0.5239  0.7306  0.0208  0.9407  0.1173 -0.0449 -0.0717 -0.0063  0.2415
 133  0.5178  0.9694  0.4622  0.8296  0.0567  0.9681  0.1988 -0.0536 -0.0570  0.0225  0.3031
 134  0.5149  0.9971  0.5265  0.7399  0.0664  0.9951  0.1150 -0.0333 -0.0454  0.0540  0.3207
 135  0.5110  0.9750  0.4877  0.7849  0.0339  0.9824  0.0512  0.0126  0.0617  0.0254  0.2149
 136  0.4897  0.9681  0.5077  0.7180  0.0151  1.0108  0.0664  0.0265 -0.0346  0.0103  0.2172
 137  0.4886  0.9993  0.4863  0.7909  0.0331  0.9589  0.1323 -0.0138 -0.0205  0.0577  0.3064
 138  0.5132  0.9999  0.3779  0.7832  0.0426  0.9102  0.1162  0.0296 -0.0180 -0.0253  0.2741
 139  0.5676  0.9499  0.5610  0.6694 -0.0311  0.9064  0.1250  0.0520  0.0179  0.0112  0.2465
 140  0.5781  1.0589  0.4967  0.8255 -0.0226  0.9677  0.1044  0.0358 -0.0413  0.0497  0.2320
 141  0.5479  0.9857  0.4161  0.7507 -0.0296  0.9278 -0.0313  0.0492 -0.0355 -0.0146  0.2361
 142  0.4760  0.9167  0.5631  0.7937  0.0409  1.0095  0.0586  0.0738 -0.0475 -0.0803  0.2895
 143  0.6043  0.9851  0.4977  0.8451  0.0147  0.9301  0.0813 -0.0433  0.0478 -0.0466  0.2989
 144  0.4607  1.0680  0.4797  0.8130  0.0178  1.0096  0.0776  0.0420  0.0048  0.0155  0.2081
 145  0.5230  1.0121  0.5232  0.8372  0.0227  0.9467  0.0571 -0.0018  0.0332 -0.0112  0.1780
 146  0.4699  0.9785  0.4432  0.7453  0.0135  0.9778 -0.0549  0.0584  0.0671 -0.0122  0.2778
 147  0.5188  0.9956  0.4858  0.8212  0.0593  1.0586  0.0745 -0.0165  0.0631  0.0303  0.2482
 148  0.4708  0.9690  0.4085  0.7611 -0.0764  0.9533  0.0860 -0.0957 -0.0187 -0.0624  0.1709
 149  0.4190  1.0111  0.4901  0.8168  0.1121  0.9324  0.0287  0.0089 -0.0332 -0.0550  0.2941
 150  0.4866  1.0341  0.5357  0.7871  0.0018  0.9806  0.0929 -0.0045  0.0313 -0.0651  0.1726
 151  0.4716  0.9591  0.4752  0.7944  0.0245  1.0246  0.0882 -0.0277 -0.0177 -0.0467  0.2193
 152  0.4964  0.9325  0.5144  0.8010  0.0762  0.9410  0.0791  0.0364  0.0415 -0.0331  0.3452
 153  0.5485  0.9691  0.4564  0.8167  0.0397  1.0376  0.1418  0.0283  0.0743 -0.0864  0.1957
 154  0.5362  0.9497  0.5306  0.7778  0.0374  1.0000  0.0042 -0.0022 -0.0465  0.0206  0.2185
 155  0.4679  0.9890  0.3862  0.7241 -0.0101  0.8914  0.1172  0.0303  0.0345  0.0554  0.2240
 156  0.4350  0.8863  0.5128  0.8633  0.0019  0.9611 -0.0062  0.0201  0.0268 -0.0354  0.2691
 157  0.5426  1.0144  0.4457  0.7385  0.0286  1.0566  0.0985  0.0425 -0.0011 -0.0063  0.2181
 158  0.4954  0.9479  0.5101  0.7823  0.0949  1.0541  0.0125  0.0035 -0.0322  0.0045  0.2217
 159  0.5208  0.9669  0.5103  0.7057  0.0884  0.9565  0.0406  0.0409  0.0439 -0.0035  0.2483
   0  0.7352  0.0342  0.0421  0.0919 -0.0677  0.0070  0.7787  0.7607 -0.0109  0.0087  0.0060
   1  0.7105  0.0014 -0.0250  0.0276 -0.0039 -0.0531  0.6995  0.6386  0.0744  0.0238  0.1014
   2  0.6424  0.0508 -0.0183  0.0557  0.0313  0.0695  0.6914  0.6705  0.1304  0.0347  0.1372
   3  0.6519 -0.0792 -0.0643  0.0209  0.0835 -0.0034  0.8366  0.5936  0.0914 -0.0183  0.2242
   4  0.5704  0.0693 -0.1080  0.0883  0.0354 -0.0724  0.7549  0.4981  0.1716  0.1003  0.2057
   5  0.4294  0.0239 -0.0171  0.0170 -0.0176 -0.0021  0.8393  0.5445  0.1422  0.0578  0.1928
   6  0.4386  0.1002  0.0478 -0.0861  0.0422  0.0037  0.8720  0.4237  0.1812  0.0404  0.2596
   7  0.4344 -0.0002  0.0267 -0.0157  0.0588 -0.0172  0.9379  0.4223  0.0926 -0.0219  0.2928
   8  0.2963  0.0738 -0.1313  0.0395  0.0346  0.0488  0.8628  0.3104  0.1736  0.0212  0.2375
   9  0.3539  0.0956  0.0762  0.0042  0.0505  0.0413  0.9306  0.3290  0.0478  0.0872  0.2676
  10  0.4044  0.0143 -0.0422  0.0070  0.0442  0.0051  1.0260  0.3076  0.0550  0.0550  0.2236
  11  0.2918 -0.0139  0.0453 -0.0738 -0.0737 -0.0431  0.9446  0.3583  0.1687  0.0416  0.2555
  12  0.3081  0.0868  0.0123  0.0164  0.0209  0.0081  0.9225  0.3593  0.1316  0.1107  0.2352
  13  0.2461  0.0269 -0.0637 -0.0200 -0.0102  0.0735  0.9572  0.2455  0.1794  0.0625  0.2504
  14  0.3123  0.0291 -0.0042  0.0017  0.0100 -0.0204  0.9208  0.2684  0.2719  0.0075  0.2142
  15  0.2863  0.0442 -0.0540  0.0413  0.0390 -0.0074  0.9263  0.2038  0.0790  0.0277  0.1866
  16  0.1906  0.0826  0.0661 -0.0042  0.0645 -0.0276  0.9355  0.3022  0.1536  0.0045  0.2131
  17  0.0906 -0.0313  0.0369  0.0215 -0.0373 -0.0091  0.8964  0.2375  0.0587  0.0077  0.1958
  18  0.1871  0.0724 -0.0461 -0.0162  0.0346  0.0363  0.9946  0.2195  0.1432  0.0008  0.2334
  19  0.1736 -0.0017  0.0079  0.0680  0.0441  0.0175  0.9009  0.2293  0.1789  0.0387  0.1108
  20  0.1743  0.0226 -0.0812  0.0394  0.0002  0.0539  0.9826  0.1947  0.1529  0.0762  0.1643
  21  0.2020  0.1138 -0.0105  0.0115  0.0095  0.0996  0.9903  0.1628  0.1702  0.0968  0.1826
  22  0.1445  0.0513  0.0409 -0.0377  0.0328  0.0864  0.9427  0.2503  0.1815  0.0305  0.1653
  23  0.1301  0.0406  0.1159  0.0638  0.0673  0.0125  0.9903  0.1897  0.1864  0.0415  0.0828
  24  0.1265  0.0639  0.0014  0.0538 -0.0011  0.0542  0.9023  0.2312  0.2242  0.1128  0.1349
  25  0.1305  0.1079 -0.0662 -0.0463 -0.0699  0.0771  0.9529  0.1847  0.1599  0.0232  0.1388
  26  0.0306  0.1256 -0.0172  0.0171 -0.0269  0.1295  0.9545  0.2125  0.1327  0.0018  0.1283
  27  0.1266  0.0881  0.0162  0.0510  0.0064  0.0426  1.0205  0.1726  0.2380  0.1191  0.1475
  28  0.1700  0.0501 -0.0032  0.0155  0.0166  0.0197  1.0077  0.2366  0.2847  0.1684  0.0930
  29  0.1700  0.1021  0.0274 -0.0338  0.0166  0.0255  1.0102  0.2211  0.2039  0.1060  0.0595
  30  0.1068  0.1287 -0.0644  0.0385  0.0707  0.0418  1.0704  0.2196  0.3021  0.1880  0.1387
  31  0.0890  0.0838 -0.0340 -0.0713  0.0151 -0.0102  0.9730  0.1769  0.1741  0.1647  0.0520
  32  0.0659  0.1036  0.0008 -0.0036  0.0291  0.1701  1.0250  0.2553  0.2214  0.1243  0.0738
  33  0.0339  0.1114  0.0682 -0.0104  0.0533  0.0309  0.9421  0.2024  0.3175  0.2815  0.1815
  34  0.0792  0.1572 -0.0012  0.0210  0.0102  0.0557  1.0379  0.1664  0.3642  0.1354 -0.0064
  35  0.0887  0.1474  0.0273  0.0439 -0.0585  0.1298  0.9814  0.1416  0.3719  0.2398 -0.0020
  36  0.0825  0.1366  0.0537 -0.0318  0.1094  0.0886  1.0002  0.1769  0.3259  0.1551  0.0201
  37  0.0893  0.1871 -0.0432 -0.0009  0.0869  0.1592  0.9991  0.1746  0.4424  0.2396  0.0979
  38  0.1462  0.1279 -0.0245  0.0279  0.0229  0.0996  1.0057  0.1341  0.3147  0.3077  0.1408
  39  0.1649  0.0466  0.0276  0.0670 -0.0182  0.0686  0.9182  0.1651  0.3808  0.3252 -0.0095
  40  0.0996  0.1071 -0.0455  0.0203  0.0154  0.0996  0.9714  0.2538  0.4954  0.3666  0.0787
  41  0.1731  0.1123  0.0004 -0.0323  0.0880  0.1184  0.9681  0.1237  0.5287  0.3470  0.0051
  42  0.1318  0.1180 -0.0640  0.1146  0.0052  0.0701  1.0175  0.1151  0.5280  0.3628  0.0207
  43  0.1506  0.1308  0.1282  0.0013  0.0245  0.0653  0.9915  0.1307  0.4498  0.4545  0.0663
  44  0.1249  0.1054 -0.0241 -0.0557  0.0314  0.1500  0.8990  0.1617  0.5956  0.4056  0.1338
  45  0.0905  0.1178 -0.0908  0.0623  0.0324  0.1429  1.0499  0.1518  0.5513  0.5191 -0.0011
  46  0.0549  0.2028  0.0742  0.0283  0.0944  0.0641  1.1177  0.2268  0.5978  0.4819 -0.0037
  47  0.0848  0.1024 -0.0975  0.0567 -0.0047  0.1921  0.9828  0.1038  0.5903  0.6757  0.0588
  48  0.1086  0.1916 -0.0112  0.0965  0.0189  0.1851  1.0616  0.1694  0.6121  0.4502  0.0402
  49  0.1067  0.1753 -0.0002  0.0099  0.1202  0.0937  0.9323  0.1922  0.5464  0.5345  0.0915
  50  0.0879  0.1054 -0.0434  0.0708  0.0711  0.1626  0.9749  0.1285  0.6306  0.4701  0.0459
  51  0.1500  0.1411  0.0394  0.1039  0.0703  0.1632  0.9843  0.1713  0.5983  0.6233  0.0338
  52  0.1750  0.1976  0.0047  0.0513  0.0806  0.2785  0.9768  0.2048  0.5700  0.5184  0.0369
  53  0.2034  0.1597  0.0625  0.0347  0.0344  0.2156  1.0125  0.2115  0.5772  0.5627  0.0476
  54  0.1745  0.1717 -0.0464  0.0423  0.0493  0.1457  1.0112  0.1278  0.6603  0.5527 -0.0149
  55  0.1983  0.1759  0.1003 -0.0273  0.0379  0.1663  1.0603  0.1755  0.5527  0.5461  0.0234
  56  0.2248  0.1832  0.0486 -0.0087  0.0988  0.1567  0.9888  0.0781  0.5695  0.5549  0.0633
  57  0.2063  0.1250 -0.0475  0.1323  0.0517  0.1627  0.9820  0.1534  0.5759  0.5231 -0.0245
  58  0.1035  0.2153  0.0379  0.0849  0.1327  0.2116  1.0344  0.1421  0.4942  0.5686 -0.0321
  59  0.2406  0.2859  0.0504  0.1016  0.1940  0.2658  0.9590  0.0966  0.5991  0.5553  0.0650
  60  0.2485  0.2340  0.0697  0.0762  0.0817  0.3072  1.0565  0.1029  0.5941  0.6023  0.1072
  61  0.2416  0.1065  0.0365  0.0989  0.0962  0.3322  1.0251  0.0960  0.5249  0.4931  0.0134
  62  0.3277  0.2271  0.0133  0.1145  0.0485  0.3346  0.9562  0.1537  0.5326  0.5002  0.0681
  63  0.2778  0.2727  0.0343  0.0359  0.1114  0.3418  0.9181  0.0930  0.4513  0.4550  0.0572
  64  0.3834  0.3537  0.0639  0.1170  0.1379  0.3394  0.9268  0.0804  0.5018  0.5455 -0.0162
  65  0.3573  0.5021  0.0819  0.0902  0.1013  0.4874  0.8944  0.1181  0.4969  0.4590  0.0080
  66  0.3751  0.4433  0.1695  0.1750  0.1996  0.5306  0.8483  0.0888  0.3384  0.4021 -0.0073
  67  0.4400  0.4046  0.0784  0.0688  0.0750  0.4795  0.9206 -0.0206  0.3392  0.2956 -0.1086
  68  0.5065  0.4945  0.0742  0.0847  0.1482  0.5063  0.8604  0.0894  0.4088  0.4165  0.0766
  69  0.5733  0.5163  0.0383  0.1665  0.0860  0.6152  0.8845  0.1312  0.4059  0.3631  0.0096
  70  0.4836  0.4401  0.1457  0.1727  0.2577  0.5520  0.8550 -0.0205  0.3588  0.3414 -0.0834
  71  0.4722  0.6137  0.0497  0.1310  0.1918  0.5917  0.8331  0.0651  0.3382  0.2660  0.0213
  72  0.5515  0.5577  0.1363  0.0406  0.2161  0.6132  0.7618  0.0156  0.2549  0.2554 -0.0334
  73  0.5623  0.5825  0.1643  0.1032  0.1744  0.6656  0.8361  0.0617  0.2313  0.2486 -0.0554
  74  0.5427  0.6233  0.1609  0.1158  0.1998  0.6469  0.6678  0.0047  0.2467  0.2511  0.0878
  75  0.6261  0.7408  0.0806  0.0695  0.1653  0.8004  0.7284  0.0766  0.2403  0.1941  0.0583
  76  0.5523  0.6770  0.2295  0.1040  0.1240  0.7840  0.5967  0.0392  0.2284  0.2829  0.0513
  77  0.6078  0.7714  0.1594  0.1300  0.1503  0.6777  0.6031 -0.0179  0.1791  0.2194 -0.0380
  78  0.6785  0.7304  0.1780  0.1808  0.1302  0.6748  0.5301  0.1052  0.1678  0.2283  0.0095
  79  0.6026  0.7285  0.2345  0.0501  0.2694  0.7298  0.4937 -0.0223  0.1951  0.1688 -0.0260
  80  0.6342  0.7741  0.2494  0.1811  0.2265  0.8452  0.4642  0.0255  0.1139  0.1999  0.0198
  81  0.6354  0.8003  0.3006  0.0660  0.2116  0.8425  0.4453  0.0542  0.1286  0.2023  0.0420
  82  0.6308  0.8142  0.2617  0.2123  0.3659  0.8103  0.4474 -0.0923  0.1642  0.0598  0.0779
  83  0.6574  0.8338  0.3177  0.1424  0.1378  0.8309  0.3919  0.0374  0.1457  0.0223 -0.0478
  84  0.5192  0.8731  0.2373  0.1234  0.2562  0.8824  0.2842  0.0298  0.0913  0.1774  0.0813
  85  0.5806  0.8731  0.2366  0.1374  0.1295  0.8194  0.3304  0.0485  0.1404  0.0375  0.0661
  86  0.6080  0.8678  0.3134  0.0296  0.2145  0.8831  0.3610 -0.0560  0.0216  0.0649 -0.0587
  87  0.6140  0.8717  0.3277  0.1500  0.2859  0.8686  0.3687  0.0167  0.0781  0.0632 -0.0148
  88  0.6410  0.8899  0.3927  0.1855  0.2075  0.8477  0.2494  0.0638  0.1388  0.1099 -0.0743
  89  0.6187  0.9365  0.3367  0.1329  0.3270  0.8306  0.2597  0.0019  0.2089  0.0864 -0.0021
  90  0.5921  0.9289  0.3476  0.1188  0.2953  0.8330  0.2019  0.0293  0.0833  0.0996  0.0302
  91  0.6057  0.9101  0.3742  0.0534  0.2378  0.8731  0.1903  0.0501  0.0341  0.1554  0.0157
  92  0.6482  0.8637  0.3549  0.0783  0.3064  0.8121  0.1860 -0.0197  0.1420  0.0283  0.0459
  93  0.5778  0.8027  0.3228  0.0976  0.2888  0.8252  0.2401 -0.0123  0.0410  0.0419 -0.0721
  94  0.5763  0.9574  0.4821  0.0938  0.3083  0.9216  0.2283  0.0087  0.1346  0.0223  0.0705
  95  0.5851  0.9916  0.3991  0.0209  0.3134  0.9535  0.2285  0.0322  0.1201 -0.0116  0.0506
  96  0.5603  0.9521  0.3867  0.0582  0.2789  0.9426  0.2281 -0.0868  0.0746  0.0809  0.0036
  97  0.5282  0.9882  0.3904  0.0656  0.2892  0.8959  0.1802  0.0089  0.0208 -0.0101  0.0863
  98  0.5360  0.8978  0.3999  0.0332  0.3867  0.8668  0.1111 -0.0096  0.0773  0.0569  0.1235
  99  0.5330  0.9349  0.3819  0.0920  0.2788  0.9126  0.1586 -0.0163  0.0143  0.1109  0.1271
 100  0.6716  1.0157  0.3791  0.0695  0.3737  1.0278  0.1372 -0.0391  0.0180  0.0657  0.0651
 101  0.5667  0.8975  0.4364  0.1401  0.3821  0.9218  0.1069  0.0089  0.0506  0.1144  0.2362
 102  0.5649  1.0029  0.3482  0.1236  0.4235  0.9944  0.2353  0.0807  0.0612  0.1175  0.1522
 103  0.5868  0.9171  0.5095  0.0246  0.3451  0.9837  0.0847  0.0421  0.0171  0.0007  0.1457
 104  0.6082  0.9566  0.4221  0.0321  0.4091  0.9247  0.0973  0.0116  0.0412 -0.0920  0.1465
 105  0.6437  0.9798  0.3585  0.1621  0.4078  1.0228  0.1543  0.0174  0.0547 -0.0362  0.1872
 106  0.5586  0.8410  0.4705 -0.0469  0.5021  0.9986  0.1443  0.0503 -0.0617  0.0046  0.1545
 107  0.6052  1.0055  0.3734  0.0545  0.4523  0.9658  0.1811  0.1031 -0.1120  0.0733  0.1468
 108  0.5006  1.0683  0.4797  0.1037  0.4350  0.9966  0.0863  0.0340  0.0780 -0.0111  0.1794
 109  0.4804  0.9506  0.5179  0.0543  0.4873  0.9757  0.1001  0.0916 -0.0159 -0.0257  0.2572
 110  0.5412  0.9605  0.5262  0.0406  0.4757  0.9641  0.1178  0.0399 -0.0119  0.0804  0.2448
 111  0.5937  0.9875  0.4837  0.0928  0.4346  0.9547  0.1175  0.0104  0.0462 -0.0437  0.1755
 112  0.5317  1.0209  0.5158  0.0320  0.5294  0.9192  0.1475 -0.0283 -0.0347  0.0980  0.1698
 113  0.4624  0.9288  0.4851 -0.0504  0.6008  0.8808  0.0860 -0.0145 -0.0250 -0.0231  0.1962
 114  0.4474  0.9623  0.4775  0.0626  0.5429  0.9994  0.0911  0.0248  0.0179 -0.0706  0.2002
 115  0.4687  1.0168  0.4619  0.1066  0.5336  0.9032  0.0373 -0.0212 -0.0156 -0.0489  0.2177
 116  0.5523  0.9663  0.5355  0.0560  0.5587  0.9634  0.1124  0.0325 -0.0535 -0.0376  0.1861
 117  0.5844  0.9719  0.4879 -0.0520  0.5801  0.9569  0.0783  0.0403 -0.0389  0.0329  0.1691
 118  0.5264  0.9493  0.5049  0.0160  0.5589  1.0202  0.0349 -0.0302 -0.0129  0.0741  0.2256
 119  0.5964  0.9830  0.5136  0.0182  0.5563  0.9512  0.0523  0.1143 -0.0281  0.0570  0.2488
 120  0.5122  0.9712  0.4511  0.0419  0.5923  0.9559  0.0120  0.1456 -0.0055 -0.0725  0.2050
 121  0.5437  0.9138  0.4792  0.0768  0.6478  1.0713  0.0554 -0.0073 -0.0233  0.0072  0.1682
 122  0.5084  0.9538  0.4440  0.0256  0.6697  0.9938  0.0464  0.0402 -0.0416  0.0079  0.2780
 123  0.4433  1.0549  0.4739  0.0327  0.6572  0.9918 -0.0297  0.0473  0.0509 -0.0016  0.2149
 124  0.5157  0.9670  0.5325 -0.0308  0.6444  1.0291  0.0993 -0.0189  0.0165  0.0462  0.2012
 125  0.5427  0.9744  0.5517  0.0670  0.7038  0.9511  0.0827  0.0479  0.0637  0.0162  0.2548
 126  0.5551  0.9772  0.5598 -0.0230  0.7024  0.9661  0.0892 -0.0393 -0.0409  0.1274  0.2138
 127  0.5713  0.9059  0.4931  0.0640  0.6739  0.9913  0.0455 -0.0159  0.1052  0.0635  0.2553
 128  0.5328  1.0012  0.4193  0.0111  0.7571  0.9998  0.1055 -0.0264 -0.0937 -0.0371  0.2355
 129  0.4995  0.9571  0.4101  0.0265  0.7597  0.9954  0.1092  0.0171 -0.1005  0.0349  0.2511
 130  0.5166  1.0019  0.4964 -0.0417  0.6351  0.9050 -0.0093 -0.0360 -0.0656  0.0180  0.2332
 131  0.5052  1.0158  0.5919 -0.0003  0.7160  0.9239  0.0893  0.0345  0.0075 -0.0291  0.2915
 132  0.5361  0.9899  0.4469  0.0151  0.6496  1.0759 -0.0178 -0.0469 -0.0599 -0.0108  0.2661
 133  0.5226  1.0233  0.4823  0.0717  0.6549  0.9327  0.0772 -0.0331 -0.0042 -0.0248  0.3184
 134  0.4868  0.9900  0.4611 -0.0597  0.7381  0.9731  0.1317 -0.0435 -0.0570  0.0880  0.1774
 135  0.5005  0.9358  0.3833  0.0307  0.7021  0.9980  0.0327  0.0265  0.0230 -0.0290  0.2832
 136  0.5442  1.0041  0.4067 -0.0110  0.8116  0.9511  0.0930  0.0678  0.0470 -0.0223  0.3063
 137  0.5141  1.0149  0.5842 -0.0582  0.7991  1.0030 -0.0470  0.0259  0.0318  0.0114  0.2452
 138  0.5264  1.0666  0.5433  0.0552  0.7024  1.0304  0.1297  0.0135  0.0805  0.1449  0.2428
 139  0.4359  1.0590  0.5053  0.0261  0.7918  1.0424  0.0782 -0.0215  0.0491 -0.0281  0.2539
 140  0.4800  1.0151  0.5924  0.0158  0.7373  0.9582  0.0541 -0.0446 -0.0390 -0.0529  0.1463
 141  0.5133  0.9919  0.5259 -0.0767  0.7136  0.9753  0.0414  0.0187  0.0199  0.0088  0.2713
 142  0.4304  0.9543  0.4798  0.0401  0.7227  0.9408  0.1355 -0.0020 -0.0214 -0.0163  0.3229
 143  0.5434  0.9969  0.5354  0.0129  0.7416  1.0005  0.0966  0.0117 -0.0049 -0.0769  0.2148
 144  0.4542  0.9684  0.4013  0.0729  0.7673  0.9958 -0.0130 -0.0215  0.0298 -0.0223  0.3593
 145  0.4171  1.0547  0.4599  0.0467  0.8047  0.9489  0.1151 -0.0141 -0.0712 -0.0244  0.3364
 146  0.4365  1.0150  0.4682  0.0102  0.7297  1.0536  0.0179  0.0256  0.0041 -0.0608  0.2168
 147  0.5520  0.9668  0.4741  0.0226  0.7836  0.9919  0.0219  0.0337 -0.0399  0.0249  0.2198
 148  0.4396  0.9066  0.5391 -0.0116  0.8212  0.9898 -0.0102 -0.0563  0.0154 -0.0351  0.2784
 149  0.5078  0.9298  0.4434  0.0706  0.7515  0.9028  0.0851  0.0793  0.0340  0.0025  0.2248
 150  0.4584  1.0150  0.5065  0.0278  0.7542  0.9651  0.0276  0.0719  0.0217 -0.0404  0.2161
 151  0.5584  1.0447  0.4932 -0.0014  0.7500  1.0367  0.1060 -0.0200 -0.0159  0.0189  0.2710
 152  0.4134  1.0691  0.4777 -0.0594  0.8084  0.9553  0.0014 -0.0177  0.0219  0.0685  0.2480
 153  0.5633  1.0299  0.4933  0.1260  0.7844  0.9862  0.0772  0.0063 -0.0432 -0.0078  0.3627
 154  0.4962  1.0057  0.4874  0.0112  0.8401  1.0405  0.0937  0.0118  0.0513  0.0048  0.2412
 155  0.4880  0.9431  0.4920  0.0147  0.7712  1.0594  0.0689  0.0021 -0.0162 -0.0287  0.2088
 156  0.5493  1.0656  0.4549  0.0026  0.7781  1.0060  0.0531 -0.0219  0.0301  0.0006  0.1789
 157  0.4966  1.0122  0.4886 -0.0066  0.7995  0.9839 -0.0186  0.0031 -0.0079  0.0294  0.2453
 158  0.5252  1.0420  0.4736  0.1054  0.7821  0.9743  0.0237  0.0071 -0.0708  0.0824  0.2493
 159  0.5346  1.0703  0.5164  0.0130  0.7676  1.0480  0.0966 -0.0583  0.0176  0.0187  0.2589
   0  0.8613  0.0047 -0.0062 -0.1166 -0.0276 -0.0071  0.7656  0.7563  0.0092  0.0249  0.0626
   1  0.6518 -0.0329  0.0230 -0.0468 -0.0273 -0.0410  0.8543  0.7272  0.1128  0.0361  0.1498
   2  0.7059  0.0203  0.0436 -0.0347  0.0597 -0.0527  0.7801  0.6709  0.1126 -0.0601  0.1330
   3  0.6299  0.0242  0.0409 -0.0022  0.0452  0.0105  0.7839  0.5925  0.1476  0.0265  0.2016
   4  0.5662  0.0904  0.0610  0.0122  0.1128  0.0600  0.8621  0.5737  0.0917  0.0206  0.2690
   5  0.5804  0.0082  0.0413 -0.0087 -0.0087  0.0069  0.8419  0.4395  0.0998  0.1118  0.3062
   6  0.3808  0.0612 -0.0758  0.0046 -0.0139 -0.0317  0.9902  0.5189  0.1144  0.0814  0.1979
   7  0.4233  0.0860 -0.0956 -0.0128  0.1054 -0.0398  0.8313  0.4178  0.1385 -0.0592  0.3112
   8  0.3667  0.1032 -0.0136  0.0396  0.0409  0.0551  0.9703  0.3468  0.1174 -0.0466  0.1738
   9  0.3174  0.0136 -0.0921  0.0560  0.0357  0.0085  0.8970  0.3665  0.1062  0.0112  0.2652
  10  0.2937 -0.0748 -0.0628  0.0177 -0.0431 -0.0266  0.9083  0.3991  0.0798  0.0943  0.2467
  11  0.2432  0.0243 -0.0547  0.0637 -0.0294 -0.0029  0.9306  0.2995  0.1231  0.0489  0.2624
  12  0.3461  0.1120  0.0176  0.0657 -0.0130  0.0379  0.9157  0.2493  0.0984  0.0145  0.2687
  13  0.2384  0.0205  0.0140 -0.0016  0.0493 -0.0500  0.9494  0.2401  0.0943  0.0908  0.2243
  14  0.2150  0.0388 -0.0208 -0.0102 -0.0206 -0.0370  0.8556  0.2704  0.1837  0.0250  0.3239
  15  0.1967  0.0614  0.0260 -0.0439  0.0327  0.0645  0.9500  0.2611  0.0565  0.0466  0.2740
  16  0.1954  0.0310 -0.0409  0.0981  0.0248 -0.0329  0.9645  0.2851  0.1643  0.0652  0.2686
  17  0.1914  0.0564 -0.0642 -0.0012 -0.0036 -0.0102  0.9606  0.1846  0.1670 -0.0174  0.2506
  18  0.1185  0.1319  0.0027  0.0082  0.0307  0.0176  1.0012  0.2167  0.2045  0.0651  0.4327
  19  0.1477  0.1072 -0.0186 -0.0929  0.0067  0.0749  1.0010  0.1886  0.0825 -0.0318  0.3039
  20  0.1184  0.0876 -0.0114 -0.0366  0.0069 -0.0536  0.9982  0.1879  0.1805 -0.0470  0.2941
  21  0.2451  0.0780  0.0166  0.0412  0.0248 -0.0277  0.9425  0.2734  0.0439 -0.0061  0.3033
  22  0.1090  0.0875 -0.0001  0.0196  0.0714  0.0839  0.9879  0.1713  0.0536  0.0525  0.2199
  23  0.0746  0.0770  0.0293 -0.0264 -0.0676 -0.0243  1.0498  0.1467  0.0512  0.1079  0.2985
  24  0.2436  0.0881 -0.0041  0.0148 -0.0255  0.0030  0.9729  0.2366  0.0650 -0.0454  0.2580
  25  0.1789  0.1038  0.0352  0.0232 -0.0525  0.0725  0.9531  0.2425  0.0877  0.0724  0.2929
  26  0.1633  0.0556 -0.0568  0.0632 -0.0374 -0.0146  0.9169  0.1766  0.0783  0.0208  0.3065
  27  0.1160  0.0911 -0.0716 -0.0206 -0.0282  0.0189  1.0127  0.2101  0.1207  0.0480  0.2710
  28  0.0722  0.0990 -0.0298  0.0762  0.0208  0.1122  0.9340  0.2678  0.1206  0.1157  0.3265
  29  0.0900  0.1269  0.0336 -0.0263 -0.0174  0.0208  1.0404  0.3065  0.0580  0.1085  0.2453
  30  0.1154  0.1018 -0.0941  0.0507  0.0405  0.0027  0.9623  0.2223  0.0663  0.1070  0.3687
  31  0.0566  0.1656 -0.0405  0.1018  0.0486  0.1377  0.9912  0.1484  0.1659  0.0808  0.3404
  32  0.1553  0.0942  0.0297 -0.0356 -0.0104  0.1033  0.9611  0.1883  0.0507  0.0160  0.2947
  33  0.1716  0.1166 -0.0163 -0.0130  0.0065  0.0709  1.0623  0.2328  0.0947  0.0192  0.2080
  34  0.1708  0.0840 -0.0395  0.0269  0.0511  0.0580  0.9772  0.3130  0.0980  0.0539  0.2523
  35  0.1941  0.0684  0.0087 -0.0525 -0.0065 -0.0114  1.0552  0.1605  0.1133  0.1062  0.3426
  36  0.0818  0.1367  0.0046  0.0074 -0.0149  0.1079  1.0012  0.1800  0.1016  0.0969  0.3822
  37  0.1418  0.1093 -0.0163 -0.0017  0.0695  0.0455  0.9504  0.2359  0.0916 -0.0552  0.3642
  38  0.1018  0.1213 -0.0175  0.0327  0.0338  0.0917  0.9626  0.2137  0.1282  0.0171  0.3079
  39  0.1132  0.0364  0.0869  0.0534 -0.0336  0.0253  1.0313  0.2733  0.0821 -0.0276  0.2848
  40  0.1007  0.0579 -0.0699  0.0092 -0.0265  0.0621  0.9617  0.2187  0.0618 -0.0134  0.2247
  41  0.0274  0.0643  0.0481  0.1421 -0.0178  0.0599  0.9802  0.2074  0.0623  0.0048  0.3394
  42 -0.0050  0.1081 -0.0613 -0.0338 -0.0435  0.0472  1.0102  0.3082  0.0923 -0.0401  0.3347
  43  0.1071  0.0367 -0.0157 -0.0188  0.0479  0.1294  1.0061  0.2694  0.0293 -0.0158  0.3735
  44  0.1535  0.0303 -0.0161  0.0629  0.0806  0.0569  0.9806  0.3364  0.0683  0.0029  0.4413
  45  0.1061  0.0991  0.0560 -0.0656  0.0361  0.0415  0.9885  0.4526  0.1069  0.0184  0.3811
  46  0.0409  0.0876 -0.1173 -0.0082  0.0145 -0.0159  1.0354  0.2485  0.0323 -0.0105  0.3955
  47  0.0631 -0.0869 -0.0204 -0.0059 -0.0322  0.0549  1.0241  0.3677  0.0765 -0.0419  0.4653
  48  0.0379 -0.0387  0.0162  0.0479  0.0053  0.0373  0.9583  0.4099  0.0977  0.0815  0.4719
  49  0.0795  0.0112  0.0758  0.0031 -0.0752  0.0523  0.9594  0.4516  0.0437  0.0491  0.3988
  50  0.0417  0.0338 -0.0094  0.0147  0.0010  0.0084  1.0182  0.4574  0.1060  0.0162  0.4609
  51  0.0522  0.0861  0.0212 -0.0122  0.0547 -0.0203  0.9543  0.4790  0.1132  0.0536  0.4768
  52  0.0210  0.0260  0.0881 -0.0539 -0.0498  0.0508  1.0006  0.5137  0.0113 -0.0104  0.5249
  53  0.0133  0.0375  0.0274  0.0011  0.0535  0.0812  0.9745  0.5390  0.0294  0.0019  0.5759
  54  0.0472 -0.0052 -0.0622  0.0044  0.0132  0.0232  0.9671  0.5744  0.0214 -0.0465  0.5278
  55 -0.0179  0.0433  0.0123  0.0969  0.0463 -0.0014  0.9605  0.6304 -0.0090 -0.0399  0.6406
  56  0.0485 -0.0096 -0.0277 -0.0486  0.0540  0.1076  0.9380  0.6212  0.0591  0.0174  0.6895
  57  0.0122  0.0349 -0.0115  0.0012  0.0337 -0.0361  0.9713  0.6514  0.0712 -0.0160  0.7357
  58  0.0061 -0.0074  0.0339 -0.0421 -0.1269  0.0322  1.0735  0.7210  0.1315  0.0512  0.8206
  59 -0.0041 -0.0049 -0.0536  0.0795  0.0544 -0.0115  0.9985  0.7355  0.0679 -0.0448  0.7440
  60 -0.0118  0.0971 -0.0290  0.0891 -0.0578  0.0132  1.0374  0.7153  0.0278 -0.0121  0.7209
  61 -0.0511 -0.0236 -0.0701 -0.0726 -0.0154  0.0175  0.9677  0.7841 -0.0086  0.0327  0.7335
  62  0.0329  0.0901  0.0513  0.0472 -0.0035  0.0215  0.9673  0.8741  0.0294 -0.0513  0.8249
  63 -0.0607  0.0204  0.0014 -0.0198  0.0096  0.0640  1.0030  0.8156  0.0044  0.0118  0.7772
  64 -0.0360  0.0650  0.0005  0.0523 -0.0803  0.0649  0.9868  0.7887  0.0297  0.0841  0.7361
  65 -0.0768  0.0191 -0.0602  0.0023  0.0366 -0.0492  1.0326  0.8461  0.0614 -0.0305  0.8019
  66  0.1021  0.0183  0.0689  0.0231 -0.0213 -0.0634  1.0034  0.8871 -0.0017 -0.0675  0.7276
  67  0.0202 -0.0442  0.0314  0.0457  0.0108 -0.0547  0.9802  0.8465  0.0072 -0.0087  0.8560
  68  0.0623 -0.0171  0.0153  0.0061  0.0176  0.0240  0.9585  0.8752 -0.0237  0.0480  0.7522
  69  0.0007  0.0826 -0.0092  0.0093 -0.0187  0.0675  1.0184  0.9334  0.0112  0.0523  0.7937
  70 -0.0593 -0.0180 -0.0119 -0.0493  0.0024  0.0840  1.0292  0.9810  0.1039  0.0086  0.7579
  71 -0.0179 -0.0101 -0.0158  0.0174 -0.0780  0.0459  1.0213  0.9105 -0.0034  0.0052  0.7843
  72  0.0392 -0.0106  0.0103 -0.0072 -0.0513 -0.0458  1.0085  0.8066  0.1059  0.0535  0.7631
  73  0.0005  0.0353  0.0720 -0.0661 -0.0411  0.0115  1.0851  0.9142  0.0313  0.0595  0.7820
  74 -0.0100  0.0036  0.0436 -0.0159 -0.0677 -0.0260  1.0023  0.9647  0.0422  0.0081  0.7388
  75  0.0019 -0.0398 -0.0301 -0.0119  0.0810  0.0584  1.0565  0.9280  0.0708  0.0841  0.7833
  76 -0.0325  0.0116  0.0077 -0.0147 -0.0296  0.0903  1.0863  0.9846  0.0496  0.0489  0.7835
  77 -0.0066 -0.0183 -0.0030  0.0228 -0.0316  0.0565  1.0095  0.9471  0.0282 -0.0085  0.7936
  78 -0.0240 -0.0045  0.0745 -0.0400  0.0659  0.0141  0.9903  0.9280  0.0230 -0.0080  0.7756
  79 -0.0205  0.0706  0.0642 -0.0673 -0.0223  0.0008  0.9932  0.9641  0.0548  0.1278  0.7786
  80 -0.0414 -0.0164  0.0680 -0.0073 -0.0420  0.0556  0.9146  0.9811 -0.0366  0.0447  0.8888
  81  0.0045 -0.0268 -0.0882 -0.0168 -0.0234  0.0149  0.9854  0.9399  0.0425  0.0241  0.8613
  82 -0.0294  0.0189 -0.0309  0.0240 -0.0027 -0.0267  0.9277  0.9599 -0.0518 -0.0063  0.8311
  83 -0.0451  0.0372 -0.1316  0.0284  0.0496  0.0443  1.0810  0.8947  0.0887 -0.0447  0.8236
  84 -0.0110 -0.0143  0.0806 -0.0032  0.0483 -0.0664  0.8901  0.9981 -0.0097  0.0325  0.9181
  85 -0.0724  0.0264 -0.0994  0.0126  0.0166 -0.0230  0.9030  0.9338  0.0098  0.0045  0.8630
  86  0.0022  0.0180 -0.0347 -0.0902  0.0365  0.0567  1.0431  0.9728  0.0435  0.0184  0.9533
  87  0.1037  0.1025 -0.0228  0.0229 -0.0424  0.0059  0.9666  0.9437 -0.0291  0.0561  0.8307
  88  0.0241  0.0476 -0.0555  0.0154  0.0267 -0.0780  1.0256  0.9975  0.0118  0.0002  0.8334
  89 -0.0463  0.0079  0.0013 -0.0284  0.0077  0.0177  1.0034  0.9159  0.0506  0.0439  0.8436
  90  0.0356 -0.0677  0.0076 -0.0641 -0.0473  0.0479  0.9767  0.9406  0.0230  0.0089  1.0322
  91 -0.0880 -0.0644  0.0353 -0.0343  0.0128  0.0339  1.0578  1.0183  0.0765  0.0468  0.8577
  92  0.0512  0.0785  0.0598 -0.0840  0.0336 -0.0428  1.0251  0.9624  0.1444 -0.0057  0.9517
  93 -0.0579 -0.0336  0.0837 -0.0363  0.0007  0.0695  1.0044  0.9705 -0.0303  0.0403  0.9623
  94 -0.0519  0.0240  0.0558  0.0257  0.0777  0.0277  0.9812  0.9202  0.0692 -0.0558  0.8293
  95 -0.0664  0.0149 -0.0379  0.0252 -0.0393  0.0271  0.9879  0.9291  0.0459  0.0036  0.9517
  96 -0.0188 -0.0241  0.0453  0.0495  0.0708  0.0485  0.9779  0.9920  0.0031 -0.0158  0.9140
  97  0.0242  0.0422  0.0304 -0.0520  0.0239  0.1017  1.0007  0.9416  0.0407  0.0540  1.0367
  98  0.0497 -0.0168  0.0073 -0.0073 -0.0113 -0.0288  1.0217  1.0118 -0.0136 -0.0184  0.9869
  99  0.0102  0.0668  0.0203 -0.0872 -0.0750 -0.0090  0.9598  0.9498 -0.0068 -0.0210  0.9431
 100  0.0154 -0.0180  0.0498  0.0635 -0.0152 -0.0115  0.9895  0.9980  0.0199 -0.1091  0.9167
 101  0.0045  0.0700  0.0337 -0.0644  0.0021 -0.0582  0.9250  0.9117  0.0596 -0.0973  0.9721
 102 -0.0255 -0.0733  0.1031  0.0163 -0.0716  0.0312  1.0219  1.0529  0.0043  0.0025  0.9617
 103 -0.0842 -0.0062 -0.0170  0.0043  0.0130  0.0484  0.9607  0.9927  0.0355 -0.0180  0.9710
 104  0.0410 -0.0198  0.0934 -0.0408  0.0175 -0.0677  0.9835  0.9469  0.0776  0.0311  0.9813
 105  0.0533 -0.0167 -0.0082  0.0100 -0.0438 -0.1164  1.0043  1.0176 -0.0087  0.1323  0.8797
 106 -0.0324  0.0074 -0.0703  0.0174 -0.0256 -0.0227  0.9470  1.0614  0.0389  0.0127  0.9936
 107 -0.0138 -0.0061 -0.0827 -0.0881  0.0111  0.0698  0.9777  1.0527  0.0416  0.0995  0.9322
 108 -0.0157 -0.0441 -0.0371  0.0644  0.0815 -0.0322  1.0630  1.0254  0.0799  0.0090  0.9646
 109  0.0123 -0.0344 -0.0230 -0.0435  0.0484 -0.1218  0.9868  0.8826 -0.0064 -0.0040  0.9706
 110 -0.0780  0.0623 -0.0540 -0.0212  0.0225 -0.0745  0.9441  0.9742 -0.0256 -0.0197  0.9841
 111 -0.0543 -0.0167 -0.0536 -0.0674 -0.0400  0.0148  0.9944  0.9888 -0.0082  0.0575  0.8689
 112 -0.0039 -0.0045  0.0512 -0.0291 -0.1564  0.0592  0.9555  0.9730  0.0145  0.0094  1.0000
 113  0.0111 -0.0483 -0.0976  0.0123  0.0876 -0.0359  1.0255  1.0361  0.0213 -0.0128  0.9150
 114 -0.0907 -0.0509 -0.0155 -0.0276  0.0078 -0.0499  0.9585  0.9691  0.0188  0.0195  0.9690
 115 -0.1018  0.0219 -0.0220 -0.1039 -0.0817 -0.0045  0.9695  1.0631  0.0263  0.0013  0.9925
 116  0.0087  0.0189 -0.0618  0.0465 -0.1113  0.0705  0.9968  1.0204  0.0313  0.0395  0.8432
 117  0.0149 -0.0155 -0.0242 -0.0206 -0.0366  0.0669  1.0424  0.9816  0.1145 -0.0273  0.9020
 118 -0.0841 -0.0560  0.0262  0.0566 -0.0978 -0.0204  0.9498  1.0246  0.0202  0.0585  0.9543
 119  0.0778 -0.0343 -0.0686  0.0203  0.0599 -0.0340  1.0038  1.0399  0.0178 -0.0066  0.9032
 120 -0.0596 -0.0533  0.0805  0.0798 -0.0540 -0.0060  1.0619  1.0035 -0.0107 -0.0083  0.9667
 121  0.0806  0.0110 -0.0951 -0.0609  0.0178  0.0368  1.0684  1.0265  0.0141  0.0102  0.9096
 122  0.0124  0.0480  0.0055  0.0033 -0.0351 -0.0219  1.0179  0.9896 -0.0025 -0.0185  0.8537
 123  0.0459  0.0240 -0.0084  0.0702  0.0141  0.0123  0.9951  0.9608  0.0389  0.0158  0.9621
 124  0.0507 -0.0717 -0.0305 -0.0205 -0.1560 -0.0937  0.9915  0.9982 -0.0352 -0.0510  0.8845
 125  0.0254 -0.0351  0.0067 -0.0354 -0.0354  0.0033  0.9235  0.9444  0.0127  0.0051  0.9260
 126  0.0157 -0.0023  0.0219 -0.0485 -0.0726  0.0226  1.0348  0.9871  0.0109  0.0013  0.9606
 127  0.0148 -0.0061 -0.0143  0.0213  0.0361 -0.0579  1.0234  1.0004  0.0990  0.0320  0.9881
 128 -0.0061  0.0946  0.0110  0.0200  0.0465 -0.0156  1.0360  0.9772  0.0090  0.0878  0.9521
 129  0.0142  0.0391 -0.0399  0.0306  0.0421 -0.1169  0.9991  0.9664  0.0111 -0.0708  0.9688
 130  0.0058 -0.0099  0.0325  0.0365 -0.0313 -0.0405  0.9891  1.0026 -0.0546  0.0413  1.0403
 131  0.0223 -0.0299 -0.0333 -0.0033  0.0475  0.0240  0.9887  1.0464  0.0506 -0.0014  0.9662
 132 -0.0255  0.0060 -0.0211  0.0245  0.0473  0.0224  1.0325  1.0472  0.0729  0.0778  0.9427
 133 -0.0467  0.0629 -0.0415  0.0192  0.0020 -0.0040  1.0458  1.0300  0.0579 -0.0859  0.8980
 134  0.0689  0.0482  0.0701  0.0609 -0.0546  0.0502  0.9241  1.0266 -0.0862 -0.0296  0.9500
 135  0.0242 -0.0011  0.0271  0.0672  0.0060 -0.0364  1.0324  1.0050  0.0817 -0.0021  0.9200
 136  0.0896  0.0239 -0.0762 -0.0312 -0.0132  0.0363  0.9540  1.0475 -0.0358  0.0349  0.8585
 137  0.0064 -0.0620 -0.0225 -0.0104 -0.0584 -0.0525  1.0226  0.9918  0.0040  0.0760  0.9706
 138  0.0715  0.0129  0.0117 -0.0149  0.0575 -0.0277  0.9785  0.9435 -0.0637 -0.0574  0.8705
 139  0.0536 -0.0703 -0.0203  0.0464  0.0340 -0.0849  0.8991  0.9657 -0.0587 -0.0911  1.0439
 140  0.0251  0.0031 -0.0521  0.0941 -0.0276 -0.0606  1.0679  0.9638  0.0085 -0.0154  0.8873
 141 -0.0875  0.0239 -0.0381  0.0107  0.0278  0.0093  0.9620  1.1140  0.0233  0.0405  0.9564
 142 -0.0257  0.0715  0.0090  0.0716  0.0457 -0.0150  0.9266  1.0237  0.0934  0.1106  0.9562
 143 -0.0435  0.0359  0.0322  0.0222 -0.0267 -0.1116  0.9986  1.0461  0.0157 -0.0190  0.8504
 144  0.0142  0.0228 -0.0834  0.0159  0.0547  0.0029  1.0481  1.0044  0.0434  0.0629  0.9271
 145  0.0049 -0.0641 -0.0516 -0.0291 -0.0006 -0.0496  1.0439  0.9913  0.0874  0.0029  0.9659
 146 -0.0182 -0.0748  0.0556 -0.0069  0.0906  0.0069  0.8904  1.0951  0.0444  0.0728  1.0017
 147  0.0459 -0.0229  0.0211  0.0770  0.0162  0.0468  1.0079  1.0810  0.0524 -0.0589  0.9961
 148 -0.0952 -0.0188 -0.0010  0.0081 -0.0367  0.0255  1.0436  0.9737 -0.0218 -0.0823  0.8805
 149  0.0318  0.0410 -0.1645  0.0162 -0.0554 -0.0501  1.0417  0.9930 -0.0569 -0.1219  0.9555
 150 -0.0799  0.0453  0.0820 -0.0342 -0.0308 -0.0078  1.0037  0.9845  0.0277 -0.0762  0.9712
 151 -0.0122 -0.0202 -0.0598 -0.0206  0.0120 -0.0178  1.0196  0.9824 -0.0011 -0.0057  0.9968
 152 -0.1012  0.0166  0.0485  0.0312 -0.0395 -0.0957  0.9476  0.9731  0.1019 -0.0640  0.9071
 153 -0.0397  0.0059  0.0541  0.0376 -0.0315  0.0546  0.9466  0.9771  0.0210 -0.0012  0.9186
 154 -0.0168 -0.0730  0.0536  0.0446  0.0140 -0.0330  1.0194  1.0007  0.0889  0.0450  0.9744
 155 -0.0083 -0.0267  0.0170  0.0258  0.0038 -0.0090  0.9238  1.0511  0.0463 -0.0070  0.8457
 156 -0.0283 -0.0279  0.0318 -0.0239  0.0486 -0.0166  0.9967  1.0074 -0.0009  0.1028  1.0078
 157  0.0131  0.0161 -0.0324  0.0455 -0.0516 -0.0422  1.0107  0.9829  0.0585 -0.0001  0.8833
 158  0.0619  0.0646 -0.0234 -0.0033  0.0736  0.0883  1.1389  0.9845  0.0489  0.1013  0.8352
 159  0.0185  0.0443  0.0622 -0.0195  0.0307 -0.0419  0.8907  0.9898  0.0289 -0.0032  0.8951
