# model = krumsiek11.txt 
# tmax = 160
# branching = True
# nrRealizations = 10
# noiseObs = 1.0
# noiseDyn = 0.001
# seed = 0
# it   Gata2   Gata1    Fog1    EKLF    Fli1     SCL   Cebpa    Pu.1    cJun  EgrNab    Gfi1 
   0  1.4341  0.1283  1.1041  1.9679  0.2360  2.4226  0.9847  0.7591  0.3529  0.7797  0.4291
   1  0.9101 -0.9042  0.2202 -0.0195 -0.1039 -0.9096  0.8170  0.3304  0.6215  0.3456 -0.1573
   2  1.2879  1.1960 -0.4322 -1.1872 -0.1089 -2.1403  0.0830  0.4215 -0.5572  0.0929  0.6012
   3  0.3637 -0.3332 -0.4960 -0.5051 -0.1860  0.2414  0.0781  0.3686 -0.2506  1.5532  1.6902
   4 -1.7065 -0.1866 -0.3759 -0.6440 -0.4187 -0.0583  0.9316  0.6553  0.3521 -0.2138  0.4252
   5 -0.8999 -1.0986  1.0790  0.7877 -0.8006  0.2219  1.1502  0.0161 -0.5942 -0.4510 -0.9697
   6  1.6400  0.4207 -0.4281 -0.3591 -0.2105  1.5492  0.9093 -0.4647  0.4812 -0.6218  1.6092
   7  1.2022  1.0761  1.2542 -3.2640  0.2500 -0.7046  2.0080  0.9040  0.7935  2.0303 -0.2251
   8  0.3015 -0.5025  0.8266 -0.7109 -2.1303 -1.5864  1.1801  1.1782  0.1706  0.3000 -1.2353
   9  0.3225  0.4834 -0.1329 -0.0018  0.3890 -0.2180 -0.1279 -2.0389  1.6846 -0.5399  0.4269
  10 -2.1895  0.1664 -0.3042  0.4435  0.0287 -0.3630  1.7814  1.7959 -0.9873  2.3215 -1.5594
  11  1.9730  0.9198  0.4274 -1.4023 -0.7418  0.9448  2.6774  0.0941  0.8804 -2.7289 -0.5307
  12  0.2298 -0.5478 -0.2474 -0.1456  1.6023  1.4470  0.4220 -0.7034  1.9827  0.0413 -0.9832
  13 -0.0890 -1.2735 -0.3579  0.6034 -0.4686 -0.0680  1.2127  0.3371 -0.3110 -0.2097 -0.9961
  14 -1.9949  0.5260 -0.5917 -1.1191 -1.6757 -1.0552 -0.0533 -1.5383 -1.3552  1.9721  0.2440
  15  0.6855  0.5458 -1.0341  0.3747  0.4297 -0.9933 -0.4351  1.0068 -0.2912 -1.4222  0.9465
  16  0.1647 -1.1338  1.1599 -0.3313  1.5316  1.7602  1.9563  0.2322 -1.7854  0.0217  0.1496
  17  0.7215  0.5863 -0.0673  0.4740 -2.8097 -0.1184  2.3114  0.2633  1.3956  1.6595  1.5021
  18  0.8267 -0.4656  0.3098  0.8411  0.5375  0.1254  2.0462 -0.6342  1.0200 -0.2963  0.7519
  19 -1.3600  1.3078  1.1335 -0.1833 -0.8561  1.2411  0.6513  0.8645  1.1150  0.8751  0.4616
  20 -2.0403  2.2676 -0.7102  0.4267  0.2395  0.8886  1.1392  0.2235  0.5495  0.9679 -1.2290
  21  1.0172  1.3779 -0.7776 -0.7913  0.1839  0.4894  0.3451 -0.2888 -0.8721 -0.6847  0.5707
  22  1.8506  0.3626 -0.7523  1.1170 -0.8533 -1.1204  0.9302  0.4114 -0.9162 -0.5367 -1.4298
  23  0.4387  1.5266  0.3776  0.7547  0.5445  2.1812  1.3540  1.8635  1.2848 -0.3780  0.6479
  24  0.6219  0.8159 -0.1247  1.4739 -0.8316 -1.6202  2.2205  0.9214 -0.6235  0.1124  0.8769
  25 -0.1308 -0.4298 -1.5465 -1.6489 -0.8304  0.3454  0.6044 -0.1930  0.6345  0.3723  1.1575
  26 -0.1406  0.9716 -0.3125 -0.4767  0.0846 -0.2411  1.2652 -0.5383  0.2775 -0.2388 -0.6272
  27 -0.0834  1.1060 -1.2922 -0.6842  0.1940  0.9062 -0.1337 -0.3774  0.6955 -0.1924 -0.7861
  28 -0.4160 -0.8438  2.2564  0.2756 -1.1474  1.2940  2.0452  0.3174 -1.1352  0.9958 -0.1943
  29  2.8222 -0.6217  0.0978  0.0311 -0.0902 -1.5532  2.8085 -0.2396 -0.0415  2.0801 -2.4481
  30  2.0590  0.0585  1.5969  0.9931  0.5540 -1.0228  2.4104 -2.4892 -1.1419  0.4065  0.5659
  31 -0.6425  0.7415  1.8877 -0.9399 -0.6686 -0.4251  3.4739 -0.2520  1.7899  2.0934 -0.9360
  32 -1.1769 -1.1523 -0.4885 -0.1762 -1.4072 -0.5596  0.9955  1.6659  0.0250  0.5223  0.4797
  33  0.8556 -1.2690 -0.6089  0.4727  0.5509 -0.8365 -0.3782 -1.1697 -1.0761  0.2936  1.2554
  34  0.3517 -1.4537 -0.7001  0.1110  0.7538 -0.6120 -0.2163 -0.6959  0.6359  0.3486  1.6997
  35  0.3826  1.1465 -0.6539  1.0435 -0.3112  1.7479  0.9797  1.9368  0.8231  1.3159 -0.3281
  36  0.2849 -0.4242  0.2530 -1.1443 -1.0153 -0.0457  2.2134  0.8219  0.5753  1.3633 -0.7135
  37  0.5944 -0.9710  0.7260 -0.6858  0.9923  0.1947  0.2762  1.3551  0.8543  0.2058 -2.6224
  38  0.2083  0.6191 -0.9736  1.7602 -0.7573  1.2378  0.5788  1.4834  0.9841 -0.8446  1.3472
  39  1.3413 -0.3425  1.3708  0.7605  0.4485  0.6432  2.3714 -0.1927  1.0919  0.4346  0.2533
  40  0.0318  0.0043 -0.4972  3.0457  2.0977 -0.3895 -0.3941  1.1406  1.4181 -0.4922  0.7774
  41 -1.1347  1.6278 -1.4440  0.4202  0.6852  0.3885  0.4959  0.0007  0.7783  1.3483  0.0650
  42  1.1861  0.0551  0.3921  0.5973 -0.3527 -0.7433  2.2048 -0.2175  1.2784 -0.3729  0.2318
  43 -1.0944  0.7588 -0.6959  0.6073  0.0680  1.7278  1.1714  2.0458  2.8229  1.8122  0.4129
  44 -1.3419 -0.7859 -1.0460 -1.5276  0.0265 -1.3947  1.8821  0.8475  0.6246  0.5220 -0.0230
  45  0.5949 -0.3217  1.0131 -0.3681 -1.4994 -0.7357  0.7766  1.1915 -0.3841  0.0116  0.5847
  46  0.2410 -1.1164 -0.6613 -0.3039 -0.1728  0.7917 -0.2641 -0.4520  2.3768  0.0007  1.5931
  47 -0.5953 -0.5037  1.5246 -1.5119  1.3506 -0.1796  1.2656  0.2717  0.2741  1.4955 -0.9692
  48  2.2847  1.5770  2.0304 -0.8468  1.1884  2.0128 -0.6378 -1.1453  0.6848  0.1544  0.3089
  49  0.9245  0.6622  0.5575  0.2812 -0.9146  0.8274  0.4413  0.8834  1.0648  1.9062  2.6718
  50  0.5364 -1.3943 -0.6872 -1.0851 -0.0878  0.9554  3.1606  1.3245  2.1609  0.7629  0.8073
  51  0.4705 -0.4931 -0.2807 -0.1955 -0.0179 -0.3650 -0.2359  0.5245  0.9596  0.8391 -1.0582
  52  0.1004  0.3389  1.2333 -0.3519  1.1040 -0.7367  0.9916  0.7887  0.5079  1.0267  1.0802
  53 -0.0537  0.9657 -0.5962  0.1308 -0.0098  0.7959  0.4943 -0.0489  1.1235  1.3617  0.6093
  54  0.7884  1.1403 -0.5279  0.9115  0.8059 -0.4309  1.9417 -0.4018  0.1844  0.7484 -0.8244
  55  0.7199  1.2654 -0.6003  1.6089 -0.2542 -0.8043  0.5879  1.0964  0.8571 -0.2948 -0.9292
  56  0.3560  0.1317  1.5972 -0.4577  0.1227 -0.1990 -0.4553  0.5217  0.2602  0.1653 -1.2164
  57  0.2062  1.2686 -0.8391  0.7036  0.3874 -1.2081  0.4495 -0.3179  1.0171  0.4048 -0.0716
  58  0.2963 -0.1070 -1.1202 -0.9732  0.2950 -0.1570  0.0176  0.5300  0.0420  0.6388  1.4651
  59  0.2454 -0.5604 -0.6218 -1.3266  0.5463 -1.0465  1.2926  0.5241  1.0606  2.2980 -1.3964
  60  0.3390  0.1111 -0.3019 -0.8081  1.6122 -1.2900  2.1131 -0.9772 -0.7112  0.3883  0.4593
  61 -1.6231  0.0030 -2.4482 -0.5215 -1.4466 -0.8313 -0.6666 -0.0533  0.4068  0.4180  0.1229
  62  0.6369 -0.8284 -0.8829  0.4619 -0.4732  1.9730  0.2830 -0.7744  1.0920  1.1449 -0.5099
  63  0.8603 -0.9172 -2.7891  0.0466 -0.3902  1.4038  1.0881  1.1473  0.9638  0.8746 -0.9071
  64 -0.1214  0.0232 -0.5159 -1.8415  0.9642 -1.0090  0.9592  0.4919 -0.4626  1.1875 -0.1444
  65 -0.1397 -0.2462 -0.9577 -1.3660 -0.0479  1.1766  0.0517  1.2238  1.2146  1.4005 -1.4181
  66  0.7585 -0.4271 -0.7762  0.8202  1.4165 -0.6071  0.6859  0.6662 -0.0923 -1.4327 -0.4372
  67  0.0324 -0.8871  0.6010 -0.3540 -0.7162  1.7599  1.1092  1.2220  1.1978  2.0283  0.0532
  68 -0.0173  0.6890  1.5605 -0.1670  0.7666 -0.8992  1.8775 -1.0020  2.9121  1.6154 -0.8405
  69 -0.2572  0.2078  0.3851 -0.1738  2.4016 -1.0023  1.5168  0.8766  0.9584 -0.0885  0.6524
  70 -0.9517  1.3514  1.3657  1.8279 -1.2042  0.1134  0.9793  1.8156  0.8074  0.9892  0.2094
  71  1.2304  1.0526 -0.3830 -0.6198 -2.3000 -1.2519  0.5110 -0.3860  0.7115  0.9667 -1.4053
  72  1.4188 -0.1383  0.3378  0.2302 -0.1487 -0.5266 -0.8428 -0.6384  0.6565  0.2256  0.0127
  73 -0.0442  0.4591 -0.5059  0.9020  0.7672 -1.5201  0.2941  1.7190  0.4042  1.1953  0.1776
  74 -1.7859 -1.0508 -1.0679 -0.5740  0.0087  0.2835  2.2253 -0.3442  0.1417  1.2904  0.5725
  75  1.0789 -0.0098 -0.4530 -0.0185 -0.9567  0.9284  1.5076  0.4460  2.2531  1.5291  2.4059
  76  0.9136  1.2385 -0.6430 -1.1225  0.7519 -0.4222  0.9435  0.7693  0.1679  0.2884 -0.5360
  77  0.1731  0.4650  0.8775 -1.5574  0.9068  0.0666  1.5077  0.1262  2.0439  0.5540  0.6429
  78  0.0570 -1.9812 -0.7662 -0.7611  0.5806 -0.5107  1.1710  1.6379  1.6799  1.1479 -0.3738
  79  0.2537  0.6870  1.6852  0.5253 -0.7142 -0.9846  1.9479  0.9702  1.4420  2.1325 -0.3640
  80 -1.4367  1.7337  0.6659 -1.3413 -1.3628 -1.0986  0.6415  0.8944  0.4949 -0.8428 -0.3242
  81 -0.8772 -0.1023  1.5205 -1.4608 -0.0067  0.7870  0.6568 -0.7848  1.0607  0.8650 -0.3928
  82  1.6074  0.3433  1.2090  0.2439  0.9587 -0.6455  0.6537  2.6124  1.4430  0.8374  0.0276
  83 -0.1452  0.9652  0.1958 -0.3795 -2.3385 -0.5506 -0.9331  1.4066  1.2483  0.7580 -0.5811
  84  1.0707  1.0066 -0.8077 -0.1643  1.1504  0.2498  0.2014  1.3362  0.7438  0.4758  0.4354
  85 -0.7295  0.8269  0.3344 -0.4995 -0.8069  0.6874  1.8335  2.3369  2.4753 -0.2721  1.0645
  86  1.5900 -0.6273 -0.9760  0.0979  0.1802 -0.6296  0.2928  0.0686  0.9154  0.7497  0.8738
  87 -0.6781 -2.0754  0.3386 -1.6335 -0.5804 -0.0734  2.5665  1.0257  1.7100  1.8300 -0.7553
  88  0.6519 -0.8557 -0.1305 -2.3406  0.9808  1.1070 -0.2273  1.9293  1.6476 -0.1016  1.7482
  89 -0.4355 -0.1036 -0.3782  0.4963 -1.4076  0.1950  2.3918  2.1708  1.1160  2.5447  0.5012
  90  0.6381  1.1965  0.0629  1.4362  1.3467 -1.1361 -1.0176 -1.8180  2.9611  0.3827  0.1688
  91  0.3679 -1.4712 -1.5380  0.3807 -2.3052  0.5908  0.8289  0.8353  1.7018  1.0558 -0.5796
  92 -0.4041  0.0899 -0.3976 -1.3527  0.4503 -0.9564  0.7681  1.2921 -0.0279 -0.1768 -1.0752
  93 -1.4527  0.5871 -0.0875  2.0820  0.8032 -1.3109 -0.0389  1.2471  1.2492  1.1506 -0.6283
  94 -0.2985  1.0113 -0.3872  1.5752 -0.2187  0.3660  1.0646  2.3889  1.2653  0.0252 -2.1583
  95 -0.9226 -0.8493  1.9385  0.6030  0.0345 -0.4666  2.3086  3.1544  3.7580  0.2342  0.5161
  96 -0.2517  0.0134  1.1960  1.5139  1.5367 -0.6271  0.5253  0.6991  1.8591  1.2406  0.5645
  97 -0.7957  0.5899  0.2088  0.2683  1.8540  0.4261  0.4833  1.5814  2.0624  0.4140  1.4567
  98 -1.2313  0.5550  0.6403  0.7174  0.1738 -0.6156 -0.7315  1.6893  1.7407  0.1358  0.3514
  99  0.4626  0.0903 -0.2212 -0.1267  0.0358 -0.1759  0.7558  1.0341  0.1932  1.0839  0.0748
 100 -1.0539  1.4722  0.3586 -0.7002  0.9768  0.4499 -1.9260  3.6749  0.9102  1.7039 -0.7179
 101  1.4001 -1.0436  1.2221  0.0572  1.2091  0.1106 -0.1773 -0.3703  2.0014  2.0808 -0.3406
 102 -0.6857 -0.3327 -0.4835  0.1510 -0.0450 -0.8585 -1.0959  0.7613  0.3121  0.0088 -1.4301
 103  0.3292 -0.7930  0.2261 -0.4796  0.7690 -1.0357  1.5452  0.8963  2.1694  0.5622 -1.5003
 104  0.6156  0.0849 -1.5848 -0.6984 -0.3695 -1.1850  0.6372  1.1570  0.4009  2.0009  0.0870
 105 -0.4361 -0.9613 -0.7758  0.1581  1.2815  0.1491  0.0732  0.9420  1.6199 -1.4716 -0.6431
 106  0.4047  1.8213 -0.5487 -0.7029  0.2257 -0.3671  0.8595  0.5728  0.5153  0.9992 -2.6624
 107  0.5227  0.6175 -1.9615 -0.0033  2.2069 -0.8055  2.0643  1.8188  0.9440  2.2937  1.5544
 108 -0.4093 -0.4918 -0.1565  0.5109  1.0781  0.3876  0.9634  0.1505  1.3787  1.4700 -2.1215
 109  0.4592  0.3895 -0.7470  0.1524 -1.4879 -1.1527 -0.2402  0.8509  0.9314  1.3581  1.5872
 110  0.4746  0.6217  1.0888  0.9448  0.2903 -0.6677  1.3913  0.4174  1.4154  0.5084 -0.7702
 111  0.5265  1.5338  1.1159 -0.5752 -0.2727 -0.5514  0.5981  1.9831  1.3909 -1.0295 -0.1087
 112  0.3382 -0.4352  0.3176 -0.4956 -0.3251  0.9732  1.2416  1.3534  0.2226  2.1489  0.2632
 113 -1.8347 -0.1602 -3.2759  1.1710  0.3631  0.1539  2.0182 -0.9492  1.7898 -1.0392 -0.2580
 114  0.6241  0.8439  0.6214 -1.4333  0.2193  0.2334 -0.8102  0.1866  0.8181 -1.0602 -0.5238
 115  1.5483  0.7713 -1.4336  0.4608 -0.8112  0.9169  2.0204  0.5867  0.5247  0.8372 -0.0070
 116  0.0770  0.7394 -0.6057  0.1356  0.0758  1.1565  3.1530 -0.4286  1.7589  1.8414 -0.2872
 117  0.8853  0.3803 -0.3897 -0.2016 -0.4008 -0.6059 -0.3980  0.9634  2.0758  1.6712  1.0103
 118  0.9396  1.5768  0.4514  0.3013  0.8409  0.0920  1.6548  0.6928  3.0512  2.5629  0.3233
 119 -2.2362  1.1513 -0.2011  0.1691  0.3484  0.2394 -0.5614  1.7048  1.3764  1.5456  0.1107
 120  1.2453  0.0778  0.7163  0.6140  2.2642 -0.9519  0.9282  1.3687  1.6095  0.6934  0.9592
 121 -0.4126  2.3604 -0.0433  0.1800  0.3617  1.2482  0.1853 -0.7122  2.2252  0.2874 -0.7662
 122  0.3380 -0.2213  1.5249 -1.0877 -1.4790 -0.3893  0.2255  0.8231 -0.2942  1.2469  0.0249
 123  0.1697  1.5496 -1.0581 -0.3969  0.8139 -2.1836 -0.1782  2.7133  0.5900  1.2868  1.1759
 124 -2.0808  0.4868 -0.9624 -0.3905  1.3580 -1.2763 -0.3301  0.5758  1.3285  1.1384  1.3210
 125 -0.2265  0.2130 -0.3821 -0.4802 -2.7817  0.8612  0.1075  0.0250  0.9091  1.0147 -0.2133
 126  0.8492 -0.6369  0.4631 -0.6867  0.8083  1.7257  1.9073 -0.4112  1.5029  0.8378  0.8570
 127 -0.6318  1.1461  0.2627 -1.8074  2.3956 -0.1510  0.2471  0.6628 -1.5604  0.9715 -1.4898
 128 -1.8272 -0.4381  1.8231 -0.0529 -1.7070 -0.0457  1.6707  1.2287  0.7192  0.7197  0.6379
 129  0.5332 -1.9507 -0.1249  1.4875  0.7649 -0.4396  1.2033  1.3900  2.4206  1.3627 -1.2677
 130  1.4330 -0.8597 -0.5823  0.1212  0.5853  0.9893 -0.2419 -0.5285  2.5775  2.6339  2.5319
 131 -0.5833  0.0532 -0.4277  1.2241 -2.6192 -0.5691  0.9381  1.5140  0.0383  2.2856  0.5789
 132 -0.9484  2.2507 -1.4580 -0.5394  1.1350  2.6684 -1.9107  1.1842  0.5285  3.0753 -1.1888
 133 -0.3224  0.5246  0.6324  1.9073  0.7286  0.0694  0.4127  0.7956  1.5153  1.5303  0.9786
 134  1.8765 -1.9695  1.4075  0.4879 -1.0297  0.0012  0.8191  0.0255 -0.9158  0.2024  0.1332
 135 -0.8641 -0.7640  0.3186  0.5220  0.4219 -0.3818  2.3730  0.9569  0.1793  2.3131  1.5699
 136  1.6002 -0.3516  1.1079 -0.4286 -0.7195 -0.3821 -0.6465  2.4803  0.3295  0.4894  0.5200
 137 -0.6423 -0.2628 -1.4552 -1.0881  1.8071  0.4914  0.1835  1.6386  1.7684  1.2699 -0.4189
 138 -0.0839 -0.1782  0.3618 -0.8670  1.2686  0.4394  1.9787  0.2578  0.5665  1.4337 -0.5664
 139 -0.9935  0.2433 -0.7589 -1.5885  1.0624  0.8004  1.3706  3.2900  0.9103  0.2386 -0.7379
 140 -1.6019 -0.1183 -0.6514 -0.0485  2.2366 -0.3733  2.1817  0.4948  1.4008  0.2476 -1.2314
 141 -0.0694 -0.3826 -0.0053  0.8263 -0.0123 -1.3610  1.3812  0.2747  1.1282  0.2094 -0.6916
 142  1.1616 -1.6175  0.9744 -1.0981 -1.2298  1.2272  2.5402  2.8435  2.2663  2.8781  0.5729
 143  0.4787 -0.0908 -0.3605 -0.3231 -0.2744  0.0584  1.4295  1.3869 -0.1036  2.5869  0.6661
 144  0.4521  1.4651 -1.0843 -0.9363  1.5093 -0.0203  0.4597  1.7597  0.7625  1.5295  0.2620
 145  0.6312 -1.1443  0.6022 -0.7128 -0.0698 -0.4203  2.0105  0.2587  0.7308  1.2104  1.2560
 146  1.2870  1.1914  1.0899 -0.2302  0.5147  2.0351 -0.1489 -1.8611  0.8962  1.0490  0.1062
 147 -1.9995  0.0959  0.6975  0.4688  0.4802 -0.2192 -0.7877  0.2303 -0.0319  1.2888  0.3019
 148  0.9023  0.7165  0.3639 -1.0430 -1.0506  0.0734  0.8810  1.3382  1.6713  2.7279 -0.3650
 149 -1.4523 -0.8334 -0.0826  0.5084  0.2970  1.0389 -0.2092 -0.5230  0.5788  1.4341 -0.7288
 150 -0.0686 -0.6205 -0.4073  1.2855 -0.9349 -0.7333 -1.2024  3.3977  0.3781  0.8825  0.1916
 151  0.2117  1.5748 -0.2635  0.1132  0.8866  0.4673  1.2786  2.5509  0.9790  0.4167  0.4469
 152 -1.6638 -1.8627  1.3923 -0.7429  1.2471  0.6065 -0.3002  0.7121  0.3839  0.2488 -0.1734
 153  0.1020 -0.8933  0.5482  0.2958 -0.2525  0.8862  0.1178  1.2620  0.7619  0.5793 -0.7835
 154  0.3493  0.8066 -0.8009  0.1306 -0.2627  1.8054  0.0612  0.4893  0.3092  1.7325  1.5295
 155  0.6735 -0.4872  0.3159  0.0682  0.3109  0.7440  1.7891  0.1975  1.1994  1.4921  0.7578
 156  0.6655 -0.4906  2.2482  0.7816  0.0427  0.6685 -1.0894  2.2805  2.8508  1.9434  2.3635
 157  0.0217 -0.5081 -0.1682 -0.1041 -0.7450  1.8218  0.1692  0.0871  1.0878  1.8298  0.0901
 158 -1.6767  0.8240 -0.2548 -0.5977 -0.4797 -0.1512  1.1997  0.9946  0.8492  1.3459  0.4834
 159 -0.9648 -1.2904  0.0475 -1.2298 -0.0113  1.2912  0.9234  2.3082  0.1264  0.6221 -0.5007
   0 -0.8262 -0.9906 -0.3791 -1.3959 -0.3604 -1.9044 -0.4944  0.5459 -0.4655 -1.2959 -0.5528
   1  0.7793 -0.5248 -0.7059  1.2120  0.3910  0.2362 -0.4184  0.9978 -0.3141 -1.1479  3.1804
   2  1.4631  1.8493 -0.0710  0.9193  2.2606  0.6519  0.0890 -0.3591 -0.2359  0.4074  3.5040
   3  1.6071 -1.1835  0.2635  0.3095  1.2100 -1.2867  1.5713  0.8390 -0.4416  0.7885  1.3783
   4  0.8411 -1.2491 -1.1332  0.6072  0.4310  0.8833  1.8991  0.5314  0.7140  2.0352 -0.1203
   5  2.7846 -0.6570 -0.9029  1.1181 -0.3907 -0.7067  0.7146 -1.3813  1.6429  1.5983 -0.3713
   6  0.0509 -1.8429 -0.0595  1.1839 -0.7543  1.3684  2.3850 -0.4157 -1.0355  0.2435  1.6151
   7 -0.3879 -0.1041  1.3136  0.4440 -2.8052 -1.6271  1.3974  1.6038  1.1293 -0.7523 -1.0545
   8  1.9535  1.0918  0.0805  1.0294  0.3434  0.4591  1.2046 -0.8311 -0.9594  0.1919 -0.9845
   9  1.7832  1.3232  0.4737 -2.2274 -0.4238 -0.3828  1.2595  1.1808 -1.3332 -0.3313  0.5029
  10 -0.6743  1.7581 -0.6392 -1.4611  1.1065 -0.3714  2.1488  0.4502  0.5190 -0.2521  1.2718
  11 -0.6855  2.5781 -0.0280  1.3408  1.3695  0.2001  1.3971 -1.3258  0.7422 -0.4399  0.9675
  12 -2.0121 -0.6852  0.5021  0.0177  0.0342 -0.5914  0.5900 -0.0041  3.4529  0.0951 -0.9462
  13  1.2371 -0.0022 -0.2573  0.2470 -0.1089  1.3869  0.7191  1.2534  0.7568  0.9850  2.2050
  14  0.8895 -0.3358  0.6756  0.3691  0.9317  0.2503  0.5892  2.0969  0.3765  1.5210 -0.6283
  15 -0.3978 -1.0592 -1.7899 -0.3180  0.2818 -1.7029  1.3332 -0.1350  0.0270  0.6119 -0.0627
  16 -1.2380  0.4537 -0.1078  0.8034 -0.3288  2.0625  0.1436  0.3171  0.5906  0.4623 -0.2042
  17  0.2880  1.5666  0.5302  0.3096 -1.4150 -0.4223  2.3345  0.1916  1.4142 -2.2765  0.7194
  18 -0.1587  0.6657  0.0872 -0.0408 -0.7008  0.3623 -0.7106  0.4414  1.4886 -0.6695 -0.1455
  19  0.5054  0.3335  0.3676  0.2784 -0.4417 -0.3611  1.6439 -0.8415 -0.8247  0.4243 -0.0382
  20  0.7165 -0.3570 -0.8788 -0.5454 -0.0681 -0.3411  0.1953  0.4890  1.9524 -0.8551  0.0964
  21 -1.3348  0.0777 -0.3644  0.6116  0.1030  1.5575  1.2874  1.4181  1.1748  0.1589  0.6656
  22 -0.1328 -1.7475 -0.2814 -0.1060 -0.5226  0.2332 -0.6466  0.0194  0.9070 -0.3736 -0.7391
  23  1.4180 -0.8652  2.0631  0.6655  0.5841 -1.9034  1.7515  1.9842 -0.6446  1.0123 -1.5005
  24 -1.3774 -0.5835  1.0152  1.4330 -0.9065  0.5224  0.0171  0.4027  0.6144 -1.0012  0.3551
  25 -0.6415 -0.6820 -0.0266 -2.1170  0.0051 -0.1015  1.3690 -0.3681  0.1897  0.1350 -0.0992
  26  1.0922  0.6701 -0.8324  1.6964 -1.1802 -1.0895  1.5414  0.7896  1.4727  0.0003  1.9207
  27 -0.5837  2.6011  0.2571 -0.1477  1.5244  0.4782  1.7942  0.7999  0.0286 -0.5171 -0.4559
  28  1.2950 -0.6017  0.8144  0.6453 -1.2046  0.8051 -0.2307  0.9873  1.8212 -0.5158  0.7358
  29  0.5457 -0.1387 -0.4199  1.1047 -0.9070 -1.3119  0.9454  0.5991  1.4337  0.3419  0.6822
  30 -0.9902  0.3952  1.2839 -0.2461  0.4141 -0.2465  2.7272  0.7029  0.7306  1.1516  0.5987
  31 -0.9877  1.0779 -0.5228 -0.2767 -0.2663 -1.1881 -0.6413  0.4615  0.5575 -2.1444 -0.3452
  32 -0.2405  1.0332  0.9369  1.0000  0.3185  0.1261  1.0962 -1.4581 -0.8180 -0.2080  0.5669
  33  0.1240 -1.3896  2.4059 -0.1326 -0.8967 -1.3334  1.7497  2.3325  1.0992  0.1116 -0.2773
  34 -0.6197 -0.7861  2.3827 -1.1437  0.0543 -0.8911  1.2784 -0.1265  0.4312  1.9454 -0.2396
  35 -0.6257  1.1081  1.2150  0.4136  0.9780 -0.3939  1.8295  0.3267  1.5312 -0.2495 -0.1870
  36 -1.0495 -1.0117 -0.3070  0.4288 -2.1198  0.7844  3.1605  0.6552 -0.4774 -0.0033  0.6009
  37  1.0057  0.1735 -0.1375 -1.7082  1.0490 -1.9007  0.1154 -0.7462  0.3837  2.8100  1.2951
  38 -0.9725 -1.7648  0.4889 -0.9989 -0.1280 -1.2319  0.5503 -0.0387 -0.6482 -0.0996 -0.1915
  39  1.5669  0.4927  0.3201  2.0616  0.8673 -0.1953  1.9189  1.8199  1.6891 -0.6288  1.0497
  40  1.0983  0.0712  0.9202 -0.0577 -1.0632 -0.8202  0.4372 -0.5850  1.6888  0.7954  0.6583
  41 -0.0453 -1.1259 -0.1882  0.1829 -0.5334  0.3204 -0.1707  1.0224 -0.5077  1.9421  0.6002
  42 -0.3310  0.9824 -0.4957 -0.0749  0.9198  1.4456  0.7306 -1.1700  0.9118  0.1947 -0.3397
  43 -0.0520 -0.1780 -0.7252 -1.8289  0.5219  1.0706 -0.8132 -2.4094  1.6083  0.2959  0.4676
  44  0.3409 -1.7728  1.5508  2.8110  0.5798  0.3199  2.5326  0.5488  0.3279  1.4946  0.4315
  45  0.7211 -0.1804 -1.7658  0.0023  0.1830 -1.8321  1.2999  1.0566 -0.5781  0.2937  0.1897
  46  1.6274 -1.8803 -1.7887  1.5135 -0.7906  0.1155  0.1455 -0.9144  2.2987 -0.0866  1.2976
  47  0.0811  1.2778 -1.0502  0.6791 -0.1766  0.0255  0.8424  0.9785  0.2959 -0.0140  0.6335
  48 -0.2675 -0.4291 -0.0195 -0.3912  0.5038  1.3258  1.0968  0.3144  0.5743  0.3043  0.9961
  49  0.6311  2.2373 -0.1961 -0.8010 -1.2496  0.4014 -0.6969  0.6273 -0.3052  0.6628  0.3548
  50 -0.3771  1.2855  1.5843  1.1821 -0.6263  2.2634  1.6383 -0.8291 -0.5240  2.8288  1.6635
  51  2.4286  0.4677  2.7953 -0.8822  0.3588  0.3327  0.8860 -1.0154  0.1036  0.7368  0.0108
  52  1.2588  0.8627 -2.4378  0.2604  0.9026  1.0789  0.0595 -0.1116  0.1646  0.3195  0.5415
  53  1.2360 -0.3895 -1.6050  0.8009  1.0259  0.9142  1.1054 -0.7832 -0.8966  0.1286 -1.0043
  54 -0.1542  0.7924  0.7086  0.9363  0.5543 -0.7650  0.3118 -0.6611  1.3951  1.8921 -1.4527
  55 -1.4161  1.0566  1.7608 -0.1995  0.0724  0.2076  2.0863 -1.6336  0.9476  0.3532  0.1217
  56 -0.0323 -0.7062 -0.0041 -0.3140  1.1285  0.7474  0.7813  0.9074  0.4489  0.3742  0.8968
  57  0.4291  0.3343  0.6781  1.8375 -1.2177  0.4934 -1.3017  0.6305  0.7793  2.3151 -0.6871
  58  0.9622  1.0020  1.3548  0.3052 -0.9298  2.1554  0.2575  1.3167  1.5699  1.3660  0.1800
  59  0.3118  2.0957  1.0058 -0.1844 -0.5100  2.8890  1.7776  1.1527  0.3985 -0.8153  0.3167
  60  1.5616  0.5298  0.3321  1.1532  1.2773  0.8112 -0.5968  0.0282 -1.6545  2.0284  1.2555
  61 -0.5520 -0.1278 -0.8494 -0.1680  0.3619  0.8198  0.2540  1.4523 -1.0488 -0.5324 -0.2250
  62  0.5629  2.2958  0.7711 -0.7910 -1.0482  2.3806  0.5905  0.6859 -0.3018  1.9455 -0.2884
  63  0.5605  0.4921  0.2646  0.1684 -1.2844  0.3578  1.6019 -2.1915  0.2875 -1.0022  2.0075
  64 -0.1103 -1.0945 -0.1315  1.9124 -0.2491  1.0140 -0.1134 -1.0436 -0.1930 -1.1762  1.3177
  65  0.6890 -0.3828  0.0578 -1.4767 -0.1655  1.1587 -0.2315  0.5352  0.7771  0.2055  1.3574
  66  2.3962  0.3612  0.9738  0.0129 -1.0786  2.3578  0.6986  0.7810 -1.9646  0.7760 -1.4163
  67  0.1327  0.6262 -0.6936  1.1806  1.3384 -0.0227  0.8215 -1.2826 -0.6006  0.3224  1.2973
  68  0.4215  0.6701  0.0898  0.9156  0.2777  1.2565  0.1097 -0.3979 -0.7000 -0.3598  0.9215
  69  1.8428  1.7036 -0.8313  1.3380 -0.0344 -0.0189 -1.2365  0.0901  0.5403  0.2363 -2.1236
  70 -0.2825  0.4830 -1.1361 -0.6207  0.5228  0.2359  1.3634 -0.0294 -1.1114 -0.7871  0.9290
  71 -1.9368  3.0170 -0.1426 -0.7079  1.9683  0.4532  1.2975 -0.5029  1.9260 -0.1287 -0.3055
  72 -0.0984 -1.1703 -0.1765  0.9655  1.3217 -0.1453  0.5944 -0.5779  0.8355  1.7526  0.8657
  73  2.3296 -0.7672 -1.3810  1.9803  0.7261 -0.3423  0.4924  1.7564  0.3132  0.8308 -0.3092
  74  0.3968  0.8929  1.7818  0.3268 -0.3448  1.1646 -0.8090 -1.3282 -0.0968 -1.1813 -0.8620
  75  0.5712  2.2407  0.0842  1.3441  0.2136  0.5221  0.0347  0.4238  0.3868  0.4267 -3.5145
  76  0.5655  1.9170  0.9773 -0.5495  2.0089  1.9845  1.2730 -0.1117 -0.0961 -1.0482  0.7597
  77  2.4952  0.1787  0.0903  0.5151  0.1466  1.0720  1.5432 -1.9907  1.2033  1.1269 -0.2521
  78  0.5655  1.1976 -0.5349  0.3921 -0.8302  1.3235 -0.7743 -0.2881  0.3366  0.7270  0.1955
  79 -1.2001  1.9509 -1.1097  0.6399  0.5332  3.6335  0.2289  0.0372  1.4416 -0.1665  0.5924
  80  0.4791 -0.5483  2.0041 -0.0487 -0.7135  0.4466  0.9008  2.1444  0.0271 -0.2300 -0.4554
  81  0.4153  1.7775  0.5460  1.5665 -0.3241 -0.2006 -0.0061 -0.1037  0.1964 -0.5929 -1.0711
  82 -0.1365  1.4858  0.6973  0.5568  0.6591  0.4245  0.1795  0.9244 -0.0613  2.3541 -1.0862
  83  1.9025  1.5027  0.7024  0.8512 -0.0539  0.9449  0.6873 -0.7258  1.6914  0.9126  1.3801
  84  2.0593  1.0024  1.3266  0.4957 -0.9735  1.7268  0.3693  0.8295  0.1015  0.1217  1.6208
  85  0.9443  0.6138  2.0451  0.8798  0.4213  1.2301  0.2329  0.0198  1.1748 -0.1924  0.2911
  86  0.3934 -0.1749  0.4798  0.5233  0.2638  0.7031  1.2118  0.7923 -1.9728 -1.3763  1.9952
  87 -0.7908  0.7543  0.1754  0.0018 -0.4351 -0.2430  1.0140  1.3888 -0.7762  0.6369 -1.2443
  88  0.3136 -0.1773 -0.4109 -0.1654 -0.2562  2.7438 -0.1747 -1.0890 -0.0026  1.5237  0.6855
  89  0.4793 -0.2708 -0.7164 -0.0567  0.5701 -0.6424  0.7551  1.2349 -0.5297  0.5453  1.2359
  90 -0.5979  1.4139  0.7659 -2.0944  0.1135  1.9515 -2.2839 -0.2951 -0.2469 -0.8846  0.2040
  91  1.1083  1.6950 -0.1773  1.9299 -0.4302 -0.7145  1.0312 -0.3262 -0.2680  0.2544 -0.5163
  92  1.6161  0.0764  1.3222  0.0427 -1.3925  1.2838 -0.5654  0.0053  0.2808 -1.3959  0.3559
  93  0.2270  2.3643 -0.4133  0.8759  0.5674  1.5451 -0.6991 -1.0669 -0.5287 -1.4371  1.2897
  94 -0.0824  0.2208  2.1841 -0.2019 -0.8093  1.2413  1.9254 -1.3401  0.1827  1.6620 -1.1068
  95  0.7807  0.8661  1.3069 -0.6508 -0.0188  1.1850 -1.9011  0.0166 -0.2297  1.7442  0.6363
  96  1.1492  0.2737  0.0602  1.0217 -0.3692 -0.8307  0.6251 -0.4319 -0.9987  1.6231  2.2717
  97  1.9715  1.4551  0.7597  1.1417  0.6937  0.7655  0.5643  0.8548  1.6857 -0.8533 -0.1141
  98  0.4548  3.5803  0.4708  1.3560  1.9654  1.5742 -1.5380 -1.5308  1.2281 -0.0451  1.0600
  99 -1.5453  1.2007  0.2914  1.0507  1.7077  0.2509 -2.3084  1.7424 -0.5213 -0.0708  0.0995
 100 -0.9478  1.4463  0.8273  1.5594  0.6064  0.9240  0.3887  0.9863 -0.1930  0.0650  0.3769
 101  0.9823  0.2137  0.8970  2.1654  1.3046  1.5407  1.6115  0.0240 -0.8195 -0.0435 -0.0249
 102  1.7619  1.0485  0.8828  0.6685 -0.0525  0.4247 -0.4525 -0.4962  0.1228 -1.1242 -0.3404
 103  1.4185  0.2982  0.9190 -0.0328 -0.2663 -0.2230 -0.4271  0.5973  0.9813 -0.5928  0.4104
 104 -1.9671 -1.1319  1.7133 -1.3537 -1.3411  1.1563  1.3498 -0.6375  2.5580 -1.3354  0.5871
 105  2.2589  1.1034  0.2530  2.0588 -1.1303  3.2543  0.8021 -1.6270 -1.7527  1.2531 -0.3236
 106  0.9781  1.9726  1.0999  0.3800  0.8441  1.9685 -0.6364  2.4907 -0.0981  1.4649 -0.7694
 107  2.8031  1.1606 -1.5654  1.1089 -0.4133  0.6703  0.6985 -0.9839  0.1908  0.2063  1.7747
 108 -1.6687 -2.5636  0.1249  0.8109  0.6305  1.6722 -0.3359  0.1148  1.5406 -1.2155  0.2298
 109  0.1470 -0.0787  0.3683 -1.1677  0.7291  1.0240  2.0997  1.8485 -0.5261  1.8098 -0.6174
 110 -0.2683  0.0040  2.0348  0.6554  1.6371  0.8317  1.2901  0.4443  0.0360  0.7373 -0.2018
 111  0.3313  0.8739  0.9291  2.1282 -0.2169  1.4442  1.5136 -2.7395  0.3911 -2.0059  2.0506
 112  1.2695  1.9831  0.2306  1.4224  0.6060  2.2144  0.9669  1.3013 -0.6575  1.4680  1.1415
 113  0.8944  1.5823  0.8070  0.3022  0.0042  0.7399 -0.6777  0.6297  2.1880  1.1227  2.3520
 114 -1.0541  0.9462 -0.3279  1.6274 -1.0448  1.9684  1.5410  0.1226  0.3731 -0.5000  1.0311
 115  0.8402  1.2043 -0.3177  0.9139 -0.6311  2.8576 -0.6607  0.5313  0.3747  0.7739  1.0722
 116 -1.1228 -0.3950 -0.4700  1.4163 -0.2216  0.6477 -0.0392 -1.5553 -0.0505  1.2316 -1.6433
 117 -0.7612  2.0570  0.4016  0.5698  1.2440  1.8035  1.2383 -0.4822  2.0709 -1.0579  0.8296
 118  0.7115  0.8041  0.7794 -1.0242 -1.2638  0.4404 -0.6083  0.4929  1.3095 -0.0568  1.4121
 119  0.7424  0.0990  0.4860  0.3105  0.8859  2.0326  1.2783  1.0857  0.0952  0.3639  0.9497
 120 -0.1955  0.8721  3.0737  0.0667 -0.0765 -0.1868 -0.7121 -0.1859  0.4633 -0.1128 -0.7409
 121  0.1589  0.0316  1.8908  1.0843 -0.1695  0.1514 -0.3945 -0.5373  0.1935 -0.1703 -0.7841
 122  2.2460 -0.0259  0.4849  0.9414 -0.5199 -0.2688 -0.3614 -0.8105  1.5726  0.7851 -1.4123
 123  1.1085  1.0760 -0.0535 -1.4354  0.4675  0.4232 -0.7595 -0.3445  0.0587 -1.5154  1.4821
 124  0.2846  0.0826  0.6842  0.8001 -2.2689 -0.7469 -0.3124 -1.5825 -0.9267 -1.8276 -0.6004
 125  0.8090  2.8922  0.3271  0.2094 -1.6141  0.9954 -0.8571 -0.1686 -0.4270 -0.6070 -0.5112
 126  1.8366 -0.2455  0.4315  0.0741 -0.7208  2.3957  1.1717 -1.1932  0.2402 -0.2216  0.5309
 127  0.6411  1.2054 -0.0387 -1.3936 -0.2313 -0.2667  0.5232 -0.7561  0.5661  1.3350  1.0070
 128  2.3241  1.2657  1.2068  1.6911 -0.5969  1.4915  1.7265  1.7511  1.2170  0.8912 -0.6120
 129 -0.8365  0.7588 -0.1214  0.5865  0.1760  0.8354  0.4106 -1.0291  0.1025 -0.2016  1.0227
 130  0.6145  0.5077  0.0039  1.8075 -2.1405  1.3922  0.2901  0.8634 -0.0835 -1.3663  0.6167
 131  1.2134  0.6628  0.6750  1.1705  0.5787  1.5462  1.6798 -0.1620 -0.1056 -1.1560  0.8702
 132 -0.1900 -0.7487  1.2851  0.0376  0.1805  0.1448  1.3075 -0.9139 -1.5175 -0.1551 -0.0820
 133  0.3659  0.7951 -0.0567  2.1623  1.0506  0.7362  3.0085 -1.0749 -1.2885  0.4644  1.2872
 134  0.3296  1.3838  1.3061  0.1203  1.2538  1.2817  1.2283 -0.6373 -0.9957  1.0995  1.6473
 135  0.3074  0.9778  0.5384  1.0742  0.5272  0.9726 -0.0391  0.2928  1.3142  0.4892 -0.6423
 136 -0.1964  0.8164  0.9695 -0.3335  0.0961  1.5532  0.3219  0.4853 -0.7150  0.2019 -0.5776
 137 -0.1982  1.4992  0.4968  1.2131  0.4848  0.4457  1.7083 -0.2944 -0.4882  1.2725  1.4322
 138  0.3248  1.4612 -1.8863  1.0595  0.6229 -0.6350  1.3694  0.6346 -0.4176 -0.4915  0.8531
 139  1.4744  0.3396  1.9896 -1.4163 -0.9135 -0.7109  1.6069  1.1082  0.4091  0.3517  0.2698
 140  1.6683  2.6207  0.5958  1.9610 -0.6909  0.5802  1.1915  0.8447 -0.8307  1.2099  0.0563
 141  1.0613  0.9987 -1.1320  0.3891 -0.8412 -0.2991 -1.7534  1.0983 -0.6965 -0.2139  0.2426
 142 -0.4997 -0.4851  2.0345  1.2996  0.7370  1.4420  0.2190  1.6018 -0.9874 -1.6754  1.4152
 143  2.3030  1.0150  0.6165  2.3080  0.1566 -0.3263  0.6271 -0.8594  1.0440 -0.9786  1.6353
 144 -0.7672  2.9421  0.2342  1.6465  0.2012  1.4646  0.5753  1.0497  0.1264  0.3525 -0.2488
 145  0.5732  1.8058  1.2279  2.0957  0.3284  0.1353  0.1600  0.0469  0.8183 -0.2755 -0.8675
 146 -0.5426  0.9935 -0.4499  0.0466  0.1163  0.7801 -2.2646  1.3515  1.5073 -0.1989  1.2803
 147  0.4812  1.3635  0.4827  1.6930  0.9577  2.5905  0.5183 -0.2587  1.4914  0.6892  0.6689
 148 -0.4953  0.8036 -1.2209  0.4503 -1.9859  0.3137  0.7219 -1.9224 -0.3186 -1.2503 -1.0493
 149 -1.6875  1.7164  0.5184  1.7164  2.1367 -0.1036 -0.5464  0.3367 -0.6634 -1.0908  1.6184
 150 -0.2752  2.2809  1.4466  1.1144 -0.2828  0.8577  0.7985  0.0176  0.6465 -1.3060 -1.0694
 151 -0.5770  0.7238  0.1151  1.2638  0.1861  1.8928  0.7238 -0.5206 -0.3764 -0.9173 -0.0466
 152  0.0576  0.0910  1.0257  1.3840  1.3591  0.1518  0.5446  0.8188  0.8805 -0.6509  2.6410
 153  1.1005  0.9273 -0.2664  1.7399  0.5204  2.1472  1.9318  0.6195  1.5924 -1.8503 -0.6088
 154  0.8365  0.5117  1.3387  0.8235  0.4574  1.3224 -1.0734 -0.1198 -0.9111  0.4308 -0.1120
 155 -0.5396  1.2744 -1.7331 -0.3379 -0.5172 -0.9764  1.3451  0.5580  0.8757  1.1845  0.0336
 156 -1.2134 -0.8770  1.0067  2.5787 -0.2387  0.4872 -1.3678  0.3443  0.6966 -0.7980  0.9654
 157  1.0540  1.8324 -0.4904 -0.1918  0.3432  2.4852  0.8571  0.8230  0.0533 -0.1448 -0.2204
 158  0.0373  0.2975  0.9519  0.7418  1.8249  2.3797 -1.0077 -0.0241 -0.6430  0.0763 -0.2809
 159  0.6980  0.8083  0.9917 -0.9461  1.6535  0.2775 -0.4282  0.8140  0.9904 -0.1039  0.1643
   0 -0.6180  0.7777  0.9181  2.0298 -1.4464  0.1609  0.3437 -0.0971 -0.2131  0.1790  0.1754
   1  0.4052  0.1122 -0.5751  0.6238 -0.1025 -1.0690 -1.7884 -1.2452  0.0131  0.3640  0.2843
   2  0.3576  1.0967 -0.4149  1.2305  0.6497  1.6026 -2.2993  0.9638  0.5682  0.3653 -0.2426
   3  1.7765 -1.7747 -1.3160  0.4891  1.6796  0.0085  0.4648  0.4761 -0.4904 -0.9044  0.9965
   4  1.2223  1.4744 -2.2127  1.9892  0.6188 -1.5077 -1.5867 -0.5153  1.0802  1.5658  0.2433
   5 -0.8409  0.5239 -0.1886  0.5061 -0.4461  0.0122 -0.0830  1.4940  0.3398  0.6228 -0.2923
   6  0.3107  2.0201  1.2632 -1.7369  0.8798  0.2308  0.3743 -0.2569  1.0469  0.1989  0.9157
   7  1.0472 -0.1623  0.8325 -0.2121  1.2329 -0.1919  1.6077  0.4955 -0.8970 -1.2224  1.5220
   8 -1.2768  1.3832 -2.5954  0.8827  0.7839  1.2335 -0.1997 -1.2236  0.7065 -0.2821  0.3597
   9  0.6616  1.7350  1.8065  0.0836  1.0799  1.0693  1.1077 -0.2530 -2.0400  1.1520  0.9835
  10  2.3546 -0.0414 -0.7595  0.1602  0.9044  0.2831  2.9422 -0.2315 -1.9004  0.4317  0.0655
  11  0.4177 -0.7838  1.1011 -1.6435 -1.6462 -0.7127  1.0677  1.3244  0.5812  0.1094  0.8775
  12  1.1769  1.2835  0.3524  0.4022  0.4043  0.3601  0.4769  1.6860 -0.3259  1.6221  0.4942
  13  0.1730 -0.1458 -1.1659 -0.3698 -0.3088  1.6440  1.0853 -0.3801  0.6644  0.4482  0.8243
  14  1.9442 -0.1527  0.0364  0.0373  0.1417 -0.4167  0.1597  0.3239  2.7571 -0.7289  0.1693
  15  1.7293  0.0147 -1.0628  0.8856  0.7526 -0.2230  0.2208 -0.8080 -1.3389 -0.3611 -0.3428
  16 -0.1107  0.8137  1.4747 -0.1186  1.2632 -0.6267  0.2972  1.5929  0.3131 -0.9171  0.3420
  17 -2.0273 -1.6963  0.8685  0.4667 -0.9832 -0.3313 -0.5997  0.2727 -1.6935 -0.9061  0.1415
  18  0.2457  0.4354 -0.9313 -0.3960  0.6395  0.5476  1.4161  0.0751  0.0088 -1.1567  1.1427
  19  0.0673 -1.2265  0.2458  1.4506  0.8756  0.0402 -0.6336  0.3865  0.6965 -0.3828 -1.3024
  20  0.1085 -0.7373 -1.6742  0.7735 -0.1204  0.7907  1.1498 -0.2893  0.0056  0.3292  0.0835
  21  0.8462  1.1238 -0.0828  0.0883  0.0736  1.6876  1.2314 -0.8457  0.2120  0.7355  0.6890
  22 -0.2785 -0.2755  1.0477 -0.9766  0.5916  1.3584  0.1541  1.1159  0.3411 -0.8220  0.4629
  23 -0.4768 -0.6524  2.6588  1.1823  1.2724 -0.3465  1.1367 -0.0681  0.2771 -0.6609 -1.1303
  24 -0.4545 -0.2180  0.1178  0.9286 -0.2427  0.4852 -0.8220  0.9220  0.9295  0.7256  0.2110
  25 -0.3614  0.6697 -1.4943 -1.2361 -1.7803  0.8759  0.2769  0.0120 -0.5733 -1.3186  0.4043
  26 -2.4368  0.9950 -0.5131  0.1582 -0.8669  1.8800  0.1858  0.6434 -1.4146 -1.9148  0.2924
  27 -0.2811  0.1838  0.1673  0.8199 -0.1251 -0.0361  1.6257 -0.1804  0.6972  0.4301  0.8736
  28  0.7497 -0.6122 -0.2166  0.0188  0.0355 -0.5799  1.2977  1.2638  1.3836  1.2773 -0.2402
  29  0.7199  0.4272  0.4568 -1.0012 -0.0310 -0.4973  1.3430  0.9137 -0.6771 -0.2467 -0.7714
  30 -0.5927  0.9160 -1.5216  0.5341  1.1079 -0.2211  2.5668  0.9385  1.1648  1.2891  1.1079
  31 -0.9666 -0.1122 -0.9206 -1.8261 -0.0666 -1.4272  0.4664 -0.0165 -1.9769  0.4587 -0.5815
  32 -1.3246  0.2335 -0.2483 -0.3810  0.2349  2.4140  1.5714  1.6858 -1.3579 -0.7670  0.0457
  33 -2.0192  0.4295  1.1956 -0.5046  0.6354 -0.6681 -0.1878  0.5905  0.3505  2.1834  2.4682
  34 -1.0018  1.3663 -0.3902  0.0966 -0.3880 -0.1970  1.9469 -0.2032  0.9812 -1.4375 -1.4598
  35 -0.7807  1.0757  0.2265  0.5615 -1.8874  1.2832  0.7141 -0.6833  0.6714  0.4461 -1.3005
  36 -0.8656  0.7957  0.7805 -1.1983  1.6838  0.3377  1.1780  0.1095 -0.6662 -1.7828 -0.7246
  37 -0.7667  1.7693 -1.2947 -0.5491  1.1687  1.7436  1.1425  0.0956  1.4336 -0.4578  1.0850
  38  0.4177  0.4692 -0.8614  0.0016 -0.2066  0.3306  1.2683 -0.7242 -1.7696  0.5387  2.0339
  39  0.8163 -1.2705  0.2510  0.8261 -1.0663 -0.5072 -0.5556 -0.0309 -0.7674  0.4589 -1.1245
  40 -0.5770 -0.0957 -1.3668 -0.2053 -0.3573  0.0823  0.5743  1.9430  1.3512  0.9018  0.8911
  41  1.0322 -0.0162 -0.3181 -1.3635  1.2109  0.3245  0.3955 -0.8712  1.7255  0.0005 -0.5581
  42  0.1142  0.0200 -1.7276  1.7350 -0.6081 -0.8125  1.5117 -1.0424  1.3308 -0.2123 -0.1547
  43  0.5363  0.2878  2.3888 -0.7970 -0.2762 -0.9228  0.8908 -0.6505 -0.7982  1.2974  0.9153
  44 -0.0273 -0.2581 -0.8355 -2.0623 -0.1549  0.8258 -1.1322  0.1571  2.0223 -0.2029  2.4003
  45 -0.8085 -0.0268 -2.2688  0.5477 -0.1795  0.5723  2.1405 -0.0354  0.8464  1.8073 -0.4821
  46 -1.4874  1.6692  1.3369 -0.1792  1.1185 -1.2594  3.6472  1.5080  1.5246  0.6398 -0.4689
  47 -0.8533 -0.6294 -2.3268  0.3766 -1.1310  1.4205  0.7845 -1.1038  1.1211  4.5089  0.9031
  48 -0.3691  1.2342 -0.4711  1.2392 -0.6646  1.1975  2.4110  0.4337  1.2825 -0.7891  0.5401
  49 -0.4125  0.8553 -0.3078 -0.6194  1.5053 -0.9375 -0.3638  0.9757 -0.4233  0.6857  1.6962
  50 -0.8540 -0.6967 -1.2419  0.7162  0.4278  0.3732  0.5997 -0.3162  1.1606 -0.9174  0.6499
  51  0.3510  0.0701  0.4612  1.3489  0.3016  0.1985  0.8086  0.7975  0.3401  2.1926  0.3849
  52  0.7753  1.1441 -0.3602  0.1861  0.4680  2.5135  0.6096  1.6800 -0.2383 -0.0853  0.4590
  53  1.2652  0.1746  0.9713 -0.1836 -0.5364  1.0164  1.3881  1.8803 -0.0637  0.8366  0.6712
  54  0.3515  0.3031 -1.3776 -0.0660 -0.2212 -0.6796  1.3247  0.1565  1.7688  0.5538 -0.6215
  55  0.6924  0.1372  1.7610 -1.6054 -0.5370 -0.3946  2.4637  1.2948 -0.5873  0.3944  0.2505
  56  1.0987  0.0792  0.6112 -1.2150  0.6709 -0.8876  0.9210 -0.6688 -0.0968  0.5340  1.1499
  57  0.4328 -1.5106 -1.4802  1.7833 -0.4280 -1.0190  0.8038  1.0741  0.0371 -0.1342 -0.6952
  58 -2.0276  0.1651  0.3307  0.6638  1.2767 -0.2821  2.0166  0.9714 -1.5224  0.9575 -0.8699
  59  0.6567  1.3518  0.5676  0.9740  2.5095  0.4948  0.3906  0.1101  0.9521  0.7277  1.2665
  60  0.4568 -0.0965  0.8664  0.3100 -0.0989  0.9708  2.5039  0.3867  1.1377  1.9729  2.0902
  61 -0.1167 -3.3177  0.1048  0.7000  0.1212  1.0991  1.8900  0.4264 -0.0277 -0.0256  0.0409
  62  1.1960 -1.2025 -0.4438  0.9291 -0.9825  0.5417  0.4755  1.8599  0.5056  0.4582  1.2234
  63 -0.4121 -0.8326 -0.1109 -0.8675  0.2752  0.0796 -0.0943  0.6958 -0.8786 -0.0407  0.9062
  64  1.3550  0.4096  0.4156  0.7877  0.6670 -0.5450  0.2766  0.5378  0.7223  2.3801 -0.6225
  65  0.2162  3.0205  0.6533  0.1703 -0.2406  2.0286 -0.1833  1.4036  1.0665  0.9965 -0.0013
  66  0.0398  1.2101  2.3763  1.8529  1.6595  2.3415 -0.8942  0.8772 -1.8095  0.2145 -0.2803
  67  0.8269 -0.2811  0.3156 -0.5574 -1.2117  0.5905  1.0242 -1.3625 -1.3038 -1.5163 -2.4625
  68  1.6567  0.9628 -0.0111 -0.2964  0.2427  0.5077  0.1592  1.0974  0.7480  1.5110  1.5409
  69  2.5337  0.7373 -1.0290  1.4332 -1.3110  2.1211  1.1392  2.0667  1.1641  0.8102  0.0842
  70  0.1201 -1.5064  1.0444  1.5133  2.1866  0.1549  1.0183 -1.2486  0.6127  0.7803 -1.9353
  71 -0.5689  1.6007 -1.2278  0.5361  0.6230  0.4244  1.1899  0.7166  0.6107 -0.4732  0.2997
  72  0.8405 -0.1798  0.3608 -1.5803  0.9982  0.3684  0.3320 -0.2811 -0.7185 -0.2950 -0.9667
  73  0.6901 -0.2384  0.7073 -0.3181  0.0208  0.9408  2.7027  0.7516 -0.8127 -0.0280 -1.3712
  74 -0.1124  0.1260  0.4142 -0.1257  0.4187  0.0717 -0.1252 -0.4935 -0.1362  0.4490  1.6812
  75  1.4494  2.2508 -1.6257 -1.1899 -0.4802  2.8376  1.9282  1.0632  0.0785 -0.5045  1.0473
  76 -0.3804  0.4377  1.2551 -0.3805 -1.5166  2.0761 -0.1067  0.2791  0.2421  1.7094  0.9108
  77  0.6714  1.9678 -0.4963  0.2529 -1.0059 -0.5680  0.7440 -0.9417 -0.4517  0.6901 -1.0156
  78  2.1625  0.6666 -0.3957  1.3802 -1.4634 -0.9936 -0.1338  1.7418 -0.4196  1.0466 -0.0125
  79  0.4322  0.2244  0.4604 -1.4763  1.4311 -0.2095 -0.1799 -0.9763  0.4735  0.0687 -0.7472
  80  1.0372  0.8526  0.4442  1.3960  0.3309  1.9203 -0.1577  0.0836 -0.9508  1.0849  0.2093
  81  1.0895  0.9595  1.2660 -1.1523 -0.1522  1.5376  0.1542  0.7486 -0.3858  1.3867  0.6057
  82  0.9925  0.9345  0.1310  2.0128  3.0487  0.5315  0.8034 -2.3569  0.5098 -1.4337  1.3947
  83  1.5848  1.0671  1.0531  0.5165 -1.9499  0.7523  0.1813  0.4286  0.4074 -2.0856 -1.3380
  84 -1.4388  1.6207 -0.9440  0.1147  0.5146  1.5778 -1.5563  0.2848 -0.4867  1.4156  1.4241
  85 -0.1152  1.3087 -1.1641  0.4271 -2.2972 -0.0477 -0.0336  0.7315  0.8091 -1.3652  1.0239
  86  0.5572  1.0377  0.2508 -1.7662 -0.5360  1.0985  1.1368 -1.5944 -1.5518 -0.6276 -1.7809
  87  0.7343  0.9516  0.4067  0.8735  0.8749  0.5581  1.7341  0.0717 -0.2040 -0.5216 -0.7922
  88  1.4249  1.1236  1.5917  1.6631 -0.9663 -0.0390 -0.3661  1.0621  1.2340  0.6696 -2.0938
  89  1.0598  1.9091  0.2281  0.5379  1.4304 -0.5174  0.3289 -0.2536  2.8466  0.3419 -0.4815
  90  0.5748  1.5689  0.2578  0.2957  0.5379 -0.5750 -0.6924  0.3167  0.3093  0.7752  0.1853
  91  0.9181  1.0613  0.6129 -1.0336 -0.8036  0.2373 -0.6249  0.7209 -0.7060  2.1909 -0.2125
  92  1.9390 -0.0428 -0.0339 -0.4539  0.4941 -1.1736 -0.4343 -0.7651  1.6676 -0.4205  0.2999
  93  0.5511 -1.4499 -0.8831  0.0667 -0.1076 -0.9869  1.0351 -0.5740 -0.4388 -0.0171 -2.4238
  94  0.6361  1.7348  2.4933  0.0337  0.1818  1.0584  1.0425 -0.1432  1.7263 -0.4364  0.4700
  95  0.8531  2.3753  0.5047 -1.5128  0.0647  1.6090  1.2129  0.3512  1.4587 -1.1412 -0.1688
  96  0.3745  1.4764  0.1279 -0.6587 -0.8538  1.2316  1.4174 -2.2627  0.5953  0.8519 -1.3412
  97 -0.2013  2.1324  0.0939 -0.4579 -0.8302  0.1737  0.5257 -0.1631 -0.4571 -0.9647  0.2644
  98 -0.0389  0.0826  0.2714 -1.0982  1.1175 -0.5057 -0.7925 -0.5410  0.9285  0.5346  0.8099
  99  0.0342  0.7994 -0.2078  0.1762 -1.3277  0.3557  0.3590 -0.6799 -0.3844  1.7680  0.6419
 100  3.0329  2.5334 -0.3785 -0.2644  0.4904  2.7824  0.0502 -1.1298 -0.3157  0.8361 -0.8910
 101  0.7800 -0.0929  0.6764  1.3367  0.4564  0.4889 -0.4186 -0.0463  0.5012  1.9138  2.5556
 102  0.7567  2.0573 -1.4032  1.0330  1.1806  2.0437  2.4724  1.4817  0.6802  1.9932  0.5377
 103  1.2130  0.1830  1.9613 -0.9558 -0.6991  1.8318 -0.6112  0.6827 -0.2376 -0.5247  0.2385
 104  1.7467  0.8847 -0.0130 -0.7472  0.3687  0.4210 -0.1984  0.1105  0.4095 -2.5044  0.1606
 105  2.5530  1.3655 -1.4431  2.1438  0.1409  2.5178  1.1552  0.2185  0.7259 -1.2935  0.9491
 106  0.8164 -1.7236  0.9662 -2.2209  1.9337  1.8776  0.9617  0.8853 -1.7534 -0.3837  0.0771
 107  1.9313  1.7938 -1.2896 -0.0047  0.5675  1.1460  1.8704  2.0663 -2.7264  1.1700 -0.2637
 108 -0.2799  3.0425  0.9818  1.1147 -0.1320  1.8205 -0.0764  0.6274  1.3878 -0.6960  0.2587
 109 -0.6256  0.4783  1.7540  0.1201  0.6459  1.3560  0.2607  1.8864 -0.5768 -1.0277  1.9025
 110  0.7279  0.6068  1.8653 -0.1989  0.0641  1.0294  0.6988  0.7504 -0.4271  1.3451  1.6562
 111  1.9039  1.1666  0.8755  1.0088 -1.0086  0.7673  0.7311  0.0806  0.8786 -1.3022  0.0543
 112  0.5723  1.8620  1.5691 -0.2308  0.7715 -0.0250  1.4490 -0.7940 -0.9366  1.8097 -0.1762
 113 -0.8764 -0.1356  0.9548 -1.9855  2.0903 -0.8624  0.0807 -0.5262 -0.7238 -0.8317  0.2078
 114 -1.0959  0.5158  0.7045  0.4385  0.5413  1.6152  0.2454  0.3382  0.2039 -1.8242  0.2243
 115 -0.6091  1.5830  0.2933  1.4914  0.0888 -0.5135 -0.8862 -0.6728 -0.4469 -1.3823  0.4986
 116  1.2307  0.5505  1.8351  0.4097  0.3851  0.8004  0.7432  0.5144 -1.2848 -1.1145 -0.1726
 117  1.9199  0.6208  0.7205 -1.8997  0.5860  0.6627  0.1108  0.6618 -1.0150  0.3653 -0.6623
 118  0.6935  0.1215  1.0538 -0.3775 -0.1298  1.9674 -0.7383 -0.8552 -0.4331  1.2789  0.5335
 119  2.2460  0.7893  1.2182 -0.3301 -0.4736  0.4834 -0.3164  2.2857 -0.6865  0.9466  1.0401
 120  0.5142  0.5698 -0.2139  0.1239  0.0790  0.6293 -1.2321  3.0166 -0.2089 -1.7790 -0.0415
 121  1.2453 -0.6552  0.2961  0.9212  1.1698  3.1194 -0.2322 -0.3201 -0.5331 -0.0466 -0.8594
 122  0.4488  0.1821 -0.4641 -0.0022  1.4470  1.4363 -0.3681  0.7328 -0.9682  0.0298  1.3912
 123 -0.8850  2.2869  0.1889  0.2505  0.9819  1.3388 -2.0342  0.8488  1.0182 -0.1576 -0.0676
 124  0.6304  0.4123  1.5093 -1.1223  0.5334  2.0570  0.8090 -0.5234  0.3251  0.8191 -0.4610
 125  1.2202  0.4977  1.8488  1.0078  1.6199  0.3802  0.4508  0.8211  1.3609  0.1548  0.7277
 126  1.5717  0.6027  2.0352 -0.9484  1.3009  0.8118  0.5741 -1.0610 -0.8461  2.5451 -0.1813
 127  1.9446 -0.8817  0.5615  0.9523  0.4904  1.2608 -0.4271 -0.5090  2.2828  1.2092  0.7288
 128  1.1385  1.2118 -1.0306 -0.1948  2.1505  1.4610  0.8484 -0.7821 -1.9974 -0.9031  0.1650
 129  0.3340  0.3005 -1.2013  0.2076  2.0702  1.3910  0.9845  0.1607 -2.1379  0.6629  0.3306
 130  0.6754  1.2098  0.6848 -1.2086 -0.7760 -0.5346 -1.5751 -0.9945 -1.4128  0.2640 -0.1884
 131  0.4161  1.4513  2.7586 -0.3315  0.8658 -0.1448  0.5628  0.5589  0.1319 -0.7796  1.0813
 132  0.9694  0.9004 -0.3599 -0.0333 -0.6631  3.1248 -1.7088 -1.1506 -1.3409 -0.3698  0.5344
 133  0.7327  1.5997  0.3086  1.2184 -0.6637  0.0031  0.3050 -0.8635 -0.1237 -0.6367  1.5663
 134 -0.0217  0.9960 -0.1800 -1.5903  1.0367  0.8489  1.5489 -1.0345 -1.2277  1.7180 -1.4636
 135  0.1978 -0.1972 -1.8479  0.3070  0.1738  1.3517 -0.6256  0.4868  0.5142 -0.7920  0.7876
 136  1.1880  1.1927 -1.3315 -0.5531  2.4813  0.2820  0.6994  1.3731  1.0107 -0.6568  1.2790
 137  0.5644  1.4430  2.5273 -1.5693  2.0734  1.4046 -2.3218  0.4248  0.7145  0.1139 -0.0152
 138  0.8420  2.5443  1.6251  0.9725 -0.0936  2.0197  1.5036  0.1461  1.7393  2.9952 -0.0808
 139 -1.0018  2.4576  0.7838  0.3649  1.7252  2.2233  0.3712 -0.6151  1.0185 -0.7079  0.1901
 140 -0.0492  1.4733  2.5428  0.0473  0.4833  0.2879 -0.1528 -1.0647 -0.8404 -1.1820 -2.0955
 141  0.6740  0.8940  1.0978 -1.9356 -0.0516  0.5850 -0.3566  0.2927  0.4126  0.2376  0.5556
 142 -1.1272  0.0194  0.1215  0.6138  0.0042 -0.1188  1.7098 -0.1464 -0.4182 -0.3144  1.6401
 143  1.3217  0.9600  1.2409  0.0329  0.2918  1.1533  0.8319  0.1497 -0.0320 -1.6744 -0.6309
 144 -0.5814  0.3538 -1.7233  1.3394  0.8008  1.0547 -1.5173 -0.5363  0.7217 -0.4904  2.5211
 145 -1.3967  2.2324 -0.4352  0.7228  1.5635  0.0416  1.3068 -0.3642 -1.3973 -0.5889  2.0168
 146 -0.9266  1.3663 -0.2723 -0.0961 -0.1357  2.2529 -0.8089  0.4963  0.1831 -1.3358 -0.5128
 147  1.6560  0.3544 -0.1244  0.1403  0.9953  1.0082 -0.6755  0.6961 -0.7933  0.5695 -0.3845
 148 -0.7586 -0.9705  1.2636 -0.6025  1.8316  0.8352 -1.3746 -1.2412  0.3334 -0.8506  0.9595
 149  0.7512 -0.4755 -0.7391  1.2392  0.3077 -1.1127  0.6897  1.6630  0.7674 -0.0077 -0.0811
 150 -0.3410  1.3207  0.5996  0.2913  0.3332  0.2222 -0.5986  1.4214  0.4238 -0.8963 -0.2122
 151  1.8178  1.9560  0.2965 -0.4071  0.2341  1.7648  1.1116 -0.4737 -0.3805  0.3548  0.9110
 152 -1.2719  2.4740 -0.0300 -1.6031  1.4752  0.0564 -1.1167 -0.3564  0.5062  1.4320  0.4933
 153  1.9670  1.5809  0.2964  2.3755  0.9877  0.6939  0.5235  0.1951 -0.8484 -0.2429  2.9899
 154  0.4806  1.0732  0.1454 -0.0925  2.0721  1.9068  0.8561  0.3630  1.1258  0.0021  0.4136
 155  0.3128 -0.2586  0.2295  0.0051  0.6268  2.3729  0.3341  0.1553 -0.3247 -0.6515 -0.2121
 156  1.7567  2.3491 -0.5392 -0.2457  0.8198  1.2762 -0.0183 -0.3349  0.6344  0.0155 -0.8766
 157  0.5467  1.2697  0.1298 -0.4635  1.2524  0.7549 -1.5753  0.1444 -0.2021  0.5759  0.5665
 158  1.1114  1.8898 -0.2321  2.0612  0.8723  0.6410 -0.6290  0.1956 -1.5373  1.7588  0.6850
 159  1.2567  2.4409  0.7072  0.0661  0.5086  2.1847  0.9494 -1.2059  0.4176  0.4007  0.8028
   0  2.1387  0.0403 -0.1644 -2.4882 -0.5676 -0.1561  0.0613 -0.1349  0.1794  0.5273  1.4067
   1 -0.8098 -0.8345  0.4466 -0.9764 -0.6370 -0.9245  1.5153  0.7963  0.8189  0.6530  1.2254
   2  1.7366  0.2544  0.8385 -0.7549  1.2412 -1.1194 -0.5072  0.9225  0.2412 -1.6267 -0.4910
   3  1.3712  0.2752  0.8522 -0.0835  0.9584  0.2681 -0.7182  0.4567  0.6696  0.1168  0.1807
   4  1.1877  1.7191  1.3313  0.3170  2.3864  1.4176  0.7728  1.1797 -0.6092 -0.0159  1.1657
   5  2.5560 -0.0900  1.0467 -0.1862 -0.2827  0.2152  0.0646 -0.7396 -0.5137  1.9093  1.6012
   6 -0.8402  0.9433 -1.5461  0.0832 -0.3591 -0.6812  3.0385  1.9010 -0.2386  1.2071 -0.9794
   7  0.8767  1.3905 -1.9364 -0.2720  2.1712 -0.8448 -0.4868  0.5376  0.2871 -1.8683  1.1581
   8  0.3786  1.7181 -0.2290  0.8235  0.8181  1.2185  2.3109 -0.2975 -0.0617 -1.5505 -1.8713
   9 -0.0363 -0.2751 -1.9536  1.1376  0.6798  0.1472  0.5900  0.7931 -0.2393 -0.3279 -0.0018
  10 -0.0241 -2.2243 -1.3699  0.2964 -0.9981 -0.7205  0.5911  2.0437 -0.7428  1.4226 -0.4079
  11 -0.5961 -0.1296 -1.2042  1.3622 -0.7170 -0.2447  0.9088  0.3300  0.1646  0.3047 -0.0816
  12  2.0335  1.7044  0.3648  1.3996 -0.3565  0.5822  0.4509 -0.3442 -0.3237 -0.4016  0.1939
  13  0.1206 -0.3232  0.3523 -0.0115  0.9535 -1.3448  1.0637 -0.3338 -0.4149  1.2504 -0.7303
  14  0.0036 -0.0605 -0.3997 -0.2622 -0.6311 -1.0715 -1.0076  0.5901  1.5916 -0.1471  1.4308
  15 -0.0906  0.3615  0.6078 -1.1021  0.5376  1.0596  0.9837  0.6087 -1.0459  0.3642  0.3778
  16  0.1337 -0.4372 -0.8668  1.9269  0.3546 -1.1186  1.1230  1.3318  1.2846  0.7551  0.1852
  17  0.3077  0.0073 -1.3775 -0.2048 -0.2496 -0.6728  0.9475 -0.6915  1.4249 -0.9860 -0.2716
  18 -1.0845  1.5161  0.0349 -0.0084  0.5377 -0.0756  1.7383  0.1323  2.2227  0.8053  3.6017
  19 -0.2375  0.9273 -0.4415 -2.1617 -0.0488  1.0410  1.6610 -0.3028 -0.3614 -1.2900  0.8075
  20 -0.7149  0.3708 -0.2753 -0.9773  0.0100 -1.7481  1.5771 -0.1705  1.7468 -1.6258  0.5696
  21  2.1798  0.1968  0.3158  0.7280  0.4550 -1.3232  0.3419  1.7678 -1.0970 -0.7151  0.6544
  22 -0.7165  0.4183 -0.0553  0.1336  1.4017  1.0249  1.3153 -0.4052 -0.8770  0.5448 -1.2422
  23 -1.3612  0.2084  0.5304 -0.8743 -1.6762 -1.3688  2.5516 -0.9469 -0.8627  1.6974  0.4106
  24  2.3675  0.3973 -0.2165  0.0249 -0.7996 -0.7721  0.9061  0.9395 -0.6506 -1.6247 -0.4245
  25  1.0008  0.7473  0.6172  0.1637 -1.4171  0.7279  0.4383  0.9932 -0.1091  0.9421  0.3179
  26  0.7153 -0.3644 -1.3637  1.0965 -1.1076 -1.2199 -0.2761 -0.3727 -0.2606 -0.1380  0.5781
  27 -0.3025  0.3481 -1.7113 -0.7548 -0.9227 -0.5431  1.6617  0.3190  0.7095  0.4359 -0.2489
  28 -1.1947  0.4975 -0.7840  1.3430  0.0975  1.3087 -0.0932  1.5178  0.7832  1.8573  0.9554
  29 -0.7416  0.9942  0.5497 -0.8855 -0.6830 -0.7127  2.1718  2.2721 -0.5653  1.6227 -0.6993
  30 -0.1357  0.4548 -2.2051  0.7717  0.6170 -1.1109  0.3803  0.4681 -0.3945  1.7262  1.9717
  31 -1.3243  1.8697 -1.0380  1.8335  0.7222  1.7292  1.0290 -1.1784  1.7550  1.1921  1.3760
  32  0.8585  0.4485  0.4344 -1.1230 -0.5764  0.9810  0.3298 -0.4499 -0.7269 -0.2524  0.2550
  33  1.2585  0.9245 -0.5692 -0.6598 -0.1960  0.2988  2.5219  0.4579  0.2350 -0.2000 -1.6745
  34  1.2991  0.2519 -1.0459  0.2288  0.8122  0.0716  0.6088  2.1157  0.3100  0.4964 -0.7417
  35  1.8594 -0.1383 -0.0616 -1.5670 -0.4555 -1.4512  2.2989 -1.2154  0.6217  1.6660  1.1784
  36 -0.5431  1.3491 -0.1239 -0.2886 -0.5836  1.0989  1.1465 -0.9615  0.3531  1.5061  2.0051
  37  0.8526  0.8183 -0.5970 -0.5082  1.2103 -0.2216 -0.0442  0.1316  0.1046 -1.7662  1.5066
  38  0.0816  1.0815 -0.5702  0.2400  0.3612  0.7419  0.1583 -0.5097  0.9256 -0.2066  0.2792
  39  0.4048 -0.7516  1.6980  0.7059 -1.1372 -0.6305  1.6230  0.6177 -0.0413 -1.1647 -0.2712
  40  0.1722 -0.2316 -1.6989 -0.2155 -1.0233  0.1568  0.1767 -0.6335 -0.4483 -0.7501 -1.7098
  41 -1.2805 -0.0403  0.7983  2.7192 -0.8185  0.0793  0.6202 -0.9671 -0.4229 -0.3182  0.4296
  42 -1.9180  1.0246 -1.5820 -1.0253 -1.4370 -0.1658  1.2336  0.9611  0.2593 -1.2585  0.0805
  43  0.7096 -0.5394 -0.5588 -0.6956  0.5664  1.6503  1.1124 -0.1864 -0.9775 -0.7155  0.5774
  44  1.7633 -0.6094 -0.5706  1.0681  1.2566  0.1762  0.6635  0.9819 -0.0291 -0.3481  1.7760
  45  0.9051  0.9582  1.0798 -1.6717  0.2774 -0.0766  0.8121  3.0968  0.8353 -0.0262  0.2604
  46 -0.3626  0.7424 -2.7324 -0.4221 -0.1174 -1.2646  1.7829 -1.8095 -0.7283 -0.5671  0.3374
  47  0.2128 -2.8722 -0.5845 -0.2879 -1.1315  0.3165  1.4748  0.2605  0.2400 -1.1970  1.4097
  48 -0.2933 -1.6835  0.2234  0.8647 -0.3250  0.0381  0.0656  0.6536  0.8167  1.4481  1.0410
  49  0.7425 -0.5453  1.4906 -0.1015 -2.0047  0.4104  0.0832  0.9708 -0.3470  0.8042 -0.9251
  50  0.0658  0.0444 -0.3796  0.2339 -0.3202 -0.4770  1.3196  0.4875  1.1074  0.1612 -0.1441
  51  0.3554  1.2526  0.3184 -0.3664  0.9505 -1.0047 -0.0476  0.3175  1.3317  0.9967 -0.4190
  52 -0.2570  0.0250  1.7828 -1.2268 -1.2623  0.6247  0.9831  0.3681 -0.8822 -0.4128 -0.0406
  53 -0.4421  0.3128  0.5544 -0.0619  0.9628  1.3295  0.4631  0.3327 -0.4346 -0.1183  0.4780
  54  0.3221 -0.5351 -1.4248  0.0752  0.0713  0.0726  0.3471  0.4295 -0.4944 -1.0729 -1.1984
  55 -0.9928  0.6287  0.2366  2.0827  0.8215 -0.3857  0.1642  1.0083 -1.1301 -0.9357  0.4787
  56  0.4872 -0.5377 -0.5782 -1.1330  0.9851  1.9418 -0.2654  0.2282  0.3228  0.3395  0.9356
  57 -0.2186  0.4071 -0.1850 -0.0625  0.5097 -1.0772  0.4384  0.3492  0.6654 -0.3939  1.3485
  58 -0.2740 -0.4877  0.7587 -0.9880 -2.9746  0.4195  2.6305  1.3222  1.9521  1.0021  2.7173
  59 -0.4787 -0.3719 -1.1048  1.5945  0.9222 -0.4863  1.0088  1.1142  0.6275 -1.1044  0.6768
  60 -0.6412  1.8309 -0.5865  1.8064 -1.5259  0.0666  1.8293  0.1890 -0.2436 -0.3343 -0.1086
  61 -1.3810 -0.6950 -1.5091 -1.6787 -0.5576  0.1442  0.2904  1.2096 -0.9596  0.6424 -0.1575
  62  0.4418  1.8431  0.9778  0.9172 -0.2654  0.2449  0.2128  2.7288 -0.1074 -1.2179  1.4577
  63 -1.5553  0.3437 -0.1415 -0.4555  0.0314  1.1340  0.9866  1.1320 -0.6308  0.0980  0.1687
  64 -0.9125  1.3389 -0.1181  1.0910 -1.8464  1.2068  0.6060  0.2494 -0.0959  1.6212 -0.7525
  65 -1.7277  0.3283 -1.4972 -0.0499  0.7294 -1.2709  1.6133  1.1061  0.6088 -0.8448  0.6629
  66  2.1562  0.3649  1.3176  0.3872 -0.4925 -1.5104  0.9683  1.7508 -0.7917 -1.6723 -0.8715
  67  0.3632 -0.9704  0.5289  0.8919  0.2688 -1.4208  0.3554  0.4777 -0.5758 -0.4413  2.0669
  68  1.3034 -0.3546  0.1735  0.0790  0.4103  0.1954 -0.0625  0.8064 -1.2374  0.7969 -0.0259
  69  0.0254  1.7656 -0.3137  0.1427 -0.3452  1.0809  1.2856  1.8450 -0.4313  0.8056  1.0848
  70 -1.2785 -0.4753 -0.3377 -1.1400  0.1078  1.4967  1.5344  2.6095  1.5477 -0.1574  0.6369
  71 -0.4075 -0.3365 -0.4440  0.3405 -1.7215  0.7099  1.3414  0.8789 -0.6970 -0.1863  1.5171
  72  0.8546 -0.2573  0.1627 -0.1899 -1.1113 -1.2115  1.1232 -1.5961  1.7076  0.9031  1.2714
  73  0.0260  0.6710  1.5862 -1.4453 -0.8953 -0.0119  2.7554  0.5527  0.0686  1.0316  1.6429
  74 -0.2518 -0.0231  1.0182 -0.3824 -1.4507 -0.8122  0.9264  1.4903  0.2712 -0.0388  0.6735
  75 -0.0002 -0.9776 -0.5928 -0.2827  1.8051  0.9777  2.0845  0.5990  0.9331  1.5821  1.5493
  76 -0.8155  0.1272  0.1825 -0.3161 -0.5386  1.6835  2.7299  1.7188  0.4987  0.9213  1.4543
  77 -0.1642 -0.4640 -0.0692  0.5103 -0.5976  0.8952  1.1033  0.7998  0.0673 -0.2708  1.3415
  78 -0.4464 -0.1722  1.6148 -0.8363  1.4474  0.0236  0.7131  0.3650 -0.0071 -0.2341  0.5794
  79 -0.3686  1.4972  1.4172 -1.4820 -0.4123 -0.1525  0.7542  1.0555  0.7036  2.7066  0.2392
  80 -0.7984 -0.3799  1.5018 -0.2773 -0.8657  1.0937 -0.9111  1.3954 -1.1629  0.9004  2.2548
  81  0.2077 -0.5895 -1.9136 -0.4484 -0.5554  0.1531  0.6390  0.3823  0.5601  0.4943  1.2851
  82 -0.5436  0.4421 -0.6834  0.4363 -0.1003 -0.6852 -0.6026  0.7780 -1.5084 -0.2044  0.3615
  83 -0.8441  0.8114 -2.8933  0.5249  1.0711  0.8462  2.6746 -0.7037  1.5286 -0.9862 -0.0123
  84 -0.1725 -0.2738  1.6807 -0.1536  1.1022 -1.5588 -1.4863  1.5701 -0.6631  0.6266  1.8269
  85 -1.5430  0.6627 -2.2079  0.2410  0.4646 -0.6519 -1.2912  0.1817 -0.2002  0.0177  0.5359
  86  0.0667  0.4958 -0.8138 -2.0035  0.8890  1.1123  1.8077  1.0370  0.5788  0.3620  2.4044
  87  2.2430  2.2974 -0.5112  0.4644 -0.8307 -0.0419  0.1071  0.3152 -1.0204  1.1734 -0.4178
  88  0.5098  1.0995 -1.1711  0.3580  0.7171 -1.8604  1.3931  1.4772 -0.1625  0.0457 -0.5490
  89 -1.0309  0.2879  0.0865 -0.5727  0.3564  0.2000  0.9571 -0.3433  0.6243  1.0041 -0.4775
  90  0.6775 -1.3667  0.2230 -1.2949 -0.7926  0.8480  0.3397  0.1839  0.1117  0.2470  3.4966
  91 -1.9569 -1.2890  0.7754 -0.5879  0.4127  0.5190  2.1248  1.8195  1.3104  1.0090 -0.4018
  92  1.0091  1.7401  1.2376 -1.6756  0.8768 -1.0947  1.3822  0.6419  2.7907 -0.1913  1.4933
  93 -1.3654 -0.7756  1.6799 -0.6118  0.1574  1.3004  1.0056  0.7451 -0.9380  0.8687  1.5948
  94 -1.2372  0.5343  1.0931  0.6524  1.8352  0.4920  0.5409 -0.3463  1.2271 -1.1579 -1.4066
  95 -1.5312  0.3183 -0.9740  0.6528 -0.6441  0.5227  0.6571 -0.1877  0.6322  0.0653  1.1050
  96 -0.4580 -0.5526  0.7971  1.0929  1.7242  1.0496  0.5032  1.1877 -0.2462 -0.2651  0.2878
  97  0.5007  0.9393  0.5501 -1.0062  0.7398  2.1927  1.0319  0.0335  0.5752  1.1626  2.8811
  98  1.0357 -0.3438  0.0361 -0.0725  0.0174 -0.6750  1.4427  1.4844 -0.6158 -0.4058  1.7813
  99  0.1527  1.3884  0.3580 -1.8314 -1.3845 -0.2036  0.1520  0.1372 -0.4729 -0.4339  0.7484
 100  0.2867 -0.3354  1.0218  1.3957 -0.0913 -0.1962  0.7477  1.2635  0.1031 -2.3426  0.1517
 101  0.0414  1.5224  0.6578 -1.3444  0.2663 -1.1047 -0.6038 -0.6488  0.9418 -2.1775  1.3493
 102 -0.5698 -1.5396  2.1649  0.3635 -1.3498  0.8399  1.5083  2.3558 -0.2378 -0.0705  1.1450
 103 -1.7783 -0.1590 -0.4044  0.0731  0.5283  1.1947  0.1866  0.9641  0.4543 -0.4920  1.4326
 104  0.9170 -0.4030  1.9586 -0.8499  0.5497 -1.3217  0.6035 -0.0531  1.4244  0.5413  1.7605
 105  1.1622 -0.3038 -0.1313  0.2278 -0.7707 -2.4064  0.9994  1.3560 -0.4489  2.7357 -0.3523
 106 -0.6932  0.2203 -1.4989  0.4219 -0.5170 -0.3858 -0.2187  2.2473  0.5939  0.1776  2.0897
 107 -0.2972 -0.0672 -1.7060 -1.8456  0.3641  1.5408  0.4519  2.0249  0.6069  2.0324  0.8080
 108 -0.3587 -0.8270 -0.6999  1.3967  1.8547 -0.6445  2.2981  1.4093  1.3843  0.0498  1.4730
 109  0.2455 -0.6369 -0.3432 -0.8641  1.1918 -2.6304  0.6941 -1.6557 -0.5047 -0.1902  1.6869
 110 -1.7065  1.4419 -1.0103 -0.3488  0.5399 -1.5943 -0.1793  0.3382 -0.8798 -0.5269  2.0900
 111 -1.2332 -0.2687 -1.0455 -1.4599 -0.8213  0.3047  0.8999  0.6836 -0.5271  1.1163 -0.3948
 112 -0.1668  0.0038  1.1937 -0.6684 -3.3520  1.3011  0.0205  0.3880 -0.1060  0.0743  2.5113
 113  0.1892 -0.9698 -2.0451  0.2317  1.8949 -0.7468  1.4928  1.7655  0.0197 -0.3330  0.6531
 114 -2.0278 -1.0849 -0.2960 -0.5992  0.1881 -1.0981  0.0274  0.2690  0.0244  0.3926  1.7174
 115 -2.2661  0.5068 -0.4225 -2.3385 -1.6552 -0.1470  0.2445  2.2796  0.1988  0.0502  2.1390
 116  0.1149  0.4744 -1.2625  0.9378 -2.3507  1.4445  0.8036  1.3209  0.2754  0.8802 -1.1475
 117  0.2830 -0.2353 -0.5236 -0.4648 -0.7892  1.3493  1.7793  0.4906  2.0464 -0.5459  0.0562
 118 -1.8110 -1.0942  0.5940  1.2479 -2.0555 -0.4799 -0.1252  1.4246  0.0472  1.3512  1.1401
 119  1.7482 -0.6576 -1.4111  0.4520  1.3284 -0.7318  1.0340  1.7619 -0.0008 -0.0058  0.1712
 120 -1.1389 -1.0328  1.7867  1.7141 -1.1216 -0.0478  2.2689  0.9802 -0.5478  0.0299  1.7662
 121  1.8465  0.3870 -1.9869 -1.3806  0.3721  0.8156  2.4489  1.5211  0.0212  0.3119  0.6655
 122  0.2892  1.1743  0.1818 -0.0203 -0.7265 -0.4060  1.3894  0.6842 -0.2860 -0.2912 -0.5820
 123  1.0239  0.5639 -0.0868  1.4059  0.2346  0.3132  0.9203 -0.0038  0.6219  0.4836  1.7937
 124  1.1444 -1.5567 -0.6534 -0.5836 -3.4591 -2.0016  0.9185  0.8576 -1.0544 -0.9525  0.2092
 125  0.5761 -0.8168  0.1973 -0.9319 -0.8233  0.0701 -0.5817 -0.3049  0.0052  0.2153  1.1642
 126  0.3361 -0.1278  0.5024 -1.1804 -1.6195  0.4556  1.8625  0.6476 -0.0593  0.0898  1.7801
 127  0.2796 -0.1732 -0.3376  0.3381  0.6800 -1.2626  1.5739  0.8644  1.8221  0.7054  2.3133
 128 -0.1595  2.0006  0.2700  0.2712  0.9101 -0.3351  1.8438  0.3577 -0.0817  1.9353  1.3689
 129  0.2787  0.8423 -0.8239  0.5360  0.7992 -2.5228  1.2077  0.1516 -0.0483 -1.4562  1.6596
 130  0.1002 -0.2617  0.6844  0.6907 -0.7827 -0.9382  1.0381  0.9462 -1.4464  1.0273  3.1422
 131  0.3881 -0.6670 -0.7621 -0.1194  0.8791  0.5037  1.0203  1.9170  0.8333  0.1261  1.6593
 132 -0.7068  0.0943 -0.5242  0.4154  0.9185  0.5034  1.8778  1.9073  1.3374  1.8807  1.4096
 133 -1.1312  1.3679 -0.9689  0.2167 -0.0870 -0.0397  2.1619  1.5097  0.9886 -1.7235  0.4728
 134  1.3891  1.0984  1.4130  1.1418 -1.2724  1.2008 -0.4589  1.5035 -2.1521 -0.5413  1.5709
 135  0.4717  0.0180  0.5309  1.3153  0.0332 -0.6240  1.8516  1.0467  1.4446  0.0656  0.9245
 136  1.9770  0.5708 -1.6673 -0.7936 -0.3137  0.9422  0.1349  1.9979 -1.0638  0.8455 -0.4997
 137  0.1296 -1.2419 -0.5069 -0.3197 -1.3302 -0.9628  1.6371  0.8085 -0.1872  1.7386  1.9640
 138  1.5544  0.3693  0.2304 -0.4676  1.1378 -0.3662  0.6323 -0.2865 -1.6249 -1.1114 -0.2422
 139  1.2058 -1.4103 -0.4323  0.8445  0.6692 -1.6911 -1.0344  0.2008 -1.5535 -1.8505  3.4518
 140  0.6177  0.2062 -1.1374  1.8907 -0.5888 -1.1703  2.6267  0.1161 -0.0843 -0.2372  0.1279
 141 -1.8382  0.7597 -0.9158  0.1014  0.5223  0.3224  0.3601  3.3723  0.2021  0.9179  1.4457
 142 -0.4821  1.7808  0.1515  1.4850  0.9224 -0.2695 -0.4238  1.4674  1.6872  2.4246  1.3640
 143 -0.8425  1.0481  0.6304  0.4410 -0.6698 -2.3924  1.1607  2.0028  0.0602 -0.3786 -0.9424
 144  0.3782  0.8270 -1.8327  0.3095  1.1083  0.0800  2.1641  1.1434  0.6685  1.3373  0.5671
 145  0.1465 -1.0756 -1.0929 -0.6696 -0.0412 -1.0326  2.0729  0.9347  1.5752  0.1758  1.2987
 146 -0.3188 -1.3000  1.1490 -0.1217  1.9274  0.1411 -1.3117  3.2187  0.7037  1.6346  2.1849
 147  1.0538 -0.2549  0.4339  1.6427  0.3983  0.9969  1.1506  2.8817  0.9079 -1.1361  1.9594
 148 -2.0025 -0.2360 -0.0772  0.1655 -0.8015  0.5778  1.9106  0.5829 -0.7478 -1.6353 -0.3407
 149  0.7045  1.0057 -3.5879  0.2797 -1.1715 -1.0414  1.9039  0.9859 -1.4964 -2.5256  1.2644
 150 -1.6718  1.1255  1.7884 -0.8113 -0.6149 -0.1521  1.1309  0.7507  0.2581 -1.5105  1.6169
 151 -0.2769 -0.3314 -1.3057 -0.5175  0.3205 -0.3586  1.4115  0.7598 -0.3546  0.0335  2.2209
 152 -2.1637  0.5125  0.9934  0.6148 -0.7524 -2.0558 -0.1615  0.5863  1.8857 -1.1827  0.3857
 153 -0.7969  0.2195  1.1098  0.7064 -0.5841  1.2553 -0.1285  0.6851  0.0900  0.1526  0.8245
 154 -0.3652 -1.5315  1.0303  0.8633  0.3896 -0.6766  1.4403  1.1963  1.6025  1.1162  2.1749
 155 -0.1579 -0.5361  0.3355  0.4963  0.1948 -0.1873 -0.6207  2.2758  0.7762  0.0063 -0.5134
 156 -0.6688 -0.5383  0.6668 -0.6169  1.1968 -0.3987  0.9283  1.2702 -0.2805  2.3843  3.0281
 157  0.2208  0.4190 -0.7134  0.8721 -0.9769 -0.9099  1.2019  0.6776  1.0037  0.0937  0.3992
 158  1.2039  1.4400 -0.4943 -0.2368  1.6817  1.9144  4.0267  0.7281  0.8288  2.2453 -0.7391
 159  0.2965  0.9495  1.3670 -0.5293  0.7361 -0.9206 -1.3765  0.8477  0.4866 -0.0020  0.4300
