# model = krumsiek11.txt 
# tmax = 160
# branching = True
# nrRealizations = 10
# noiseObs = 4.641588833612772
# noiseDyn = 0.001
# seed = 0
# it   Gata2   Gata1    Fog1    EKLF    Fli1     SCL   Cebpa    Pu.1    cJun  EgrNab    Gfi1 
   0  3.7317  0.5974  5.1253  9.1330  1.0908 11.2409  1.6587  0.6039  1.6358  3.6157  1.9911
   1  1.5885 -4.2025  1.0233 -0.0871 -0.4864 -4.2298  0.8079 -1.1085  2.5994  1.5761 -1.0726
   2  3.5823  5.5465 -2.0025 -5.5008 -0.5145 -9.9387 -2.6587 -0.4555 -2.9885  0.3441  2.2457
   3 -0.4863 -1.5602 -2.2988 -2.3212 -0.8660  1.1335 -2.7453 -0.4711 -1.6257  7.0959  7.2256
   4 -9.8860 -0.8919 -1.7343 -2.9663 -1.9477 -0.2450  1.1720  1.0499  1.1300 -1.1303  1.3356
   5 -5.9603 -5.1394  5.0167  3.6784 -3.7209  1.0422  2.1494 -1.7450 -3.3028 -2.2606 -5.1369
   6  5.9922  1.8972 -1.9798 -1.6342 -0.9784  7.2116  0.9963 -3.8014  1.6621 -3.0641  6.8402
   7  4.0951  4.9471  5.8262 -15.1063  1.1689 -3.2428  6.0481  2.7045  3.0763  9.2213 -1.6498
   8  0.0451 -2.3890  3.8290 -3.2614 -9.8853 -7.3395  2.1779  4.1062  0.1618  1.1627 -6.3248
   9  0.2499  2.1800 -0.6269  0.0219  1.8218 -1.0056 -3.9200 -10.7138  7.1706 -2.7604  1.4115
  10 -11.3074  0.7073 -1.4113  2.0951  0.1484 -1.6706  4.9213  7.1796 -5.2714 10.4896 -7.7745
  11  8.1016  4.1908  1.9863 -6.4838 -3.4310  4.3919  9.0479 -0.6316  3.3627 -12.9741 -2.9624
  12  0.0926 -2.6353 -1.1409 -0.6488  7.4481  6.7210 -1.4545 -4.2661  8.4371 -0.1515 -5.0375
  13 -1.3301 -6.0146 -1.6574  2.8111 -2.1617 -0.3075  2.1967  0.6177 -2.2490 -1.3449 -5.0580
  14 -10.1164  2.3060 -2.7495 -5.1881 -7.7716 -4.8979 -3.7039 -8.0285 -7.1409  8.7481  0.7361
  15  2.3771  2.3832 -4.8033  1.7496  1.9873 -4.6196 -5.4801  3.8166 -2.2522 -7.0450  4.0223
  16  0.0083 -5.4168  5.3826 -1.5320  7.0918  8.1492  5.6108  0.2590 -9.2504 -0.4049  0.3609
  17  2.6257  2.5526 -0.3105  2.1960 -13.0504 -0.5791  7.2502  0.4258  5.4343  7.1304  6.6641
  18  3.1404 -2.3545  1.4309  3.8914  2.4865  0.5300  6.0113 -3.7147  3.6046 -2.0147  3.2129
  19 -6.9744  5.8470  5.2479 -0.8738 -3.9804  5.6951 -0.4652  3.2720  3.9624  3.3335  1.8795
  20 -10.1018 10.2828 -3.3214  1.9563  1.0926  4.0452  1.7970  0.2908  1.2742  3.6817 -5.9492
  21  4.0949  6.1352 -3.6283 -3.7140  0.8296  2.1770 -1.8891 -2.0778 -5.4105 -4.0640  2.4427
  22  7.9933  1.4055 -3.5222  5.1203 -3.9957 -5.3056  0.8016  1.1878 -5.6985 -3.4839 -6.8158
  23  1.4695  6.7848  1.7201  3.4480  2.4817  9.9877  2.7667  7.9309  4.4313 -2.8342  2.8397
  24  2.3351  3.4845 -0.6216  6.7798 -3.8965 -7.6603  6.7656  3.5716 -4.5143 -0.6570  3.9265
  25 -1.1443 -2.2939 -7.2232 -7.7168 -3.9090  1.4467 -0.7476 -1.5869  1.2346  0.4524  5.2466
  26 -1.1914  4.2035 -1.5002 -2.2804  0.3443 -1.2898  2.3218 -3.1904 -0.5157 -2.4826 -3.0193
  27 -0.9114  4.8168 -6.0347 -3.2429  0.8451  4.0081 -4.1654 -2.4414  1.3474 -2.3632 -3.7449
  28 -2.4635 -4.2413 10.4404  1.1950 -5.3823  5.8058  5.9390  0.7792 -7.2063  3.0476 -0.9757
  29 12.5847 -3.2201  0.4228  0.0516 -0.4891 -7.4256  9.4688 -1.7996 -2.2081  7.9866 -11.4351
  30  9.0420 -0.0634  7.3875  4.5103  2.4918 -4.9766  7.5998 -12.2424 -7.3686  0.1296  2.5449
  31 -3.4864  3.0948  8.7357 -4.4741 -3.1796 -2.2235 12.5315 -1.8630  6.1754  7.8869 -4.4223
  32 -5.9672 -5.7102 -2.2946 -0.9144 -6.6289 -2.8631  1.0234  7.0344 -2.0804  0.5219  2.1541
  33  3.4844 -6.2587 -2.8484  2.1076  2.4692 -4.1562 -5.3595 -6.1159 -7.2489 -0.6046  5.7624
  34  1.1522 -7.1150 -3.2662  0.4142  3.4019 -3.1293 -4.6183 -3.9191  0.6433 -0.4015  7.8262
  35  1.3043  4.9447 -3.0620  4.7344 -1.5414  7.8156  0.9177  8.3143  1.4711  4.0126 -1.5850
  36  0.8547 -2.3337  1.1513 -5.4206 -4.8191 -0.5279  6.6509  3.1446  0.2865  4.1731 -3.3528
  37  2.3051 -4.8777  3.3293 -3.3123  4.5099  0.5757 -2.3408  5.6030  1.5431 -1.2545 -12.2153
  38  0.5189  2.4891 -4.5475  8.0415 -3.6242  5.3916 -0.9149  6.2088  2.1065 -6.1820  6.2104
  39  5.7948 -1.9685  6.3308  3.4000  1.9712  2.6230  7.4057 -1.5723  2.5877 -0.2771  1.1423
  40 -0.2858 -0.3573 -2.3416 14.0197  9.6265 -2.1781 -5.4275  4.6197  4.0645 -4.6211  3.5779
  41 -5.7032  7.1789 -6.7212  1.8293  3.0688  1.4387 -1.2936 -0.6777  1.0616  3.8866  0.2766
  42  5.0791 -0.1286  1.8001  2.6491 -1.7472 -3.8292  6.6367 -1.6973  3.3514 -4.1304  1.0478
  43 -5.5009  3.1338 -3.2610  2.6918  0.2052  7.6444  1.8386  8.8020 10.5020  5.9698  1.8932
  44 -6.6507 -4.0473 -4.8868 -7.2147  0.0061 -6.8659  5.1299  3.2470  0.2769 -0.0542 -0.1234
  45  2.3459 -1.8922  4.6602 -1.8402 -7.0918 -3.8113 -0.0019  4.8440 -4.4140 -2.4530  2.7012
  46  0.6870 -5.5755 -3.1047 -1.5383 -0.9345  3.2907 -4.8268 -2.7931  8.3688 -2.5421  7.3757
  47 -3.1908 -2.7191  7.0406 -7.1522  6.1343 -1.2201  2.2730  0.5755 -1.4036  4.3728 -4.5068
  48 10.1912  6.9477  9.3841 -4.0790  5.3956  8.9453 -6.5691 -6.0098  0.4739 -1.8801  1.4379
  49  3.8829  2.7083  2.5609  1.1723 -4.3781  3.4569 -1.5585  3.3919  2.2211  6.2210 12.4074
  50  2.0961 -6.8482 -3.2155 -5.1625 -0.5340  4.0516 11.0656  5.4260  7.2950  0.8822  3.7557
  51  1.7825 -2.6627 -1.3313 -1.0393 -0.2067 -2.0826 -4.6985  1.7071  1.7108  1.2234 -4.9057
  52  0.0850  1.2050  5.6893 -1.7659  5.0060 -3.8048  0.9892  2.9355 -0.4003  2.0749  5.0149
  53 -0.6226  4.1213 -2.8009  0.4738 -0.1681  3.3026 -1.3257 -0.9697  2.4428  3.6057  2.8429
  54  3.2938  4.9557 -2.4919  4.1137  3.6182 -2.3970  5.4072 -2.6292 -1.9242  0.7361 -3.8075
  55  2.9785  5.5380 -2.8282  7.3444 -1.3069 -4.1241 -0.8777  4.3074  1.1747 -4.1193 -4.3051
  56  1.3064  0.3031  7.3733 -2.2456  0.4602 -1.2997 -5.7102  1.6075 -1.6098 -2.0095 -5.6567
  57  0.6209  5.5870 -3.9220  3.1510  1.7033 -5.9775 -1.5080 -2.3124  1.8668 -0.9073 -0.3354
  58  1.0713 -0.7817 -5.2214 -4.6335  1.2771 -1.0888 -3.5237  1.5830 -2.6922  0.1590  6.7917
  59  0.8432 -2.8741 -2.8977 -6.2623  2.4428 -5.1942  2.3960  1.5056  2.0101  7.8352 -6.4756
  60  1.2937  0.2464 -1.4089 -3.8522  7.3987 -6.3174  6.2190 -5.5189 -6.2444 -1.0506  2.1405
  61 -7.7967 -0.2336 -11.3749 -2.5214 -6.7933 -4.1707 -6.6907 -1.2819 -1.0890 -0.9453  0.5695
  62  2.7110 -4.0734 -4.1119  2.0432 -2.2671  8.8635 -2.2908 -4.6908  2.0540  2.3980 -2.3591
  63  3.7637 -4.4692 -12.9537  0.1165 -1.8655  6.2476  1.4354  4.1596  1.4303  1.1161 -4.2108
  64 -0.7868 -0.0859 -2.4150 -8.6558  4.4282 -4.9418  0.8328  1.0397 -5.2095  2.5309 -0.6583
  65 -0.8592 -1.3196 -4.4646 -6.4401 -0.2612  5.2374 -3.3917  4.3537  2.5375  3.4937 -6.5681
  66  3.3257 -2.1468 -3.6208  3.7203  6.5268 -3.0240 -0.4529  1.6763 -3.5403 -9.6971 -2.0321
  67 -0.0232 -4.2630  2.7745 -1.7229 -3.3666  7.9872  1.5224  4.1578  2.4221  6.3442  0.2368
  68 -0.2513  3.0653  7.2302 -0.8593  3.5232 -4.3508  5.0909 -6.2743 10.3482  4.3996 -3.9036
  69 -1.3358  0.8531  1.7599 -0.8888 11.1111 -4.8201  3.4170  2.3411  1.2435 -3.5490  3.0317
  70 -4.5565  6.1696  6.3191  8.4078 -5.6182  0.3803  0.9189  6.5778  0.5124  1.4193  0.9755
  71  5.5843  4.7914 -1.8045 -2.9330 -10.7015 -5.9487 -1.2553 -3.7481  0.0584  1.2814 -6.5107
  72  6.4689 -0.7178  1.5382  1.0137 -0.7193 -2.5702 -7.5498 -5.0221 -0.2043 -2.1860  0.0713
  73 -0.3120  2.0626 -2.3630  4.1230  3.5302 -7.1755 -2.2859  5.8105 -1.4075  2.2817  0.8283
  74 -8.3768 -4.9353 -4.9649 -2.7249  0.0221  1.2053  6.6739 -3.8727 -2.6541  2.7010  2.6564
  75  4.9277 -0.0780 -2.0982 -0.1460 -4.4531  4.2101  3.3306 -0.3035  7.1231  3.7796 11.1632
  76  4.1636  5.7205 -2.9855 -5.2690  3.4741 -2.0499  0.7236  1.0920 -2.5889 -2.0049 -2.4866
  77  0.7410  2.1226  4.0871 -7.2781  4.1952  0.2266  3.3499 -2.0027  6.0961 -0.7801  2.9802
  78  0.2034 -9.2295 -3.5470 -3.5907  2.6939 -2.4514  1.7909  4.9287  4.3873  1.9589 -1.7264
  79  1.1168  3.1546  7.8255  2.4005 -3.3193 -4.6458  5.3920  1.7505  3.2599  6.5077 -1.6916
  80 -6.7361  8.0115  3.0921 -6.2627 -6.3211 -5.1680 -0.6635  1.3254 -1.1478 -7.3209 -1.5158
  81 -4.1280 -0.5162  7.0482 -6.8074 -0.0179  3.5905 -0.5909 -6.5342  1.4642  0.5831 -1.8197
  82  7.4150  1.5614  5.6032  1.1130  4.4494 -3.0530 -0.6081  9.1810  3.2373  0.4365  0.1280
  83 -0.7227  4.4404  0.8940 -1.7935 -10.8491 -2.6037 -7.9668  3.5189  2.3384  0.0583 -2.6948
  84  4.9246  4.6274 -3.7756 -0.7997  5.3621  1.1163 -2.6934  3.1464 -0.0122 -1.2673  2.0303
  85 -3.4250  3.8158  1.5172 -2.3613 -3.7224  3.1457  4.8745  7.7464  8.0085 -4.7363  4.9555
  86  7.3586 -2.9351 -4.5611  0.4189  0.8560 -2.9721 -2.2722 -2.8467  0.7585  0.0142  4.0642
  87 -3.1549 -9.6646  1.5419 -7.6048 -2.6864 -0.3856  8.2822  1.5507  4.4342  5.0068 -3.4889
  88  3.0187 -4.0113 -0.6306 -10.8813  4.5604  5.0993 -4.6881  5.7058  4.1447 -3.9653  8.1251
  89 -2.0189 -0.5316 -1.7802  2.2902 -6.5369  0.8650  7.4689  6.7965  1.6772  8.3029  2.3400
  90  2.9728  5.4931  0.2673  6.6447  6.2432 -5.3216 -8.3626 -11.7492 10.2208 -1.7466  0.8051
  91  1.7050 -6.8783 -7.1624  1.7436 -10.7048  2.7034  0.2040  0.5528  4.3741  1.3628 -2.6764
  92 -1.8805  0.3831 -1.8716 -6.3021  2.0760 -4.4663 -0.0755  2.6469 -3.6699 -4.3517 -4.9690
  93 -6.7321  2.6727 -0.4343  9.6382  3.7065 -6.0958 -3.8253  2.4201  2.2642  1.7957 -2.8940
  94 -1.3781  4.6519 -1.8107  7.2926 -1.0361  1.6849  1.3013  7.6846  2.3348 -3.4282 -9.9796
  95 -4.2704 -3.9712  8.9853  2.7856  0.1541 -2.1678  7.0547 11.1956 13.9084 -2.4487  2.4195
  96 -1.1658  0.0230  5.5294  7.0190  7.1319 -2.9131 -1.2142 -0.1990  5.0838  2.2280  2.6511
  97 -3.6844  2.6984  0.9353  1.2266  8.6145  1.9872 -1.4081  3.8709  6.0214 -1.6089  6.7936
  98 -5.6960  2.5285  2.9297  3.3107  0.8137 -2.8479 -7.0510  4.3564  4.5177 -2.9033  1.6470
  99  2.1721  0.3781 -1.0604 -0.5864  0.1695 -0.8034 -0.1347  1.3156 -2.6701  1.5030  0.3651
 100 -4.8646  6.7828  1.6413 -3.2466  4.5511  2.0971 -12.5745 13.5600  0.6556  4.3771 -3.3145
 101  6.5210 -4.8938  5.6600  0.2610  5.6257  0.5178 -4.4569 -5.2296  5.7177  6.1253 -1.5568
 102 -3.1612 -1.6041 -2.2535  0.6946 -0.1898 -3.9867 -8.7141  0.0226 -2.1182 -3.5110 -6.6131
 103  1.5445 -3.7477  1.0444 -2.2403  3.5814 -4.8088  3.5436  0.6728  6.5004 -0.9390 -6.9403
 104  2.8729  0.3348 -7.3651 -3.2556 -1.7183 -5.4993 -0.6640  1.8771 -1.7101  5.7379  0.4196
 105 -2.0081 -4.5157 -3.6119  0.7180  5.9426  0.6919 -3.2808  0.8730  3.9394 -10.3755 -2.9836
 106  1.8956  8.4060 -2.5602 -3.2560  1.0414 -1.7214  0.3696 -0.8487 -1.1964  1.0954 -12.3627
 107  2.4251  2.8294 -9.1151 -0.0046 10.2223 -3.7634  5.9552  4.9241  0.8039  7.0967  7.2227
 108 -1.9053 -2.3233 -0.7266  2.4000  4.9744  1.7759  0.8452 -2.8395  2.8179  3.2781 -9.8319
 109  2.1222  1.7695 -3.4588  0.7382 -6.9372 -5.3602 -4.7357  0.3981  0.7297  2.7605  7.3750
 110  2.1931  2.8523  5.0614  4.4040  1.3218 -3.1169  2.8369 -1.6291  2.9913 -1.1630 -3.5727
 111  2.4287  7.0969  5.1725 -2.6502 -1.2863 -2.5807 -0.8410  5.6255  2.8608 -8.2991 -0.5067
 112  1.5557 -2.0449  1.4709 -2.2845 -1.5256  4.5082  2.1501  2.6878 -2.5687  6.4624  1.2215
 113 -8.5262 -0.7786 -15.2027  5.4469  1.6645  0.6993  5.7546 -7.9881  4.7038 -8.3418 -1.1942
 114  2.8901  3.8997  2.8870 -6.6227  0.9939  1.0706 -7.3831 -2.7337  0.1905 -8.4712 -2.4410
 115  7.1766  3.5662 -6.6548  2.1707 -3.7798  4.2509  5.7699 -0.8826 -1.1637  0.3329 -0.0504
 116  0.3431  3.4300 -2.8137  0.6647  0.3526  5.3637 11.0107 -5.5963  4.5634  5.0026 -1.3484
 117  4.0909  1.7738 -1.8082 -0.9099 -1.8690 -2.8221 -5.4616  0.8690  6.0184  4.2024  4.6640
 118  4.3566  7.3321  2.1036  1.4099  3.9086  0.4172  4.0605 -0.3864 10.5553  8.3447  1.4819
 119 -10.3939  5.3669 -0.9267  0.8047  1.6104  1.1162 -6.2196  4.2962  2.7840  3.6166  0.4983
 120  5.7572  0.3699  3.3306  2.8627 10.4951 -4.4101  0.6871  2.7406  3.8652 -0.3273  4.4392
 121 -1.9362 10.9746 -0.1959  0.8503  1.6551  5.7946 -2.7675 -6.9174  6.7227 -2.2190 -3.5877
 122  1.5621 -1.0044  7.0738 -5.0277 -6.8989 -1.8136 -2.5817  0.2179 -4.9585  2.2370  0.0813
 123  0.7797  7.2264 -4.9182 -1.8195  3.7537 -10.1433 -4.4613  8.9877 -0.8405  2.4387  5.4260
 124 -9.6649  2.2820 -4.4730 -1.7955  6.2808 -5.9317 -5.1644 -0.9392  2.5809  1.7545  6.0877
 125 -1.0495  0.9940 -1.7742 -2.2164 -12.9339  3.9844 -3.1414 -3.4958  0.6325  1.1890 -1.0352
 126  3.9472 -2.9513  2.1584 -3.1683  3.7263  7.9997  5.2115 -5.5306  3.3892  0.3812  3.9347
 127 -2.9272  5.3355  1.2225 -8.3760 11.1018 -0.6958 -2.4840 -0.5534 -10.8193  1.0088 -6.9505
 128 -8.4810 -2.0182  8.4635 -0.2324 -7.9526 -0.2037  4.1128  2.0855 -0.2371 -0.1512  2.9173
 129  2.4649 -9.0275 -0.5677  6.9201  3.5230 -2.0452  1.9488  2.8439  7.6511  2.8367 -5.9235
 130  6.6442 -3.9616 -2.6920  0.5753  2.6833  4.5774 -4.7617 -6.0560  8.3876  8.7301 11.7228
 131 -2.7094  0.2654 -1.9767  5.6870 -12.1903 -2.6445  0.7215  3.4233 -3.3948  7.1119  2.6520
 132 -4.4013 10.4640 -6.7643 -2.5145  5.2407 12.3816 -12.5126  1.8975 -1.1137 10.7835 -5.5513
 133 -1.5047  2.4487  2.9302  8.8385  3.3576  0.3168 -1.7361  0.0941  3.4646  3.6055  4.5292
 134  8.7048 -9.1179  6.5258  2.2518 -4.7997  0.0001  0.1471 -3.4840 -7.8290 -2.5794  0.6144
 135 -4.0081 -3.5264  1.4969  2.4089  1.9292 -1.7812  7.3640  0.8407 -2.7547  7.2248  7.2782
 136  7.4364 -1.6216  5.1617 -2.0026 -3.3646 -1.7716 -6.6431  7.8975 -2.0575 -1.2484  2.4169
 137 -2.9701 -1.2124 -6.7472 -5.0637  8.3628  2.2875 -2.7748  3.9969  4.6246  2.3751 -1.9406
 138 -0.3787 -0.8235  1.7069 -4.0387  5.8679  2.0358  5.5652 -2.4161 -0.9562  3.1433 -2.6388
 139 -4.6197  1.1296 -3.5000 -7.3810  4.9054  3.6973  2.7412 11.6592  0.6406 -2.4042 -3.4506
 140 -7.4440 -0.5350 -3.0165 -0.2216 10.3403 -1.7445  6.5078 -1.3244  2.9079 -2.3619 -5.7367
 141 -0.3213 -1.7481 -0.0157  3.8419 -0.0910 -6.3218  2.7790 -2.3572  1.6559 -2.5569 -3.2274
 142  5.3925 -7.4801  4.5234 -5.0832 -5.7338  5.6842  8.1566  9.5601  6.9427  9.8369  2.6311
 143  2.2331 -0.3757 -1.6788 -1.4948 -1.2921  0.2514  3.0099  2.7988 -4.0480  8.4841  3.0678
 144  2.1105  6.8404 -5.0337 -4.3403  6.9947 -0.0941 -1.5086  4.5414 -0.0322  3.5743  1.2027
 145  2.9379 -5.2737  2.7792 -3.3030 -0.3296 -1.9525  5.6978 -2.4187 -0.1860  2.1103  5.8299
 146  5.9678  5.5503  5.0421 -1.0664  2.3906  9.4392 -4.3188 -12.2669  0.5730  1.3545  0.5038
 147 -9.2720  0.4617  3.2196  2.1761  2.2381 -1.0140 -7.2932 -2.5534 -3.7284  2.4618  1.4271
 148  4.1950  3.3427  1.6722 -4.8571 -4.8665  0.3479  0.4537  2.5932  4.1610  9.1442 -1.6879
 149 -6.7422 -3.8464 -0.3909  2.3353  1.3802  4.8232 -4.6189 -6.0416 -0.9123  3.1242 -3.3859
 150 -0.3286 -2.8495 -1.8911  5.9476 -4.3354 -3.4076 -9.2269 12.1499 -1.8391  0.5554  0.8821
 151  0.9603  7.3499 -1.2211  0.5023  4.1227  2.1706  2.2931  8.2236  0.9503 -1.6035  2.0861
 152 -7.7372 -8.5989  6.4764 -3.4560  5.7920  2.8296 -5.0305 -0.3108 -1.8250 -2.3793 -0.7887
 153  0.4546 -4.1046  2.5682  1.3670 -1.1561  4.1296 -3.0789  2.2320 -0.0591 -0.8329 -3.6279
 154  1.5983  3.7863 -3.6999  0.5994 -1.2338  8.3904 -3.3453 -1.3475 -2.1651  4.5312  7.1061
 155  3.1062 -2.2255  1.4884  0.3108  1.4326  3.4766  4.6732 -2.7023  1.9783  3.4097  3.5143
 156  3.0696 -2.2417 10.4408  3.6296  0.1973  3.1320 -8.6848  6.9601  9.6510  5.5050 10.9612
 157  0.0837 -2.3218 -0.7768 -0.4692 -3.4740  8.4951 -2.8555 -3.2185  1.4730  4.9810  0.4113
 158 -7.7908  3.8580 -1.1856 -2.7578 -2.2394 -0.6783  1.9194  0.9934  0.3587  2.7081  2.2443
 159 -4.4949 -5.9633  0.2139 -5.6951 -0.0601  6.0259  0.6270  7.0967 -3.0160 -0.6548 -2.3245
   0 -6.7517 -4.5903 -1.7622 -6.4846 -1.6769 -8.8431 -5.2106 -0.3880 -2.1651 -6.0150 -2.5665
   1  0.9643 -2.4507 -3.2754  5.6232  1.8269  1.1055 -4.9248  1.9817 -1.7630 -5.3621 14.4252
   2  4.3817  8.5708 -0.3220  4.2675 10.4968  3.0184 -2.6476 -4.0746 -1.5242  1.8032 15.7415
   3  5.2748 -5.5300  1.2382  1.4364  5.6116 -5.9722  4.1816  1.6993 -2.5411  3.5341  5.8074
   4  1.9229 -5.8341 -5.2501  2.8244  1.9917  4.0844  5.6490  0.4767  2.7797  9.2979 -1.1779
   5 11.1163 -3.0907 -4.1855  5.1962 -1.8140 -3.2992  0.1057 -8.2172  7.0452  7.2671 -2.3585
   6 -1.4032 -8.6075 -0.2748  5.5192 -3.4976  6.3383  7.8150 -3.5865 -5.4158  0.9527  6.8549
   7 -3.2993 -0.5483  6.1045  2.0702 -13.0156 -7.5736  3.1928  5.9335  4.6079 -3.6877 -5.5231
   8  7.7131  4.9949  0.3882  4.7868  1.5934  2.1166  2.2665 -5.2232 -5.1125  0.6744 -5.1836
   9  7.0405  6.0676  2.2124 -10.3318 -1.9726 -1.8022  2.4885  4.2276 -6.8623 -1.7670  1.7477
  10 -4.2794  8.0719 -2.9539 -6.7680  5.1379 -1.7567  6.5828  0.9303  1.6943 -1.4149  5.3527
  11 -4.2479 11.8533 -0.1273  6.2294  6.3425  0.9031  3.0842 -7.2175  2.6958 -2.3262  3.9863
  12 -10.3252 -3.3101  2.3485  0.0857  0.1464 -2.7667 -0.6893 -1.0164 15.2410  0.1336 -4.8635
  13  4.8242 -0.1479 -1.1829  1.1382 -0.5135  6.4107 -0.1184  4.8973  2.6767  4.2279  9.8061
  14  3.2684 -1.7062  3.1452  1.7008  4.3208  1.1305 -0.7418  8.8613  0.8600  6.6696 -3.3140
  15 -2.6603 -5.0778 -8.2934 -1.4967  1.3005 -7.9397  2.6988 -1.4599 -0.8222  2.3964 -0.6522
  16 -6.5209  1.9333 -0.4867  3.7043 -1.5338  9.5424 -2.8376  0.6635  1.7417  1.6411 -1.2860
  17  0.5914  7.0899  2.4708  1.4124 -6.5884 -1.9990  7.3045  0.1194  5.4944 -11.1431  3.0377
  18 -1.4567  2.9016  0.4169 -0.2183 -3.2630  1.6336 -6.8461  1.2998  5.7556 -3.7581 -0.9448
  19  1.6660  1.3317  1.7255  1.2672 -2.0653 -1.7355  4.0509 -4.6415 -5.0792  1.2371 -0.4122
  20  2.6589 -1.8918 -4.0458 -2.5540 -0.3338 -1.6480 -2.6826  1.5467  7.7199 -4.7746  0.2335
  21 -6.8402  0.1029 -1.6624  2.8100  0.4544  7.1518  2.3781  5.8661  4.0457 -0.1616  2.8932
  22 -1.2329 -8.3917 -1.2736 -0.5300 -2.4394  0.9818 -6.6011 -0.6074  2.7067 -2.7327 -3.5868
  23  5.9824 -4.3135  9.6037  3.0446  2.6870 -8.9461  4.5215  8.5190 -4.5894  3.5900 -7.1120
  24 -6.9953 -3.0206  4.7404  6.6017 -4.2325  2.2849 -3.5347  1.1989  1.1737 -5.8405  1.5080
  25 -3.5706 -3.4999 -0.1087 -9.8761  0.0022 -0.6342  2.7377 -2.3647 -0.8680 -0.6673 -0.5947
  26  4.4819  2.7529 -3.8578  7.8070 -5.5126 -5.2276  3.5237  3.0171  5.0220 -1.3898  8.8035
  27 -3.2914 11.7043  1.1937 -0.7707  7.0421  2.0288  4.6837  3.0690 -1.7343 -3.8680 -2.2159
  28  5.4327 -3.1652  3.7680  2.9030 -5.6376  3.5119 -4.7127  3.9602  6.5184 -3.9535  3.3319
  29  1.9420 -1.0302 -1.9526  5.0290 -4.2489 -6.3407  0.7453  2.1738  4.6750 -0.0352  3.0948
  30 -5.1849  1.4281  5.9531 -1.2438  1.8746 -1.4145  9.0131  2.6694  1.3528  3.6429  2.7248
  31 -5.1664  4.5801 -2.4428 -1.3917 -1.2868 -5.8111 -6.6215  1.5753  0.5106 -11.7195 -1.6483
  32 -1.6983  4.3379  4.3403  4.5247  1.4178  0.2579  1.4508 -7.3125 -5.9315 -2.8003  2.5920
  33 -0.0089 -6.9149 11.1484 -0.7451 -4.2242 -6.5610  4.4898 10.2982  2.9384 -1.3749 -1.3224
  34 -3.4654 -4.1300 11.0465 -5.4496  0.1846 -4.5527  2.3053 -1.0993 -0.1669  7.0864 -1.1356
  35 -3.5064  4.6439  5.6296  1.7742  4.4545 -2.2839  4.8685  1.0060  4.9061 -3.1396 -0.8904
  36 -5.4856 -5.2175 -1.4388  1.8230 -9.9354  3.1479 11.0509  2.5479 -4.4265 -2.0250  2.7645
  37  4.0483  0.2602 -0.6680 -8.0937  4.7684 -9.3453 -3.0873 -3.9397 -0.4401 11.0097  5.9904
  38 -5.1597 -8.7688  2.2354 -4.8141 -0.7121 -6.2828 -1.0760 -0.6469 -5.2319 -2.5291 -0.8975
  39  6.6131  1.6817  1.4519  9.3788  3.8940 -1.5184  5.2701  8.0041  5.6167 -4.9981  4.8504
  40  4.4228 -0.3063  4.2278 -0.4574 -5.0707 -4.4760 -1.6114 -3.1409  5.6222  1.6149  3.0328
  41 -0.9244 -5.8949 -0.9445  0.6426 -2.6454  0.7546 -4.4432  4.3378 -4.5474  6.9407  2.7582
  42 -2.2827  3.8518 -2.3813 -0.5699  4.0968  5.9128 -0.2624 -5.8085  2.0601 -1.1468 -1.6151
  43 -1.0337 -1.5743 -3.4506 -8.7352  2.2400  4.1194 -7.4069 -11.5499  5.3331 -0.6404  2.1287
  44  0.7104 -9.0340  7.1116 12.7656  2.4886  0.5771  8.1279  2.2107 -0.5738  4.9478  1.9552
  45  2.4154 -1.7046 -8.2932 -0.2950  0.6313 -9.4844  2.4199  4.5901 -4.7367 -0.5770  0.8480
  46  6.5529 -9.6696 -8.4166  6.6923 -3.8954 -0.5391 -2.9248 -4.5200  8.6783 -2.2821  5.9853
  47 -0.7170  4.9060 -5.0025  2.7963 -1.0562 -1.0485  0.3373  4.2912 -0.5409 -1.8794  2.9121
  48 -2.4244 -3.1126 -0.2422 -2.2016  2.0774  4.8868  1.5368  1.2230  0.8197 -0.3393  4.5908
  49  1.6550  9.1666 -1.0801 -4.1212 -6.0850  0.4861 -6.7544  2.7020 -3.1777  1.4118  1.6035
  50 -3.1298  4.6324  7.1712  5.0537 -3.2080  9.0152  4.1234 -4.0251 -4.0937 11.5469  7.6822
  51  9.7779  0.7116 12.7604 -4.5712  1.3481 -0.0642  0.6775 -4.8716 -1.0855  1.9387  0.0091
  52  4.2381  2.4221 -11.5561  0.6991  3.8446  3.2716 -3.0911 -0.6699 -0.7111  0.0982  2.4820
  53  4.0196 -3.5070 -7.7314  3.1791  4.4135  2.3897  1.8483 -3.7794 -5.5465 -0.6960 -4.7044
  54 -2.5478  1.8630  2.9665  3.7754  2.2112 -5.5116 -1.7437 -3.1998  5.1745  7.5735 -6.7702
  55 -8.4796  2.9742  7.8071 -1.5244 -0.0407 -1.1166  6.6084 -7.7102  3.1807  0.5115  0.5462
  56 -2.1394 -5.3116 -0.4319 -2.0808  4.8541  1.2877  0.6741  4.0969  0.9399  0.6803  4.1492
  57 -0.0750 -0.5817  2.6775  7.8664 -6.0511  0.0108 -8.8598  2.8256  2.5496  9.7620 -3.1979
  58  2.3423  2.4203  5.7691  0.7191 -4.7093  7.6425 -1.4787  6.0203  6.2900  5.4243  0.8258
  59 -0.7353  7.4009  4.1019 -1.5794 -2.7725 10.9333  5.7076  5.2562  0.9318 -4.6180  1.4502
  60  5.0311  0.0313  0.9074  4.6012  5.5085  1.2180 -5.1662  0.0435 -8.5265  8.6231  5.7957
  61 -4.8149 -3.1133 -4.6324 -1.5500  1.2620  1.1760 -1.0889  6.6529 -5.6620 -3.1962 -1.0852
  62  0.3297  8.0677  2.8410 -4.4737 -5.2752  8.3480  0.5942  3.0892 -2.1374  8.3576 -1.3762
  63  0.3057 -0.3785  0.4398 -0.0361 -6.3871 -1.1261  5.4096 -10.2452  0.6530 -5.2695  9.2702
  64 -2.8067 -7.8214 -1.4657  8.0237 -1.5762  1.8574 -2.4258 -4.9007 -1.5280 -6.0453  6.0717
  65  0.8893 -4.5946 -0.6262 -7.7232 -1.1882  2.4706 -2.8580  2.4303  3.0323  0.4229  6.2444
  66  8.8092 -1.2024  3.5612 -0.8244 -5.4320  7.9781  1.5650  3.5748 -9.6477  3.1123 -6.6254
  67 -1.7000 -0.0325 -4.2254  4.5623  5.7978 -3.1299  2.2345 -6.0078 -3.2796  1.0397  5.9705
  68 -0.3457  0.1128 -0.6346  3.3048  0.8879  2.7678 -0.9610 -1.8887 -3.6920 -2.0965  4.2137
  69  6.2631  4.8544 -4.9434  5.2351 -0.5533 -3.1961 -7.1106  0.3639  2.0996  0.7211 -9.9205
  70 -3.5830 -0.8439 -6.3843 -3.8920  2.0481 -2.0387  5.0549 -0.1969 -5.5370 -3.9957  4.2334
  71 -11.2447 10.8741 -1.8142 -4.3241  8.7670 -1.0666  4.8426 -2.3944  8.5942 -0.9091 -1.4952
  72 -2.6982 -8.5922 -2.0202  3.4123  5.7845 -3.8789  1.6554 -2.7329  3.5624  7.8430  3.9232
  73  8.5857 -6.7608 -7.6573  8.0915  3.0130 -4.8217  1.2439  8.1050  1.1678  3.6010 -1.5421
  74 -0.3690  0.9146  6.9749  0.3785 -1.9495  2.1497 -4.7228 -6.2175 -0.7220 -5.7132 -4.1301
  75  0.4718  7.1515 -0.9317  5.0774  0.6436 -0.8540 -0.7451  1.9090  1.5425  1.7727 -16.4489
  76  0.4746  5.6370  3.2047 -3.7306  8.9855  5.9022  5.0630 -0.5716 -0.6843 -5.0632  3.3705
  77  9.4559 -2.4342 -0.9434  1.1761  0.3323  1.6550  6.3523 -9.3011  5.3566  5.0506 -1.3483
  78  0.5077  2.2716 -3.8690  0.5782 -4.1745  2.8018 -4.3604 -1.4037  1.3448  3.2029  0.6960
  79 -7.6706  5.7596 -6.5736  1.6812  2.1562 13.5079  0.3441  0.1237  6.4886 -0.9315  2.5066
  80  0.1420 -5.8528  7.8577 -1.5498 -3.6272 -1.3120  3.4954  9.9007 -0.0675 -1.2041 -2.3712
  81 -0.1470  4.9164  1.0678  5.9199 -1.8068 -4.3282 -0.6718 -0.5307  0.7168 -2.8712 -5.2708
  82 -2.6984  3.5545  1.7492  1.1964  2.7727 -1.4434  0.2341  4.2442 -0.4528 10.8158 -5.3910
  83  6.7679  3.6082  1.7501  2.5223 -0.5334  0.9633  2.6216 -3.4158  7.7013  4.1400  6.0011
  84  7.5037  1.2590  4.6438  0.8404 -4.7964  4.5917  1.1673  3.7975  0.3312  0.4874  7.0693
  85  2.3350 -0.5577  7.9563  2.5669  1.6885  2.2696  0.5626  0.0485  5.3329 -0.9440  0.8243
  86 -0.1966 -4.2482  0.6805  0.8714  0.9612 -0.1873  5.1352  3.6225 -9.2658 -6.4306  8.6113
  87 -5.6856  0.0590 -0.7487 -1.5763 -2.2719 -4.5890  4.2491  6.4130 -3.7107  2.9322 -6.5475
  88 -0.5652 -4.2701 -3.4823 -2.3908 -1.4267  9.2647 -1.2503 -5.0933 -0.1045  7.0574  2.2826
  89  0.2187 -4.7192 -4.9228 -1.9234  2.4200 -6.4646  3.0883  5.7010 -2.5404  2.5056  4.7191
  90 -4.7867  3.0880  1.9533 -11.4003  0.3098  5.5790 -10.9853 -1.4028 -1.2242 -4.1277 -0.1400
  91  3.1497  4.4011 -2.4242  7.2535 -2.2134 -6.8233  4.4094 -1.5462 -1.3163  1.1647 -3.5523
  92  5.5110 -3.1136  4.5286 -1.5646 -6.6645  2.4517 -2.9907 -0.0092  1.2262 -6.4899  0.4351
  93 -0.9259  7.5006 -3.5413  2.2681  2.4309  3.6569 -3.5997 -4.9977 -2.5173 -6.6807  4.7031
  94 -2.3581 -2.4473  8.5033 -2.7652 -3.9481  2.2520  8.5887 -6.2579  0.7941  7.7027 -6.4697
  95  1.6594  0.5442  4.4218 -4.8758 -0.2633  1.9734 -9.1594  0.0360 -1.1187  8.0885  1.5890
  96  3.3804 -2.2173 -1.3695  2.8273 -1.8832 -7.3930  2.5729 -2.0559 -4.6884  7.5166  9.1587
  97  7.2025  3.2581  1.8632  3.3407  3.0519  0.0242  2.3058  3.9215  7.7748 -3.9725 -1.9333
  98  0.1677 13.1180  0.5337  4.2803  8.9608  3.7747 -7.4482 -7.1382  5.6560 -0.2241  3.5004
  99 -9.1147  2.0735 -0.3143  2.8256  7.7656 -2.3667 -11.0333  8.0522 -2.4694 -0.3362 -0.9743
 100 -6.3280  3.2068  2.1679  5.1367  2.6605  0.7399  1.4944  4.5408 -0.9406  0.2849  0.2940
 101  2.6432 -2.5099  2.4944  7.9074  5.9028  3.5990  7.1744  0.0772 -3.8440 -0.2230 -1.5736
 102  6.2638  1.3670  2.4219  0.9321 -0.3896 -1.5860 -2.4061 -2.3427  0.5313 -5.2386 -3.0249
 103  4.6714 -2.1189  2.5788 -2.3623 -1.3746 -4.5875 -2.2731  2.7163  4.5184 -2.7697  0.4637
 104 -11.0410 -8.7588  6.2558 -8.5323 -6.3567  1.8145  5.9946 -2.9991 11.8317 -6.2196  1.3014
 105  8.5823  1.6075 -0.5351  7.2810 -5.3819 11.5590  3.4503 -7.6014 -8.1669  5.7971 -2.8969
 106  2.6394  5.6529  3.3902 -0.5468  3.7849  5.5858 -3.2186 11.5193 -0.4836  6.7911 -4.9617
 107 11.1132  1.8819 -8.9913  2.7925 -2.0623 -0.4348  2.9756 -4.6112  0.8640  0.9318  6.8619
 108 -9.6365 -15.4035 -1.1497  1.3965  2.7831  4.2138 -1.8268  0.5018  7.1370 -5.6550 -0.2829
 109 -1.2098 -3.8739 -0.0184 -7.8039  3.2501  1.1938  9.4723  8.5506 -2.4621  8.3788 -4.2196
 110 -3.1350 -3.4926  7.7054  0.6366  7.4680  0.2981  5.7185  2.0334  0.1530  3.3922 -2.2775
 111 -0.3405  0.5486  2.5762  7.4703 -1.1354  3.1415  6.7695 -12.7300  1.7995 -9.3373  8.1926
 112  4.0033  5.6876 -0.6753  4.1848  2.7021  6.7127  4.2364  6.0232 -3.0507  6.8109  4.0013
 113  2.2623  3.8382  1.9989 -1.0366 -0.0933 -0.1373 -3.3974  2.9021 10.1457  5.2065  9.6356
 114 -6.7834  0.8793 -3.2729  5.0861 -4.9575  5.5752  6.9076  0.5353  1.7306 -2.3277  3.5194
 115  2.0061  2.0886 -3.2445  1.7452 -3.0252  9.6990 -3.3116  2.4382  1.7298  3.5707  3.7270
 116 -7.1127 -5.3312 -3.9368  4.0595 -1.1303 -0.5700 -0.4164 -7.2377 -0.2447  5.6985 -8.8464
 117 -5.4352  6.0545  0.1067  0.1130  5.7014  4.7760  5.5095 -2.2510  9.5917 -4.9254  2.6460
 118  1.3944  0.2195  1.8635 -7.3074 -5.9330 -1.5460 -3.0522  2.2671  6.0481 -0.2661  5.3641
 119  1.5305 -3.0467  0.4967 -1.1452  4.0572  5.8544  5.6927  5.0218  0.4189  1.6966  3.2318
 120 -2.8217  0.5270 12.5206 -2.2903 -0.4016 -4.4431 -3.5364 -0.8736  2.1433 -0.5256 -4.5935
 121 -1.1745 -3.3712  7.0275  2.4178 -0.8251 -2.8664 -2.0655 -2.4850  0.8955 -0.7851 -4.7847
 122  8.5127 -3.6490  0.5110  1.7357 -2.4475 -4.8124 -1.8992 -3.7612  7.2983  3.6519 -7.6879
 123  3.2232  1.4633 -1.9977 -9.3207  2.1336 -1.6072 -3.7357 -1.5849  0.2785 -7.0215  5.7682
 124 -0.6007 -3.1441  1.4136  1.0276 -10.5673 -7.0261 -1.6453 -7.3319 -4.3060 -8.4792 -3.8690
 125  1.8426  9.8874 -0.2469 -1.7271 -7.5353  1.0512 -4.1749 -0.7708 -1.9953 -2.8122 -3.4340
 126  6.6035 -4.6724  0.2424 -2.3707 -3.3986  7.5417  5.2396 -5.5200  1.0959 -1.0369  1.4271
 127  1.0492  2.0564 -1.9481 -9.2001 -1.1168 -4.8059  2.2257 -3.4973  2.6142  6.2023  3.6615
 128  8.8638  2.3320  3.8348  5.1123 -2.8157  3.3572  7.8106  8.1373  5.6327  4.1482 -3.8461
 129 -5.7982 -0.0137 -2.3415 -0.0300  0.7716  0.3197  1.6935 -4.7629  0.4597 -0.9177  3.7631
 130  0.9333 -1.1879 -1.7610  5.6240 -9.9761  2.8967  1.1462  4.0193 -0.3976 -6.3246  1.8999
 131  3.7091 -0.4792  1.3597  2.6635  2.6474  3.6179  7.5809 -0.7428 -0.4941 -5.3584  3.0954
 132 -2.7927 -7.0336  4.1921 -2.6087  0.7906 -2.8945  5.8528 -4.2326 -7.0385 -0.7234 -1.3174
 133 -0.2144  0.1294 -2.0385  7.2519  4.8463 -0.1490 13.7384 -4.9754 -5.9912  2.1517  5.0454
 134 -0.3782  2.8606  4.2833 -2.2458  5.7882  2.3759  5.4801 -2.9436 -4.6246  5.0919  6.7134
 135 -0.4702  0.9883  0.7319  2.1791  2.4110  0.9352 -0.3839  1.3629  6.0975  2.2604 -3.9158
 136 -2.8163  0.2373  2.7332 -4.3492  0.4053  3.6247  1.2978  2.2376 -3.3131  0.9334 -3.6131
 137 -2.8206  3.4084  0.5370  2.8253  2.2097 -1.5142  7.7267 -1.3659 -2.2740  5.9116  5.7313
 138 -0.3946  3.2227 -10.5331  2.1145  2.8388 -6.5360  6.1554  2.9450 -1.9434 -2.2718  3.0644
 139  4.9371 -1.9911  7.4449 -9.3813 -4.2832 -6.8872  7.2660  5.1417  1.9032  1.6524  0.3588
 140  5.8316  8.5849  0.9741  6.2972 -3.2431 -0.8998  5.3428  3.9336 -3.8455  5.6402 -0.6145
 141  3.0218  1.0484 -7.0437 -0.9914 -3.9406 -4.9844 -8.3298  5.1050 -3.2207 -0.9753  0.2673
 142 -4.2257 -5.8382  7.6532  3.2318  3.3953  3.0935  0.8312  7.4371 -4.5768 -7.7671  5.7139
 143  8.7901  1.1291  1.0701  7.8946  0.6983 -5.1241  2.7110 -3.9760  4.8482 -4.5379  6.7388
 144 -5.4565 10.0990 -0.7033  4.8298  0.9017  3.2020  2.4761  4.8983  0.5907  1.6398 -1.9935
 145  0.7649  4.8367  3.9194  6.9018  1.4961 -2.9631  0.5532  0.2329  3.8166 -1.2852 -4.8602
 146 -4.4093  1.0510 -3.8605 -2.6215  0.5088  0.0251 -10.7031  6.2898  7.0075 -0.9121  5.1083
 147  0.3376  2.7685  0.4709  5.0226  4.3888  8.4403  2.2133 -1.1837  6.9462  3.2054  2.2754
 148 -4.1846  0.1722 -7.4432 -0.7368 -9.2781 -2.1287  3.1502 -8.8982 -1.4639 -5.7865 -5.7092
 149 -9.7321  4.4100  0.6264  5.1519  9.8683 -4.0600 -2.7424  1.5888 -3.0700 -5.0465  6.6756
 150 -3.1843  7.0424  4.9251  2.3642 -1.3697  0.3883  3.4931  0.1020  2.9955 -6.0449 -5.8124
 151 -4.5813 -0.1745 -1.2599  3.0567  0.8031  5.2083  3.1511 -2.4027 -1.7464 -4.2418 -1.0622
 152 -1.6178 -3.1225  2.9783  3.6101  6.2585 -2.8617  2.3224  3.8069  4.0845 -3.0099 11.4081
 153  3.2084  0.7681 -3.0263  5.2651  2.3559  6.3846  8.7677  2.8775  7.3899 -8.5863 -3.6809
 154  1.9836 -1.1610  4.4244  0.9978  2.0615  2.5536 -5.1884 -0.5689 -4.2129  1.9971 -1.3743
 155 -4.3870  2.3645 -9.8263 -4.3932 -2.4536 -8.1092  6.0340  2.5732  4.0882  5.4962 -0.6935
 156 -7.5085 -7.6110  2.8925  9.1294 -1.1575 -1.3228 -6.5672  1.5823  3.2542 -3.7107  3.6244
 157  3.0067  4.9560 -4.0656 -3.7443  1.5446  7.9406  3.7542  3.8038  0.2609 -0.6737 -1.8950
 158 -1.7119 -2.1865  2.6390  0.5875  8.4316  7.4422 -4.9034 -0.1297 -2.9757  0.3506 -2.2001
 159  1.3751  0.2026  2.8300 -7.2542  7.6305 -2.3156 -2.2186  3.7663  4.6051 -0.4872 -0.1564
   0 -5.7857  3.6172  4.2631  9.4303 -6.7114  0.7487 -1.3175 -3.3730 -0.9851  0.8296  0.8223
   1 -0.7608  0.5353 -2.6758  2.9007 -0.4791 -4.9484 -11.2893 -8.4392 -0.2212  1.6632  0.9828
   2 -0.7299  5.0909 -1.9291  5.7171  3.0115  7.4574 -13.7204  2.0839  2.2401  1.6282 -1.6930
   3  6.0710 -8.2496 -6.0960  2.2770  7.7747  0.0539 -0.9552  0.0272 -2.7121 -4.2882  3.9459
   4  3.7118  6.8407 -10.2503  9.2484  2.8466 -6.9887 -10.5290 -4.3852  4.5499  7.1625  0.3872
   5 -5.6919  2.4333 -0.8435  2.3740 -2.0823  0.0670 -3.6055  5.1197  1.0946  2.7804 -2.1449
   6 -0.1778  9.3519  5.9048 -8.0410  4.0783  1.0983 -1.5259 -2.8559  4.3531  0.8042  3.4212
   7  3.3874 -0.7813  3.9096 -0.9621  5.7167 -0.8591  4.1659  0.7748 -4.6759 -5.8068  6.2161
   8 -7.2843  6.3837 -12.0054  4.1028  3.6455  5.7580 -4.2573 -7.0819  2.7417 -1.4407  0.8267
   9  1.8366  7.9957  8.4139  0.3866  5.0108  4.9950  1.7839 -2.4756 -10.0127  5.2183  3.7176
  10  9.8021 -0.2538 -3.4987  0.7454  4.1893  1.3447 10.2597 -2.2904 -9.3675  1.8706 -0.5384
  11  0.8984 -3.7237  5.1331 -7.6382 -7.6515 -3.2696  1.5381  5.0136  2.1566  0.3682  3.2526
  12  4.4948  5.8534  1.6509  1.8757  1.8682  1.7040 -1.2247  6.7523 -2.0732  7.3941  1.4829
  13 -0.1059 -0.8051 -5.3751 -1.7055 -1.4493  7.6416  1.5744 -2.7690  2.5166  1.9211  3.0159
  14  8.1762 -0.8470  0.1915  0.1731  0.6448 -1.9303 -2.7469  0.5359 12.2478 -3.5413 -0.0018
  15  7.2395 -0.0981 -4.9152  4.1099  3.4776 -1.0465 -2.4736 -4.6722 -6.7535 -1.8460 -2.3646
  16 -1.2616  3.6055  6.8538 -0.5553  5.8408 -2.9150 -2.1407  6.5217  0.9219 -4.4367  0.8344
  17 -10.1150 -8.0544  4.0443  2.1668 -4.5958 -1.5616 -6.3132  0.4072 -8.3848 -4.3959 -0.0658
  18  0.4695  1.8215 -4.3114 -1.8462  2.9496  2.4998  3.0258 -0.4760 -0.5043 -5.5771  4.6153
  19 -0.3389 -5.9039  1.1540  6.7304  4.0509  0.1267 -6.4938  0.9868  2.6731 -1.9926 -6.6992
  20 -0.1426 -3.6390 -7.7575  3.5770 -0.5811  3.6044  1.7883 -2.1378 -0.5569  1.2954 -0.2250
  21  3.3063  4.9809 -0.3588  0.3815  0.3182  7.7519  2.1525 -4.6968  0.3716  3.1748  2.6229
  22 -1.8937 -1.5239  4.8926 -4.5624  2.7258  6.2161 -2.8573  4.4216  0.9503 -4.0773  1.5993
  23 -2.7945 -3.2988 12.3700  5.4538  5.8743 -1.7175  1.6957 -1.0528  0.6235 -3.3433 -5.7627
  24 -2.6734 -1.2946  0.5621  4.2691 -1.1657  2.1313 -7.4067  3.5602  3.6231  3.0658  0.5013
  25 -2.2397  2.8151 -6.9482 -5.7798 -8.3120  3.9264 -2.3048 -0.6477 -3.3731 -6.4429  1.4184
  26 -11.8595  4.3150 -2.4065  0.6970 -4.0749  8.5648 -2.7495  2.2886 -7.3234 -9.2339  0.9187
  27 -1.8381  0.5495  0.7445  3.7561 -0.6269 -0.3370  3.9369 -1.5284  2.4511  1.6179  3.6462
  28  2.9637 -3.1413 -1.0316  0.0312  0.1079 -2.8698  2.4051  5.1866  5.5802  5.5122 -1.5126
  29  2.8198  1.6684  2.0967 -4.6955 -0.2126 -2.4937  2.6137  3.5587 -4.0416 -1.5938 -3.9446
  30 -3.2640  3.9222 -7.0862  2.4267  5.0686 -1.2254  8.2815  3.6837  4.4594  5.4943  4.8092
  31 -4.9979 -0.8608 -4.3062 -8.5275 -0.3786 -6.8386 -1.4681 -0.7554 -10.1912  1.5816 -3.0008
  32 -6.6347  0.7298 -1.1995 -1.8226  1.0209 10.9831  3.6581  7.1485 -7.3888 -4.1705 -0.0616
  33 -9.8594  1.6442  5.5012 -2.3915  2.8586 -3.3372 -4.5025  2.0723  0.4763  9.4463 11.2006
  34 -5.1301  5.9837 -1.8756  0.3854 -1.9083 -1.1619  5.4183 -1.6144  3.3371 -7.4443 -7.0102
  35 -4.1011  4.6207  0.9873  2.5383 -8.8720  5.6878 -0.3067 -3.8333  1.8150  1.2341 -6.2593
  36 -4.4864  3.3124  3.5558 -5.6529  7.6962  1.2890  1.8569 -0.1479 -4.4546 -9.1830 -3.5683
  37 -4.0359  7.8116 -6.0739 -2.6428  5.2999  7.7941  1.6904 -0.2058  5.2191 -3.1210  4.8544
  38  1.4544  1.7725 -4.0574 -0.0990 -1.0830  1.2126  2.2709 -4.0020 -9.7291  1.4205  9.2632
  39  3.3042 -6.3005  1.1041  3.7248 -5.0687 -2.7060 -6.1837 -0.7793 -5.1521  0.9694 -5.3824
  40 -3.1610 -0.8702 -6.4124 -1.0668 -1.7805  0.0161 -0.9424  8.3938  4.6193  2.9454  3.9937
  41  4.3130 -0.5071 -1.5343 -6.4473  5.4987  1.1116 -1.7912 -4.6705  6.2959 -1.3228 -2.7090
  42  0.0467 -0.3544 -8.0805  7.9232 -2.9506 -4.1828  3.3989 -5.4628  4.3967 -2.4084 -0.8244
  43  2.0089  0.8876 11.0216 -3.8457 -1.4245 -4.6960  0.5064 -3.6339 -5.5641  4.5162  4.1577
  44 -0.6085 -1.6463 -3.9344 -9.7253 -0.8663  3.4068 -8.8894  0.1397  7.4707 -2.5268 11.0559
  45 -4.2416 -0.5792 -10.5860  2.4014 -0.9885  2.2119  6.3056 -0.7504  1.9732  6.7269 -2.3192
  46 -7.3774  7.2693  6.1588 -0.9717  5.0294 -6.3140 13.3070  6.4006  5.0640  1.2430 -2.2452
  47 -4.4355 -3.4241 -10.8401  1.5982 -5.4320  6.1114  0.0275 -5.7157  3.1478 19.1472  4.1274
  48 -2.1935  5.2158 -2.2272  5.6031 -3.2750  5.0640  7.5643  1.4429  3.8429 -5.5220  2.4491
  49 -2.3954  3.4518 -1.4823 -3.0226  6.7952 -4.8754 -5.3134  3.9675 -4.1266  1.2632  7.8241
  50 -4.4510 -3.7594 -5.8187  3.1809  1.7897  1.1772 -0.8332 -2.0141  3.1845 -6.2163  2.9562
  51  1.1183 -0.2013  2.0718  6.1035  1.1847  0.3330  0.1375  3.1888 -0.6457  8.1853  1.7254
  52  3.0677  4.7587 -1.7537  0.7008  1.9472 11.0488 -0.7926  7.3138 -3.3247 -2.3907  2.0708
  53  5.3202  0.2316  4.4419 -1.0169 -2.7162  4.0748  2.8224  8.2531 -2.5111  1.8827  3.0526
  54  1.0276  0.8049 -6.4613 -0.4792 -1.2545 -3.8312  2.5221  0.2662  6.0021  0.5579 -2.9379
  55  2.5795 -0.0107  8.1028 -7.6317 -2.7328 -2.5367  7.8227  5.5693 -4.9410 -0.1850  1.1177
  56  4.4360 -0.3178  2.7597 -5.8217  2.8557 -4.8757  0.6617 -3.5209 -2.6413  0.4541  5.2996
  57  1.2977 -7.7564 -6.9516  8.0881 -2.2598 -5.5318  0.1233  4.5901 -2.0202 -2.6444 -3.2565
  58 -10.1661 -0.0262  1.4489  2.8744  5.6454 -2.1673  5.7671  4.1380 -9.2234  2.4428 -4.0696
  59  2.2455  5.4223  2.5424  4.3058 11.3519  1.3694 -1.7803  0.1615  2.3001  1.3862  5.8549
  60  1.2520 -1.3583  3.9089  1.2028 -0.7888  3.5051  8.0316  1.4705  3.2140  7.2069  9.6630
  61 -1.4848 -16.3943  0.3658  2.9957  0.2165  4.0278  5.1928  1.6882 -2.1379 -2.0061  0.1462
  62  4.5117 -6.6621 -2.1892  4.0399 -4.9196  1.3326 -1.3603  8.3757  0.4025  0.2975  5.6353
  63 -3.0465 -5.0535 -0.6654 -4.3176  0.9008 -0.9216 -3.9607  2.9980 -5.9572 -1.9333  4.1483
  64  5.0652  0.6233  1.7586  3.3492  2.6876 -3.9225 -2.2066  2.2844  1.5640  9.3858 -2.9377
  65 -0.3225 12.6377  2.8353  0.4759 -1.5463  7.9140 -4.2991  6.3129  3.2417  3.0492 -0.0367
  66 -1.2409  4.1385 10.8037  8.2602  7.2344  9.2569 -7.5484  3.8878 -10.0118 -0.5022 -1.3231
  67  2.3045 -2.8999  1.2213 -2.9485 -6.1253  1.0146  1.4201 -6.4873 -7.5785 -8.4355 -11.4516
  68  6.0492  2.7515 -0.3369 -1.7515  0.6038  0.5130 -2.5185  4.9470  2.0433  5.6906  7.1331
  69 10.0202  1.5814 -5.1046  6.2708 -6.6460  7.8718  2.1118  9.4577  4.0599  2.5177  0.3691
  70 -1.2680 -8.9397  4.4764  6.6328  9.5526 -1.3617  1.6418 -5.9384  1.5824  2.4564 -9.0073
  71 -4.5446  5.3702 -6.1061  2.0829  2.2699 -0.2142  2.5526  3.2047  1.6512 -3.2959  1.3631
  72  1.9441 -2.9960  1.2183 -7.7702  3.9849 -0.5666 -1.3092 -1.4142 -4.4355 -2.3966 -4.5305
  73  1.1781 -3.3731  2.7811 -1.9270 -0.5655  1.9920  9.8312  3.3860 -4.7995 -1.0846 -6.3960
  74 -2.6138 -1.7732  1.3813 -1.0481  1.2549 -2.1248 -3.1532 -2.3962 -1.5985  1.2046  7.7661
  75  4.5936  8.0172 -8.1420 -5.9990 -2.9451 10.6174  6.5101  4.8306 -0.5395 -3.1724  4.8241
  76 -3.9423 -0.4762  5.1715 -2.2307 -7.7817  7.0105 -2.7928  1.1956  0.2944  7.1571  4.1931
  77  0.9141  6.5366 -3.0004  0.7224 -5.4214 -5.3249  1.2819 -4.4695 -2.8606  2.4878 -4.7486
  78  7.8301  0.4232 -2.5868  5.9607 -7.5491 -7.3649 -2.6692  7.9920 -2.6626  4.1717 -0.0965
  79 -0.2185 -1.7007  1.3229 -7.3053  5.8674 -3.7966 -2.7520 -4.6195  1.5367 -0.3134 -3.5013
  80  2.5760  1.1527  1.1878  6.0356  0.7299  6.0259 -2.5327  0.3056 -5.0169  4.4645  0.9330
  81  2.8236  1.5676  4.9529 -5.8049 -1.5412  4.1922 -0.9575  3.4007 -2.3500  5.9094  2.7584
  82  2.3738  1.3935 -0.3684  8.8884 13.2940 -0.5333  2.1628 -11.0051  1.8295 -7.1370  6.4233
  83  5.1263  1.9582  3.8613  1.9450 -9.9223  0.4524 -0.6229  1.9223  1.4068 -10.1354 -6.2650
  84 -8.9162  4.4761 -5.4555  0.0812  1.5016  4.2336 -8.5848  1.2588 -2.6941  6.1441  6.5520
  85 -2.7723  2.9724 -6.5130  1.5335 -11.5645 -3.3587 -1.4235  3.3398  3.3624 -6.7215  4.6815
  86  0.3630  1.6862  0.0116 -8.6241 -3.4020  1.9211  4.0996 -7.4693 -7.5606 -3.2724 -8.3579
  87  1.1936  1.2565  0.7080  3.6362  3.1240 -0.6273  6.9483  0.2818 -1.2812 -2.7546 -3.7612
  88  4.4183  2.0160  6.1707  7.3056 -5.4489 -3.4254 -2.7167  4.8744  5.4163  2.8070 -9.8059
  89  2.7446  5.6230 -0.1864  2.0846  5.6438 -5.6650  0.5932 -1.2292 12.9199  1.3179 -2.3123
  90  0.5085  4.0129 -0.0852  0.9714  1.4641 -5.9518 -4.1073  1.4143  1.1726  3.3550  0.7776
  91  2.1113  1.6387  1.5245 -5.1847 -4.7805 -2.1909 -3.7380  3.2822 -3.5324  9.9644 -1.0840
  92  6.8682 -3.5047 -1.5185 -2.4865  1.2108 -8.7570 -2.8029 -3.6118  7.4939 -2.1347  1.2702
  93  0.4495 -10.0523 -5.4882 -0.0515 -1.6216 -7.9068  4.0711 -2.7187 -2.2711 -0.2423 -11.4047
  94  0.8646  4.7036 10.1737 -0.1958 -0.3012  1.5807  4.1519 -0.7233  7.8047 -2.1881  1.9958
  95  1.8766  7.6597  0.9082 -7.3698 -0.8851  4.1121  4.9724  1.5695  6.5707 -5.4549 -1.0067
  96 -0.3349  3.4786 -0.8605 -3.3966 -5.1792  2.3350  5.9589 -10.5718  2.5836  3.7965 -6.4766
  97 -2.9869  6.5018 -1.0384 -2.4569 -5.1052 -2.5844  1.8450 -0.8199 -2.2821 -4.6098  0.9448
  98 -2.2345 -3.0301 -0.2195 -5.4188  3.9085 -5.7474 -4.2431 -2.5706  4.1789  2.3591  3.4313
  99 -1.8708  0.2817 -2.4595  0.4977 -7.4629 -1.7709  1.1242 -3.2144 -1.9068  8.0963  2.6078
 100 12.0505  8.3293 -3.2715 -1.5392  0.9361  9.4829 -0.2820 -5.2950 -1.5900  3.7780 -4.5422
 101  1.5948 -3.8753  1.5929  5.9065  0.7401 -1.1643 -2.4253 -0.2570  2.2219  8.7855 11.4131
 102  1.4889  6.0837 -8.0916  4.5057  4.0719  6.0509 11.0152  6.8322  3.0437  9.1563  2.0096
 103  3.6044 -2.6203  7.5055 -4.6997 -4.6868  5.0706 -3.2687  3.1287 -1.2100 -2.5314  0.5929
 104  6.0942  0.6098 -1.6746 -3.7233  0.2144 -1.5030 -1.3277  0.4885  1.8163 -11.7172  0.2145
 105  9.8444  2.8381 -8.3235  9.7115 -0.8784  8.2270  4.9778  0.9866  3.2891 -6.0947  3.8586
 106  1.8007 -11.5176  2.8592 -10.5229  7.4010  5.2345  4.0834  4.0740 -8.2138 -1.8666 -0.2185
 107  6.9953  4.8042 -7.6404 -0.2307  1.0075  1.8342  8.3213  9.5637 -12.7107  5.3581 -1.8317
 108 -3.2607 10.5815  2.8995  4.9754 -2.2973  4.9668 -0.6978  2.8934  6.3900 -3.3113  0.5616
 109 -4.8493 -1.3251  6.4744  0.3714  1.2513  2.8083  0.8739  8.7404 -2.7190 -4.8541  8.1858
 110  1.4406 -0.7439  6.9790 -1.1132 -1.5076  1.2790  2.9177  3.4639 -2.0128  6.1746  7.0461
 111  6.9074  1.8509  2.3716  4.5067 -6.5200  0.0517  3.0745  0.3487  4.0572 -6.1081 -0.4084
 112  0.7276  5.0741  5.5917 -1.2341  1.6960 -3.6304  6.4189 -3.7181 -4.3808  8.3463 -1.4975
 113 -5.9891 -4.2004  2.7485 -9.3753  7.7783 -7.5194  0.0604 -2.4806 -3.3927 -3.9193  0.2522
 114 -6.9894 -1.1891  1.5715  1.8742  0.5349  3.9666  0.8347  1.5350  0.9140 -8.5208  0.3164
 115 -4.7251  3.7450 -0.3507  6.7798 -1.6099 -5.9237 -4.4128 -3.1612 -2.0940 -6.4744  1.5715
 116  3.8214 -1.0373  6.7982  1.7605 -0.2776  0.1782  3.1524  2.3549 -5.9872 -5.2273 -1.5427
 117  7.0201 -0.7198  1.6090 -8.9559  0.6085 -0.4607  0.2350  3.0351 -4.7425  1.6348 -3.8369
 118  1.3317 -3.0400  3.1498 -1.8800 -2.7598  5.5845 -3.6911 -4.0059 -2.0379  5.8798  1.7093
 119  8.5457  0.0496  3.9086 -1.6601 -4.4066 -1.3028 -1.7244 10.5778 -3.2006  4.3435  4.0620
 120  0.5215 -0.9631 -2.7532  0.4373 -1.8809 -0.6178 -5.9834 13.9803 -0.9853 -8.2961 -0.9827
 121  3.9244 -6.6471 -0.4030  4.1457  3.1631 10.9407 -1.3305 -1.5146 -2.4798 -0.2521 -4.7839
 122  0.2212 -2.7646 -3.9318 -0.1082  4.4156  3.1262 -1.9509  3.3777 -4.5067  0.1135  5.6426
 123 -5.9575  6.9914 -0.8995  1.0822  2.2222  2.6641 -9.6892  3.9097  4.7121 -0.7532 -1.1467
 124  1.0687 -1.7061  5.2396 -5.2907  0.1097  5.9824  3.5193 -2.4497  1.5034  3.7704 -2.9901
 125  3.8076 -1.3227  6.8024  4.6005  5.1186 -1.8000  1.8564  3.7737  6.3146  0.6841  2.5339
 126  5.4540 -0.8274  7.6696 -4.4822  3.5862  0.2223  2.4258 -4.9626 -3.9211 11.7782 -1.6901
 127  7.1890 -7.7082  0.8227  4.3446 -0.2105  2.2899 -2.2321 -2.3921 10.5986  5.5843  2.5370
 128  3.4517  2.0158 -6.5676 -0.9810  7.4718  3.2221  3.6856 -3.6677 -9.2672 -4.2105 -0.1042
 129 -0.2981 -2.2069 -7.3552  0.8989  7.0747  2.9020  4.3272  0.7088 -9.9184  3.0610  0.6339
 130  1.2816  2.0036  1.4041 -5.6651 -6.1651 -6.0322 -7.5548 -4.6551 -6.5575  1.2034 -1.7984
 131  0.0757  3.1147 11.0332 -1.5963  1.4380 -4.2258  2.3709  2.5614  0.6068 -3.6457  4.0971
 132  2.6245  0.5589 -3.4407 -0.2180 -5.6761 10.9491 -8.1665 -5.3655 -6.2329 -1.7408  1.5589
 133  1.5348  3.8011 -0.3547  5.5977 -5.6994 -3.5466  1.1747 -4.0343 -0.5799 -2.9734  6.3319
 134 -1.9636  1.0191 -2.6285 -7.4354  2.1768  0.3747  6.9611 -4.8193 -5.6985  7.9426 -7.7304
 135 -0.9579 -4.5241 -10.3686  1.3623 -1.8437  2.7023 -3.1392  2.2446  2.3904 -3.7057  2.7139
 136  3.6464  1.9128 -7.9695 -2.6232  8.8575 -2.2729  3.0153  6.3577  4.6910 -3.0801  4.9935
 137  0.7562  3.0779  9.9477 -7.3398  6.9400  2.9383 -11.0092  1.9483  3.3218  0.5052 -1.0096
 138  2.0472  8.1874  5.7562  4.4754 -3.1335  5.7976  6.7504  0.6525  8.0742 13.8802 -1.3165
 139 -6.4921  7.7986  1.8477  1.6587  5.2899  6.7332  1.4903 -2.8822  4.7201 -3.3036 -0.0533
 140 -2.0706  3.2227  9.9914  0.1676 -0.4865 -2.2718 -0.9426 -4.9602 -3.9009 -5.4939 -10.6564
 141  1.2878  0.5199  3.2818 -9.0342 -2.9736 -0.9052 -1.8765  1.3390  1.9121  1.1115  1.6413
 142 -7.0754 -3.5510 -1.2468  2.8045 -2.7395 -4.1655  7.7218 -0.6978 -1.9335 -1.4529  6.6701
 143  4.2939  0.8189  3.9351  0.1091 -1.4262  1.7366  3.6397  0.6770 -0.1354 -7.7752 -3.8603
 144 -4.5360 -1.9930 -9.8365  6.1761  0.9290  1.2795 -7.2619 -2.5023  3.3640 -2.2779 10.7767
 145 -8.3236  6.7301 -3.8532  3.3046  4.4614 -3.4233  5.8578 -1.7015 -6.4613 -2.7445  8.4338
 146 -6.1317  2.7079 -3.1001 -0.5019 -3.4405  6.8327 -3.9661  2.2934  0.8669 -6.2049 -3.2989
 147  5.8719 -1.9843 -2.4099  0.5896  1.8037  1.0702 -3.3385  3.2258 -3.6704  2.6495 -2.6924
 148 -5.3342 -8.1388  4.0303 -2.8594  5.6901  0.2449 -6.5847 -5.7662  1.5475 -3.9648  3.5604
 149  1.6807 -5.8422 -5.2548  5.7015 -1.3871 -8.8097  2.9984  7.7108  3.5682 -0.0468 -1.2492
 150 -3.3936  2.4881  0.9553  1.2975 -1.2745 -2.6146 -2.9900  6.5749  1.9594 -4.1649 -1.8479
 151  6.6274  5.4361 -0.4546 -1.9567 -1.7362  4.5452  4.9518 -2.2062 -1.7728  1.6374  3.3551
 152 -7.7079  7.8393 -1.9689 -7.4981  4.0220 -3.3762 -5.3865 -1.6500  2.3557  6.6388  1.4298
 153  7.3273  3.6852 -0.4559 10.9660  1.7637 -0.4224  2.2280  0.9163 -3.9231 -1.1407 13.0229
 154  0.4211  1.3311 -1.1608 -0.4882  6.7769  5.2150  3.7677  1.7042  5.2290 -0.0082  1.0722
 155 -0.3562 -4.8477 -0.7732 -0.0317  0.0751  7.3892  1.3468  0.7407 -1.5026 -3.0298 -1.8198
 156  6.3678  7.2506 -4.3356 -1.1939  0.9790  2.3081 -0.2909 -1.5304  2.9419  0.0728 -4.9075
 157  0.7380  2.2530 -1.2401 -2.2083  2.9818 -0.1193 -7.5200  0.6839 -0.9438  2.6627  1.7933
 158  3.3501  5.1274 -2.9269  9.5304  1.2167 -0.6316 -3.1214  0.9156 -7.1376  8.1610  2.3488
 159  4.0143  7.6751  1.4356  0.2689 -0.4803  6.5257  4.2060 -5.5887  1.9451  1.8592  2.8799
   0  7.0173  0.1761 -0.7686 -11.5453 -2.6296 -0.7247 -2.6283 -3.5380  0.8292  2.4456  6.5397
   1 -6.3912 -3.8957  2.0642 -4.5264 -2.9655 -4.2985  4.0398  1.0601  3.5155  3.0087  5.3330
   2  5.6727  1.1485  3.8740 -3.5049  5.7531 -5.1928 -5.4229  1.8833  0.7321 -7.6092 -2.8742
   3  4.2022  1.2337  3.9505 -0.3938  4.4457  1.2522 -6.4542 -0.0620  2.6631  0.4615  0.1005
   4  3.5609  7.9388  6.1822  1.4809 11.0690  6.6023  0.4315  3.4935 -3.2860 -0.1553  4.5902
   5 10.1001 -0.4651  4.8862 -0.8640 -1.3289  1.0103 -2.9039 -5.2422 -2.8568  8.7738  6.5466
   6 -5.5032  4.3120 -7.1607  0.3832 -1.6771 -3.1612 10.8604  7.1790 -1.5869  5.5059 -5.4751
   7  2.6080  6.3723 -8.9663 -1.2620 10.0603 -3.9193 -5.5206  0.9951  0.8543 -8.7770  4.3924
   8  0.4239  7.8849 -1.0516  3.8169  3.7860  5.6615  7.4306 -2.7581 -0.7456 -7.2938 -9.6811
   9 -1.3871 -1.3777 -9.0624  5.2680  3.1398  0.6771 -0.5821  2.4221 -1.5585 -1.6225 -1.0213
  10 -1.2377 -10.4328 -6.3614  1.3606 -4.6452 -3.3702 -0.6204  8.3241 -3.8842  6.4953 -2.9078
  11 -3.8013 -0.7176 -5.5938  6.3211 -3.3426 -1.1679  0.8255  0.4469  0.3230  1.2817 -1.3951
  12  8.4775  7.7856  1.6908  6.4939 -1.6679  2.6608 -1.3238 -2.6110 -1.9353 -1.9904 -0.0918
  13 -0.3293 -1.6356  1.6442 -0.0490  4.4066 -6.2892  1.5003 -2.5254 -2.3593  5.6787 -4.3754
  14 -0.8038 -0.4395 -1.8467 -1.2246 -2.9624 -5.0220 -8.1228  1.8112  6.9680 -0.8045  5.6580
  15 -1.1878  1.5076  2.8297 -5.1431  2.4657  4.8596  1.1125  1.9360 -5.2555  1.5771  0.7742
  16 -0.1022 -2.2250 -4.0212  8.9107  1.6141 -5.2647  1.7285  5.3291  5.5629  3.3894 -0.1332
  17  0.7517 -0.1801 -6.3930 -0.9826 -1.1893 -3.2033  0.8975 -4.0369  6.2285 -4.6850 -2.2657
  18 -5.6786  6.8025  0.1582 -0.0719  2.4741 -0.4318  4.5529 -0.1899  9.9298  3.6318 15.7035
  19 -1.7081  4.0590 -2.0566 -10.0619 -0.2607  4.7304  4.1814 -2.1792 -2.0564 -6.0947  2.7305
  20 -3.8974  1.4521 -1.2833 -4.5696  0.0218 -8.2191  3.7878 -1.5390  7.7282 -7.6550  1.6217
  21  9.5680  0.6503  1.4585  3.3506  2.0981 -6.2703 -1.9520  7.4746 -5.4539 -3.4227  1.9949
  22 -3.8691  1.6817 -0.2659  0.5691  6.4818  4.6187  2.5655 -2.6068 -4.4309  2.4250 -6.8258
  23 -6.8444  0.7100  2.4441 -4.1120 -7.8192 -6.5031  8.2870 -5.1229 -4.3531  7.7675  0.8389
  24 10.4785  1.5780 -1.0278  0.0635 -3.7560 -3.7318  0.6512  3.6238 -3.3838 -7.6560 -3.0310
  25  4.1395  3.2045  2.8399  0.7003 -6.6284  3.2305 -1.5276  3.8596 -0.8603  4.2636  0.4134
  26  2.8232 -1.9682 -6.3548  5.0424 -5.1947 -5.8227 -4.8318 -2.4704 -1.5546 -0.7446  1.6154
  27 -1.9006  1.3298 -7.9730 -3.5583 -4.3384 -2.6895  4.1402  0.7346  2.9580  1.9173 -2.2341
  28 -6.0329  2.0197 -3.6640  6.1808  0.3904  5.8782 -4.0159  6.2917  3.3136  8.5079  3.3573
  29 -3.9176  4.3062  2.5206 -4.1667 -3.2251 -3.5137  6.4922  9.7784 -2.9456  7.4054 -4.3065
  30 -1.0945  1.8032 -10.2666  3.5252  2.8185 -5.3635 -1.8421  1.4071 -2.1542  7.9097  8.0933
  31 -6.5977  8.3776 -4.8474  8.4466  3.2947  7.8067  1.1734 -6.2450  7.8234  5.4359  5.3308
  32  3.5439  1.8017  1.9799 -5.2757 -2.7376  4.3330 -2.0812 -2.8873 -3.6965 -1.2774  0.1033
  33  5.4092  4.0095 -2.6810 -3.1297 -0.9694  1.1693  8.0958  1.3174  0.7709 -1.0371 -8.8635
  34  5.6079  0.8928 -4.8895  0.9998  3.7188  0.1238 -0.7980  9.0001  1.1197  2.1860 -4.5375
  35  8.2190 -0.9277 -0.3301 -7.3505 -2.1700 -6.9495  7.0487 -6.4695  2.5631  7.6226  4.3700
  36 -2.9294  5.9790 -0.6149 -1.4192 -2.7554  4.8837  1.7011 -5.3205  1.3137  6.8879  8.2029
  37  3.5672  3.5261 -2.8142 -2.4424  5.5669 -1.2418 -3.8428 -0.2670  0.1541 -8.3000  5.8690
  38  0.0043  4.7484 -2.6809  1.0313  1.6117  3.2249 -2.9134 -3.2721  3.9707 -1.0609  0.1697
  39  1.5187 -3.7608  7.8503  3.1975 -5.3517 -3.1349  3.8825  1.9327 -0.5125 -5.5071 -2.3948
  40  0.4454 -1.3368 -7.9198 -1.0733 -4.8300  0.5186 -2.8211 -3.8881 -2.3960 -3.5633 -9.0972
  41 -6.2748 -0.4399  3.6634 12.5604 -3.8763  0.1532 -0.7547 -5.4523 -2.2760 -1.5519  0.7743
  42 -9.2236  4.5243 -7.3892 -4.8115 -6.7585 -0.9791  2.0868  3.4541  0.8971 -5.9116 -0.8900
  43  3.0104 -2.7397 -2.6328 -3.2804  2.5466  7.4582  1.5183 -1.9268 -4.8224 -3.3872  1.3562
  44  7.9109 -3.0521 -2.6884  4.9065  5.7477  0.6316 -0.5474  3.4469 -0.4012 -1.6883  6.8732
  45  3.9565  4.2388  4.9897 -7.8051  1.1989 -0.5273  0.1385 13.1947  3.6167 -0.1963 -0.2004
  46 -1.9036  3.2432 -12.7188 -2.0028 -0.6212 -6.0330  4.6375 -9.6689 -3.6328 -2.6924  0.1155
  47  0.7842 -13.5087 -2.7386 -1.3651 -5.3293  1.3156  3.1962 -0.1489  0.8644 -5.6079  5.0164
  48 -1.5583 -7.9647  1.0149  3.9842 -1.5864  0.0412 -3.3435  1.5843  3.5627  6.6671  3.2141
  49  3.2744 -2.6702  6.8938 -0.5013 -9.3733  1.7781 -3.2629  2.9532 -1.8394  3.6875 -5.9812
  50  0.1576  0.0851 -1.7932  1.0706 -1.5468 -2.3308  2.4707  0.6025  4.9317  0.7148 -2.4543
  51  1.5130  5.7073  1.4536 -1.7194  4.3712 -4.7639 -3.8737 -0.2995  5.9851  4.5979 -3.8397
  52 -1.3183  0.0210  8.2547 -5.7057 -5.8926  2.8163  0.9165 -0.1879 -4.2943 -1.9495 -2.2004
  53 -2.1812  1.3640  2.5667 -0.3022  4.4353  6.0968 -1.4898 -0.4549 -2.2066 -0.5775  0.1041
  54  1.3720 -2.5587 -6.6284  0.3455  0.2935  0.2609 -2.0209 -0.1238 -2.4642 -4.9926 -7.7902
  55 -4.7159  2.8640  1.0935  9.6660  3.7817 -1.8533 -2.8763  2.4514 -5.4116 -4.3567 -0.1392
  56  2.1628 -2.5540 -2.6808 -5.2741  4.5406  8.9463 -4.8614 -1.2728  1.3298  1.5694  1.8753
  57 -1.0998  1.8281 -0.8475 -0.3060  2.3275 -5.0530 -1.5964 -0.8045  2.9346 -1.8369  3.6890
  58 -1.3434 -2.3218  3.5263 -4.6000 -13.8496  1.8986  8.5764  3.6182  8.9044  4.6333  9.9605
  59 -2.2912 -1.7734 -5.1192  7.3800  4.2362 -2.2995  1.0481  2.5605  2.7648 -5.1510  0.4201
  60 -3.0446  8.4519 -2.7153  8.3648 -7.1325  0.2706  4.8531 -1.8211 -1.2798 -1.5644 -3.2767
  61 -6.4596 -3.2588 -7.0044 -7.8120 -2.6278  0.6281 -2.2964  2.8346 -4.5916  2.9707 -3.5602
  62  2.0035  8.5378  4.5163  4.2395 -1.2653  1.0977 -2.6683  9.8117 -0.6296 -5.6729  3.8743
  63 -7.2630  1.5785 -0.6874 -2.1195  0.1146  5.2201  0.9240  2.3404 -3.0567  0.4272 -2.1552
  64 -4.2600  6.2038 -0.5709  5.0577 -8.5907  5.5678 -0.8481 -1.8103 -0.5756  7.4910 -6.4372
  65 -8.0325  1.5094 -6.9848 -0.2491  3.3753 -5.9365  3.8311  2.0991  2.6993 -3.9547  0.1318
  66 10.0002  1.6883  6.0863  1.7777 -2.2918 -7.0363  0.8343  5.0494 -3.8086 -7.8009 -6.9782
  67  1.6731 -4.5071  2.4288  4.1235  1.2538 -6.6376 -2.0307 -0.9308 -2.8022 -2.0931  6.6914
  68  6.0430 -1.6436  0.7776  0.3576  1.9101  0.8498 -3.9617  0.5437 -5.8722  3.6572 -2.9972
  69  0.1197  8.1924 -1.4764  0.6518 -1.5920  4.9511  2.3061  5.3263 -2.1210  3.6824  2.1966
  70 -5.9345 -2.2216 -1.5818 -5.3054  0.5105  6.8913  3.4639  8.8287  7.0613 -0.7913  0.1748
  71 -1.8952 -1.5830 -2.0794  1.5743 -7.9975  3.2453  2.5638  0.7582 -3.3457 -0.9175  4.3156
  72  3.9684 -1.1994  0.7447 -0.8874 -5.1593 -5.6630  1.5611 -10.7716  7.8245  4.1478  3.2126
  73  0.1234  3.0988  7.3688 -6.7121 -4.1573 -0.1010  9.1340 -0.8276  0.2113  4.7441  4.9304
  74 -1.1749 -0.1251  4.7401 -1.7821 -6.7323 -3.8148  0.6367  3.4976  1.1459 -0.2179  0.4241
  75 -0.0083 -4.5589 -2.7416 -1.3168  8.3890  4.4881  6.0101 -0.6574  4.2264  7.3026  4.4746
  76 -3.8054  0.5687  0.8502 -1.4672 -2.4822  7.7677  9.0066  4.5227  2.2135  4.2528  4.0160
  77 -0.7658 -2.1659 -0.3222  2.3718 -2.7591  4.0981  1.4612  0.2373  0.2167 -1.2725  3.4336
  78 -2.0591 -0.8127  7.4973 -3.8769  6.7233  0.0600 -0.3455 -1.7852 -0.1221 -1.0977 -0.1701
  79 -1.6978  6.9455  6.5843 -6.8845 -1.9016 -0.7383 -0.1584  1.4046  3.1816 12.5544 -1.8207
  80 -3.6895 -1.7680  6.9774 -1.3082 -4.0114  5.0578 -7.8833  2.9774 -5.4639  4.1679  7.4716
  81  0.9836 -2.7385 -8.8845 -2.0965 -2.5869  0.6808 -0.6839 -1.7471  2.5368  2.2897  2.9033
  82 -2.5073  2.0579 -3.1752  2.0108 -0.4729 -3.1999 -6.4467  0.0833 -7.0709 -0.9610 -1.4320
  83 -3.8953  3.7682 -13.4399  2.4212  4.9723  3.9085  8.7603 -6.8074  7.0274 -4.5815 -3.2047
  84 -0.7890 -1.2648  7.7909 -0.7281  5.1269 -7.2580 -10.5613  3.7545 -3.1586  2.8954  5.2975
  85 -7.1592  3.0923 -10.2599  1.1130  2.1755 -3.0537 -9.6703 -2.6906 -1.0023  0.0683 -0.7132
  86  0.3130  2.3202 -3.7890 -9.3102  4.1443  5.1438  4.7278  1.2822  2.6231  1.6743  7.9458
  87 10.4125 10.6793 -2.3765  2.1508 -3.8410 -0.2244 -3.1749 -2.0846 -4.8062  5.4401 -5.1860
  88  2.3645  5.1166 -5.4311  1.6663  3.3538 -8.6671  2.7967  3.3092 -0.8279  0.2194 -5.8280
  89 -4.7907  1.3569  0.4118 -2.6514  1.6878  0.8962  0.7803 -5.1522  2.8153  4.6711 -5.5227
  90  3.1288 -6.3276  1.0456 -5.9949 -3.6387  3.9036 -2.0930 -2.7059  0.4503  1.1562 12.9079
  91 -9.0938 -5.9654  3.6019 -2.7019  1.9397  2.3717  6.1996  4.8794  6.0224  4.6835 -5.2116
  92  4.6671  8.0855  5.7355 -7.7538  4.0969 -5.1120  2.7460 -0.5822 12.8966 -0.9000  3.5616
  93 -6.3583 -3.6091  7.7753 -2.8092  0.7555  6.0009  1.0103 -0.1158 -4.4045  4.0322  4.0102
  94 -5.7635  2.4830  5.0545  3.0460  8.5468  2.2651 -1.1407 -5.1828  5.6489 -5.3667 -9.9450
  95 -7.1249  1.4772 -4.5487  3.0493 -2.9536  2.4152 -0.6063 -4.4522  2.8709  0.3008  1.6903
  96 -2.1354 -2.5707  3.6681  5.0778  8.0387  4.8725 -1.3094  1.9347 -1.1981 -1.2172 -2.1036
  97  2.3206  4.3652  2.5350 -4.6498  3.4739 10.1783  1.1511 -3.4343  2.6165  5.3961  9.9247
  98  4.8007 -1.5928  0.1459 -0.3217  0.1270 -3.1427  3.0507  3.2891 -2.9155 -1.8850  4.8150
  99  0.6967  6.4354  1.6478 -8.4922 -6.3852 -0.9470 -2.9326 -2.9659 -2.2526 -2.0105  0.0049
 100  1.3226 -1.5476  4.7339  6.4829 -0.3818 -0.9013 -0.1758  2.2773  0.4211 -10.8723 -2.7695
 101  0.1822  7.0692  3.0411 -6.2326  1.2749 -5.1012 -6.4420 -6.6082  4.3108 -10.1217  2.7899
 102 -2.6488 -7.1392 10.0387  1.6893 -6.2311  3.9284  3.3658  7.3311 -1.1625 -0.3493  1.8450
 103 -8.2475 -0.7427 -1.8836  0.3356  2.4960  5.5722 -2.7696  0.8550  2.0535 -2.3022  3.1953
 104  4.2623 -1.8665  9.0818 -3.9398  2.5824 -6.1103 -0.8480 -3.8720  6.5674  2.4895  4.7360
 105  5.3971 -1.4002 -0.6014  1.0597 -3.5464 -11.1515  0.9807  2.6484 -2.1300 12.6776 -5.0569
 106 -3.2165  1.0334 -6.9545  1.9665 -2.3936 -1.7722 -4.6701  6.7757  2.7135  0.8070  6.2754
 107 -1.3793 -0.3006 -7.9051 -8.5572  1.7123  7.1582 -1.5561  5.7373  2.7655  9.4137  0.3335
 108 -1.6685 -3.8169 -3.2312  6.4842  8.6262 -2.9827  7.0147  2.8753  6.3658  0.2057  3.4146
 109  1.1361 -2.9377 -1.5656 -3.9979  5.5583 -12.2104 -0.4237 -11.3490 -2.4073 -0.9013  4.4226
 110 -7.9253  6.7102 -4.6626 -1.6001  2.5156 -7.3984 -4.4694 -2.0905 -4.1417 -2.4639  6.3134
 111 -5.7350 -1.2312 -4.8336 -6.7778 -3.8050  1.4121  0.5393 -0.4819 -2.5086  5.1596 -5.2205
 112 -0.7886  0.0354  5.5570 -3.1101 -15.5553  6.0433 -3.5499 -1.8462 -0.5663  0.3218  8.2830
 113  0.8693 -4.4889 -9.4825  1.0697  8.7965 -3.4615  3.2776  4.5511  0.0132 -1.5558 -0.3473
 114 -9.4254 -5.0332 -1.3672 -2.7819  0.8765 -5.1008 -3.5282 -2.4045  0.0460  1.8171  4.5754
 115 -10.5311  2.3585 -1.9517 -10.8721 -7.6640 -0.6909 -2.5241  6.9251  0.8576  0.2368  6.5176
 116  0.5203  2.2136 -5.8478  4.3414 -10.9027  6.6918  0.0659  2.4684  1.2074  4.0910 -8.7496
 117  1.3067 -1.0744 -2.4306 -2.1610 -3.6633  6.2466  4.5931 -1.3845  9.4244 -2.5262 -3.1738
 118 -8.4059 -5.0590  2.7624  5.7971 -9.5315 -2.2346 -4.2304  2.9523  0.1503  6.2878  1.8495
 119  8.1269 -3.0380 -6.5378  2.1003  6.1728 -3.3965  1.1491  4.5191 -0.0717 -0.0026 -2.6243
 120 -5.2604 -4.7734  8.3022  7.9552 -5.1986 -0.2074  6.8782  0.8911 -2.5988  0.1756  4.8192
 121  8.5901  1.8228 -9.2114 -6.4202  1.7253  3.7898  7.7206  3.4098  0.0486  1.4642 -0.2668
 122  1.3462  5.4754  0.8552 -0.1108 -3.3666 -1.8731  2.8082 -0.4822 -1.3686 -1.3327 -6.0649
 123  4.7585  2.6256 -0.3859  6.5066  1.0766  1.4625  0.6349 -3.6877  2.8485  2.2700  4.9692
 124  5.3208 -7.2278 -3.0322 -2.7338 -16.0731 -9.2875  0.6395  0.3205 -4.9462 -4.3949 -2.3696
 125  2.6792 -3.8019  0.9250 -4.3554 -3.8324  0.3253 -6.3298 -5.0759 -0.0231  1.0180  2.0736
 126  1.5597 -0.6069  2.3374 -5.5028 -7.5265  2.1091  5.0234 -0.6492 -0.3276  0.4275  4.9097
 127  1.2911 -0.8112 -1.5721  1.5481  3.1387 -5.8634  3.6764  0.3451  8.4023  3.2772  7.3739
 128 -0.7454  9.2793  1.2593  1.2308  4.2078 -1.5555  4.9288 -2.0080 -0.4282  8.9910  2.9608
 129  1.2885  3.9096 -3.8178  2.4660  3.6905 -11.7103  2.0042 -2.9600 -0.2753 -6.7468  4.2978
 130  0.4611 -1.2231  3.1739  3.1893 -3.6522 -4.3664  1.2252  0.7305 -6.7611  4.7926 11.1691
 131  1.7846 -3.0999 -3.5452 -0.5630  4.0547  2.3356  1.1411  5.2417  3.8223  0.6127  4.3059
 132 -3.3087  0.4313 -2.4453  1.9078  4.2456  2.3401  5.1058  5.1921  6.1664  8.7658  3.1925
 133 -5.2727  6.3516 -4.5102  0.9708 -0.4267 -0.1759  6.4244  3.3413  4.5427 -7.9772 -1.1508
 134  6.4308  5.1090  6.5413  5.2694 -5.9228  5.5945 -5.7406  3.3246 -10.0417 -2.4957  3.9419
 135  2.1803  0.0910  2.4546  6.0816  0.1371 -2.8678  4.9798  1.2058  6.6493  0.3240  0.9417
 136  9.1848  2.6593 -7.7433 -3.7050 -1.4610  4.4017 -2.9932  5.6275 -4.9896  3.9412 -5.6865
 137  0.6001 -5.7479 -2.3566 -1.5007 -6.1871 -4.4392  3.9838  0.1086 -0.9174  8.0881  5.7575
 138  7.2171  1.7305  1.0655 -2.1963  5.2631 -1.6591 -0.6896 -4.9836 -7.5868 -5.1363 -4.4914
 139  5.6062 -6.5275 -2.0055  3.8923  3.0953 -7.8249 -8.4182 -2.7200 -7.2619 -8.5695 12.6469
 140  2.8808  0.9821 -5.2821  8.7516 -2.7319 -5.4077  8.5794 -3.1211 -0.4385 -1.0842 -2.7723
 141 -8.5238  3.5695 -4.2673  0.4476  2.4110  1.5180 -1.9385 11.9968  0.8849  4.2687  3.3144
 142 -2.2251  8.3085  0.6955  6.8823  4.2708 -1.2411 -5.5807  3.1616  7.7737 11.2615  2.9211
 143 -3.8935  4.9137  2.9148  2.0403 -3.1255 -11.1022  1.7796  5.6562  0.2302 -1.7520 -7.7888
 144  1.7682  3.8978 -8.5128  1.4307  5.1318  0.3743  6.4259  1.6744  3.0558  6.2039 -0.8074
 145  0.6871 -4.9381 -5.0695 -3.1156 -0.1960 -4.7863  6.0026  0.7186  7.2568  0.8363  2.5693
 146 -1.4664 -5.9789  5.3245 -0.5601  8.9421  0.6535 -9.7213 11.3286  3.2215  7.5987  6.7034
 147  4.9027 -1.1409  2.0103  7.6217  1.8575  4.6250  1.6955  9.7581  4.1750 -5.2497  5.6382
 148 -9.2863 -1.0651 -0.3682  0.7664 -3.7224  2.6869  5.2214 -0.9093 -3.5203 -7.5660 -5.0045
 149  3.2737  4.6896 -16.6614  1.2858 -5.4339 -4.8273  5.1966  0.9590 -6.9938 -11.7046  2.4441
 150 -7.7510  5.2505  8.3052 -3.7789 -2.8456 -0.7032  1.6165 -0.1420  1.1377 -6.9880  4.0828
 151 -1.2879 -1.5197 -6.0636 -2.4149  1.4986 -1.6600  2.9081 -0.0903 -1.7044  0.1834  6.8958
 152 -10.0400  2.4063  4.6017  2.8433 -3.4747 -9.5410 -4.3973 -0.8908  8.6979 -5.4549 -1.6054
 153 -3.6884  1.0353  5.1415  3.2605 -2.6944  5.8407 -4.2343 -0.4301  0.3534  0.7400  0.4654
 154 -1.6957 -7.1013  4.7601  3.9897  1.8238 -3.1344  3.0475  1.9436  7.3827  5.2072  6.7596
 155 -0.7292 -2.4814  1.5518  2.2931  0.9244 -0.8679 -6.5187  6.9528  3.5637  0.0568 -5.7037
 156 -3.1147 -2.4877  3.0915 -2.8812  5.5814 -1.8579  0.6671  2.2736 -1.3484 11.0970 10.7433
 157  1.0141  1.9578 -3.3141  4.0288 -4.5103 -4.2237  1.9321 -0.4880  4.6133  0.4519 -1.4497
 158  5.5647  6.6924 -2.2926 -1.1284  7.8229  8.8879 15.0550 -0.2509  3.8073 10.4330 -6.7508
 159  1.3582  4.4065  6.3498 -2.4764  3.4300 -4.2765 -10.0350  0.3050  2.2345  0.0028 -1.3460
