# model = krumsiek11.txt 
# tmax = 160
# branching = True
# nrRealizations = 10
# noiseObs = 21.54434690031882
# noiseDyn = 0.001
# seed = 0
# it   Gata2   Gata1    Fog1    EKLF    Fli1     SCL   Cebpa    Pu.1    cJun  EgrNab    Gfi1 
   0 14.3960  2.7749 23.7899 42.3905  5.0580 52.1716  4.7870 -0.1167  7.5906 16.7790  9.2413
   1  4.7371 -19.5119  4.7508 -0.4009 -2.2620 -19.6409  0.7657 -7.7876 11.7796  7.2874 -5.3209
   2 14.2323 25.7399 -9.2912 -25.5227 -2.3969 -46.1357 -15.3842 -4.5265 -14.2737  1.5104  9.8787
   3 -4.4319 -7.2559 -10.6670 -10.7509 -4.0222  5.2746 -15.8503 -4.3690 -8.0087 32.8228 32.9183
   4 -47.8519 -4.1656 -8.0392 -13.7454 -9.0447 -1.1118  2.2879  2.8813  4.7409 -5.3848  5.5613
   5 -29.4486 -23.8951 23.2938 17.0957 -17.2756  4.8498  6.7871 -9.9197 -15.8751 -10.6597 -24.4794
   6 26.1934  8.7503 -9.1823 -7.5528 -4.5423 33.4937  1.4002 -19.2890  7.1433 -14.4003 31.1203
   7 17.5226 22.9144 27.0477 -70.0732  5.4341 -15.0240 24.8002 11.0616 13.6724 42.5991 -8.2625
   8 -1.1449 -11.1454 17.7651 -15.1000 -45.8811 -34.0431  6.8089 17.6966  0.1206  5.1671 -29.9483
   9 -0.0869 10.0551 -2.9194  0.1322  8.4724 -4.6613 -21.5216 -50.9792 32.6344 -13.0670  5.9816
  10 -53.6288  3.2179 -6.5500  9.7610  0.7040 -7.7400 19.4956 32.1686 -25.1566 48.4028 -36.6224
  11 36.5483 19.3738  9.2223 -30.0698 -15.9130 20.3921 38.6171 -4.0001 14.8842 -60.5279 -14.2495
  12 -0.5442 -12.3249 -5.2882 -2.9848 34.5822 31.2009 -10.1645 -20.8025 38.3954 -1.0460 -23.8556
  13 -7.0909 -28.0205 -7.6891 13.0586 -10.0201 -1.4194  6.7641  1.9205 -11.2443 -6.6140 -23.9114
  14 -47.8131 10.5684 -12.7653 -24.0748 -36.0662 -22.7344 -20.6484 -38.1531 -33.9956 40.1992  3.0201
  15 10.2289 10.9113 -22.2984  8.1313  9.2173 -21.4512 -28.8967 16.8583 -11.3543 -33.1441 18.2991
  16 -0.7176 -25.2966 24.9827 -7.1050 32.9001 37.8046 22.5735  0.3836 -43.8998 -2.3851  1.3416
  17 11.4643 11.6789 -1.4394 10.1886 -60.5835 -2.7176 30.1741  1.1799 24.1801 32.5238 30.6239
  18 13.8795 -11.1220  6.6344 18.0496 11.5333  2.4079 24.4159 -18.0129 15.6010 -9.9908 14.6355
  19 -33.0343 26.9158 24.3451 -4.0786 -18.4820 26.3692 -5.6475 14.4466 17.1786 14.7447  8.4608
  20 -47.5202 47.4862 -15.4416  9.0562  5.0524 18.6968  4.8506  0.6029  4.6382 16.2780 -27.8585
  21 18.3806 28.2167 -16.8600 -17.2798  3.8267 10.0100 -12.2591 -10.3818 -26.4762 -19.7494 11.1315
  22 36.5052  6.2463 -16.3791 23.7020 -18.5816 -24.7317  0.2049  4.7916 -27.8960 -17.1634 -31.8151
  23  6.2544 31.1913  7.9511 15.9494 11.4733 46.2227  9.3235 36.0933 19.0360 -14.2350 13.0131
  24 10.2869 15.8709 -2.9281 31.4078 -18.1225 -35.6961 27.8622 15.8729 -22.5738 -4.2280 18.0813
  25 -5.8484 -10.9462 -33.5723 -35.8814 -18.1986  6.5586 -7.0233 -8.0566  4.0203  0.8242 24.2263
  26 -6.0690 19.2043 -7.0131 -10.6525  1.5496 -6.1575  7.2259 -15.5002 -4.1974 -12.8973 -14.1222
  27 -4.7548 22.0410 -28.0477 -15.1189  3.8673 18.4058 -22.8789 -12.0213  4.3732 -12.4389 -17.4784
  28 -11.9674 -20.0112 48.4271  5.4630 -25.0394 26.7479 24.0122  2.9229 -35.3858 12.5712 -4.6025
  29 57.8985 -15.2808  1.9314  0.1467 -2.3405 -34.6830 40.3834 -9.0404 -12.2641 35.4024 -53.1492
  30 41.4542 -0.6291 34.2651 20.8356 11.4866 -23.3283 31.6871 -57.5126 -36.2706 -1.1556 11.7306
  31 -16.6869 14.0179 40.5216 -20.8782 -14.8347 -10.5708 54.5732 -9.3407 26.5311 34.7782 -20.6043
  32 -28.2022 -26.8661 -10.6777 -4.3408 -30.8663 -13.5553  1.1532 31.9528 -11.8528  0.5199  9.9264
  33 15.6866 -29.4186 -13.2432  9.6966 11.3731 -19.5648 -28.4809 -29.0740 -35.9006 -4.7740 26.6823
  34  4.8680 -33.3924 -15.1768  1.8215 15.6930 -14.8138 -25.0507 -18.8797  0.6776 -3.8831 36.2633
  35  5.5824 22.5743 -14.2397 21.8659 -7.2512 35.9792  0.6302 37.9160  4.4791 16.5297 -7.4190
  36  3.4995 -11.1965  5.3210 -25.2693 -22.4750 -2.7661 27.2476 13.9256 -1.0540 17.2152 -15.6029
  37 10.2453 -23.0112 15.4127 -15.5036 20.8372  2.3441 -14.4883 25.3200  4.7405 -8.0326 -56.7414
  38  1.9602 11.1685 -21.1364 37.1970 -16.9316 24.6716 -7.8480 28.1421  7.3166 -30.9556 28.7832
  39 26.4659 -9.5156 29.3533 15.6515  9.0391 11.8124 30.7732 -7.9755  9.5308 -3.5804  5.2685
  40 -1.7603 -2.0356 -10.9021 64.9563 44.5720 -10.4799 -28.7906 20.7682 16.3481 -23.7857 16.5765
  41 -26.9083 32.9446 -31.2160  8.3699 14.1328  6.3130 -9.6002 -3.8266  2.3767 15.6684  1.2589
  42 23.1488 -0.9809  8.3353 12.1725 -8.2198 -18.1526 27.2081 -8.5664 12.9734 -21.5714  4.8356
  43 -25.9543 14.1580 -15.1670 12.3672  0.8421 35.1064  4.9354 40.1617 46.1449 25.2678  8.7642
  44 -31.2922 -19.1855 -22.7139 -33.6119 -0.0888 -32.2614 20.2052 14.3841 -1.3368 -2.7284 -0.5894
  45 10.4734 -9.1819 21.5884 -8.6732 -33.0495 -18.0866 -3.6156 21.7976 -23.1190 -13.8925 12.5255
  46  2.7576 -26.2726 -14.4458 -7.2680 -4.4699 14.8900 -26.0051 -13.6595 36.1810 -14.3449 34.2163
  47 -15.2381 -13.0017 32.6438 -33.3324 28.3386 -6.0492  6.9489  1.9855 -9.1908 17.7280 -20.9267
  48 46.8900 31.8761 43.5169 -19.0819 24.9238 41.1229 -34.0995 -28.5886 -0.5051 -11.3234  6.6783
  49 17.6148 12.2056 11.8598  5.3083 -20.4543 15.6621 -10.8411 15.0352  7.5885 26.2484 57.5962
  50  9.3354 -32.1626 -14.9506 -24.0880 -2.6049 18.4229 47.7575 24.4635 31.1257  1.4357 17.4410
  51  7.8721 -12.7332 -6.2079 -4.9564 -1.0834 -10.0551 -25.4123  7.1966  5.1974  3.0070 -22.7642
  52  0.0132  5.2251 26.3719 -8.3290 23.1172 -18.0457  0.9782 12.9002 -4.6160  6.9401 23.2782
  53 -3.2629 18.7685 -13.0346  2.0657 -0.9029 14.9375 -9.7736 -5.2441  8.5666 14.0216 13.2101
  54 14.9224 22.6650 -11.6079 18.9770 16.6718 -11.5227 21.4925 -12.9679 -11.7115  0.6792 -17.6537
  55 13.4615 25.3698 -13.1694 33.9661 -6.1932 -19.5333 -7.6802 19.2113  2.6493 -21.8709 -19.9746
  56  5.7175  1.0987 34.1832 -10.5441  2.0268 -6.4087 -30.1014  6.6474 -10.2898 -12.1042 -26.2669
  57  2.5455 25.6308 -18.2317 14.5106  7.8113 -28.1153 -10.5937 -11.5700  5.8111 -6.9976 -1.5598
  58  4.6687 -3.9134 -24.2579 -21.6232  5.8356 -5.4139 -19.9611  6.4703 -15.3830 -2.0681 31.5155
  59  3.6177 -13.6133 -13.4615 -29.1716 11.2456 -24.4457  7.5174  6.0611  6.4172 33.5369 -30.0510
  60  5.7250  0.8744 -6.5473 -17.9815 34.2575 -29.6526 25.2765 -26.5995 -31.9273 -7.7295  9.9440
  61 -36.4521 -1.3318 -52.8088 -11.8046 -31.6106 -19.6713 -34.6521 -6.9849 -8.0321 -7.2729  2.6427
  62 12.3381 -19.1352 -19.0998  9.3828 -10.5937 40.8465 -14.2372 -22.8694  6.5195  8.2146 -10.9424
  63 17.2397 -20.9561 -60.1334  0.4409 -8.7131 28.7304  3.0476 18.1417  3.5956  2.2367 -19.5452
  64 -3.8750 -0.5923 -11.2299 -40.2849 20.5063 -23.1958  0.2462  3.5826 -27.2424  8.7664 -3.0439
  65 -4.1990 -6.3017 -20.7418 -29.9919 -1.2517 24.0860 -19.3748 18.8813  8.6775 13.2097 -30.4721
  66 15.2418 -10.1289 -16.8243 17.1815 30.2469 -14.2421 -5.7386  6.3650 -19.5444 -48.0574 -9.4351
  67 -0.2815 -19.9327 12.8628 -8.0763 -15.6685 36.8920  3.4405 17.7845  8.1051 26.3766  1.0888
  68 -1.3373 14.0954 33.5468 -4.0730 16.3180 -20.3720 20.0061 -30.7461 44.8636 17.3228 -18.1216
  69 -6.3423  3.8482  8.1411 -4.2076 51.5367 -22.5411 12.2369  9.1385  2.5669 -19.6109 14.0758
  70 -21.2882 28.5338 29.3107 38.9492 -26.1059  1.6192  0.6388 28.6819 -0.8571  3.4156  4.5318
  71 25.7930 22.1459 -8.4025 -13.6700 -49.6980 -27.7496 -9.4539 -19.3539 -2.9731  2.7420 -30.2077
  72 29.9095 -3.4074  7.1099  4.6504 -3.3680 -12.0559 -38.6806 -25.3694 -4.2000 -13.3800  0.3432
  73 -1.5548  9.5058 -10.9830 19.0732 16.3552 -33.4256 -14.2614 24.8015 -9.8165  7.3241  3.8485
  74 -38.9689 -22.9655 -23.0531 -12.7087  0.0842  5.4838 27.3222 -20.2507 -15.6307  9.2483 12.3294
  75 22.7922 -0.3949 -9.7349 -0.7380 -20.6815 19.4424 11.7921 -3.7823 29.7278 14.2256 51.8111
  76 19.2489 26.5238 -13.8587 -24.5154 16.1093 -9.6052 -0.2968  2.5896 -15.3844 -12.6496 -11.5405
  77  3.3769  9.8164 18.9849 -33.8310 19.4585  0.9696 11.9005 -11.8839 24.9048 -6.9721 13.8289
  78  0.8826 -42.8732 -16.4540 -16.7244 12.5025 -11.4591  4.6680 20.2036 16.9539  5.7230 -8.0042
  79  5.1227 14.6080 36.3260 11.1040 -15.4116 -21.6398 21.3778  5.3724 11.6979 26.8154 -7.8538
  80 -31.3334 37.1505 14.3533 -29.1060 -29.3352 -24.0562 -6.7207  3.3259 -8.7725 -37.3898 -7.0467
  81 -19.2165 -2.4373 32.7053 -31.6240 -0.0695 16.6029 -6.3820 -33.2203  3.3371 -0.7253 -8.4429
  82 34.3718  7.2152 25.9993  5.1468 20.6518 -14.2277 -6.4649 39.6693 11.5656 -1.4242  0.5940
  83 -3.4034 20.5708  4.1347 -8.3569 -50.3520 -12.1334 -40.6145 13.3233  7.3978 -3.1893 -12.5055
  84 22.8124 21.4338 -17.5517 -3.7489 24.9112  5.1386 -16.1301 11.5488 -3.5216 -9.3583  9.4327
  85 -15.9368 17.6891  7.0069 -11.0032 -17.2550 14.5561 18.9897 32.8550 33.6912 -25.4573 23.0157
  86 34.1342 -13.6470 -21.2017  1.9084  3.9924 -13.8450 -14.1774 -16.3785  0.0300 -3.3999 18.8724
  87 -14.6511 -44.8905  7.1267 -35.3214 -12.4619 -1.8352 34.8122  3.9876 17.0785 19.7524 -16.1770
  88 14.0040 -18.6583 -2.9517 -50.5241 21.1756 23.6301 -25.3934 23.2349 15.7355 -21.8989 37.7242
  89 -9.3686 -2.5182 -8.2880 10.6166 -30.3452  3.9751 31.0349 28.2669  4.2816 35.0306 10.8750
  90 13.8094 25.4361  1.2158 30.8203 28.9705 -24.7490 -42.4550 -57.8458 43.9174 -11.6300  3.7584
  91  7.9109 -31.9758 -33.2684  8.0692 -49.6924 12.5092 -2.6968 -0.7589 16.7779  2.7879 -12.4090
  92 -8.7330  1.7443 -8.7135 -29.2751  9.6220 -20.7576 -3.9910  8.9356 -20.5745 -23.7296 -23.0425
  93 -31.2370 12.3530 -2.0440 44.7113 17.1822 -28.3055 -21.4004  7.8645  6.9753  4.7897 -13.4104
  94 -6.3896 21.5501 -8.4177 33.8304 -4.8299  7.8067  2.3998 32.2654  7.2989 -19.4571 -46.2832
  95 -19.8094 -18.4616 41.6933 12.9164  0.7094 -10.0643 29.0839 48.5195 61.0219 -14.9016 11.2547
  96 -5.4087  0.0676 25.6428 32.5715 33.1025 -13.5239 -9.2882 -4.3678 20.0517  6.8112 12.3362
  97 -17.0924 12.4856  4.3075  5.6743 39.9936  9.2333 -10.1875 14.4980 24.3974 -10.9981 31.5655
  98 -26.4191 11.6890 13.5562 15.3476  3.7840 -13.2092 -36.3834 16.7361 17.4078 -17.0095  7.6603
  99 10.1066  1.7144 -4.9558 -2.7199  0.7904 -3.7160 -4.2677  2.6221 -15.9602  3.4484  1.7124
 100 -22.5524 31.4324  7.5949 -15.0655 21.1417  9.7427 -62.0004 59.4421 -0.5264 16.7850 -15.3667
 101 30.2904 -22.7648 26.2590  1.2071 26.1255  2.4077 -24.3210 -27.7846 22.9670 24.8983 -7.2020
 102 -14.6516 -7.5059 -10.4688  3.2177 -0.8619 -18.5064 -44.0746 -3.4061 -13.3987 -19.8489 -30.6703
 103  7.1853 -17.4623  4.8423 -10.4132 16.6355 -22.3219 12.8192 -0.3646 26.6032 -7.9067 -32.1904
 104 13.3507  1.4946 -34.1950 -15.1250 -7.9792 -25.5245 -6.7033  5.2193 -11.5086 23.0837  1.9634
 105 -9.3048 -21.0138 -16.7760  3.3169 27.5775  3.2111 -18.8485  0.5528 14.7057 -51.7037 -13.8472
 106  8.8159 38.9692 -11.8969 -15.1062  4.8272 -8.0076 -1.9044 -7.4465 -9.1413  1.5417 -57.3874
 107 11.2552 13.0962 -42.3190 -0.0108 47.4263 -17.4931 24.0151 19.3376  0.1538 29.3902 33.5326
 108 -8.8495 -10.8243 -3.3728 11.1683 23.0597  8.2199  0.2965 -16.7180  9.4978 11.6707 -45.6201
 109  9.8412  8.1747 -16.0461  3.4571 -32.2307 -24.8898 -25.6022 -1.7037 -0.2070  9.2696 34.2397
 110 10.1698 13.2057 23.5004 20.4601  6.1096 -14.4847  9.5471 -11.1281 10.3063 -8.9212 -16.5804
 111 11.2578 32.9185 24.0016 -12.2817 -5.9910 -12.0001 -7.5208 22.5320  9.6834 -42.0414 -2.3541
 112  7.2069 -9.5163  6.8241 -10.5881 -7.0979 20.9160  6.3671  8.8815 -15.5247 26.4843  5.6697
 113 -39.5853 -3.6486 -70.5621 25.2935  7.7053  3.2307 23.0972 -40.6598 18.2296 -42.2371 -5.5398
 114 13.4080 18.0837 13.4028 -30.7101  4.5895  4.9564 -37.8920 -16.2884 -2.7224 -42.8699 -11.3400
 115 33.3005 16.5392 -30.8894 10.1071 -17.5587 19.7257 23.1734 -7.7024 -9.0004 -2.0076 -0.2519
 116  1.5782 15.9188 -13.0623  3.1204  1.6377 24.8920 47.4828 -29.5826 17.5805 19.6758 -6.2739
 117 18.9699  8.2416 -8.3922 -4.1975 -8.6834 -13.1092 -28.9648  0.4307 24.3185 15.9511 21.6230
 118 20.2170 34.0457  9.7728  6.5551 18.1475  1.9269 15.2267 -5.3956 45.3861 35.1817  6.8595
 119 -48.2586 24.9338 -4.2947  3.7547  7.4683  5.1859 -32.4830 16.3243  9.3174 13.2293  2.2970
 120 26.6994  1.7260 15.4653 13.3002 48.6997 -20.4613 -0.4319  9.1086 14.3352 -5.0649 20.5917
 121 -9.0084 50.9584 -0.9043  3.9615  7.6583 26.8974 -16.4731 -35.7193 27.5983 -13.8531 -16.6835
 122  7.2441 -4.6392 32.8298 -23.3151 -32.0558 -8.4244 -15.6114 -2.5909 -26.6082  6.8330  0.3431
 123  3.6110 33.5757 -22.8355 -8.4228 17.3992 -47.0891 -24.3420 38.1110 -7.4808  7.7853 25.1533
 124 -44.8676 10.6148 -20.7678 -8.3167 29.1304 -27.5402 -27.6031 -7.9712  8.3938  4.6143 28.2129
 125 -4.8697  4.6192 -8.2360 -10.2751 -60.0559 18.4807 -18.2211 -19.8379 -0.6511  1.9981 -4.8499
 126 18.3271 -13.6935 10.0273 -14.6870 17.2706 37.1206 20.5483 -29.2930 12.1443 -1.7381 18.2201
 127 -13.5816 24.7808  5.6772 -38.8648 51.5120 -3.2246 -15.1609 -6.1980 -53.7955  1.1820 -32.2968
 128 -39.3652 -9.3520 39.2853 -1.0659 -36.9421 -0.9370 15.4479  6.0626 -4.6757 -4.1935 13.4970
 129 11.4308 -41.8751 -2.6231 32.1360 16.3249 -9.4975  5.4092  9.5923 31.9289  9.6784 -27.5337
 130 30.8329 -18.3593 -12.4845  2.6829 12.4209 21.2318 -25.7407 -31.7121 35.3557 37.0263 54.3836
 131 -12.5780  1.2505 -9.1668 26.4018 -56.6153 -12.2777 -0.2839 12.2854 -19.3299 29.5132 12.2746
 132 -20.4283 48.5871 -31.3942 -11.6824 24.2979 57.4662 -61.7218  5.2083 -8.7362 46.5619 -25.8002
 133 -6.9922 11.3794 13.5956 41.0103 15.5601  1.4650 -11.7098 -3.1616 12.5124 13.2377 21.0095
 134 40.3993 -42.2978 30.2830 10.4389 -22.2986 -0.0051 -2.9718 -19.7739 -39.9173 -15.4912  2.8481
 135 -18.6014 -16.3482  6.9659 11.1672  8.9257 -8.2763 30.5304  0.3015 -16.3732 30.0228 33.7736
 136 34.5254 -7.5163 23.9775 -9.3082 -15.6418 -8.2215 -34.4772 33.0417 -13.1367 -9.3147 11.2215
 137 -13.7750 -5.6197 -31.3104 -23.5170 38.7913 10.6244 -16.5060 14.9434 17.8820  7.5049 -9.0040
 138 -1.7470 -3.8185  7.9505 -18.7603 27.2160  9.4459 22.2122 -14.8272 -8.0242 11.0783 -12.2581
 139 -21.4506  5.2436 -16.2234 -34.2672 22.7431 17.1438  9.1033 50.5056 -0.6115 -14.6705 -16.0420
 140 -34.5603 -2.4694 -13.9941 -1.0249 47.9541 -8.1092 26.5878 -9.7683  9.9035 -14.4745 -26.6483
 141 -1.4904 -8.0860 -0.0640 17.8387 -0.4562 -29.3480  9.2672 -14.5733  4.1054 -15.3972 -14.9975
 142 25.0305 -34.6923 20.9967 -23.5803 -26.6398 26.3718 34.2255 40.7355 28.6487 42.1365 12.1845
 143 10.3761 -1.6982 -7.7976 -6.9330 -6.0161  1.1474 10.3456  9.3526 -22.3563 35.8564 14.2152
 144  9.8086 31.7903 -23.3654 -20.1402 32.4555 -0.4368 -10.6448 17.4528 -3.7207 13.0656  5.5695
 145 13.6448 -24.4410 12.8840 -15.3258 -1.5354 -9.0642 22.8125 -14.8461 -4.4412  6.2874 27.0598
 146 27.6943 25.7826 23.3866 -4.9480 11.0977 43.8060 -23.6740 -60.5666 -0.9271  2.7725  2.3490
 147 -43.0283  2.1595 14.9257 10.1006 10.3974 -4.7031 -37.4893 -15.4741 -20.8856  7.9065  6.6497
 148 19.4785 15.5325  7.7451 -22.5607 -22.5787  1.6219 -1.5295  8.4185 15.7175 38.9260 -7.8284
 149 -31.2958 -17.8317 -1.8218 10.8148  6.4082 22.3883 -25.0870 -31.6564 -7.8332 10.9691 -15.7191
 150 -1.5354 -13.1955 -8.7782 27.5874 -20.1188 -15.8204 -46.4733 52.7737 -12.1306 -0.9629  4.0870
 151  4.4347 34.1554 -5.6657  2.3082 19.1429 10.0765  7.0020 34.5539  0.8169 -10.9801  9.6947
 152 -35.9270 -39.8654 30.0746 -16.0495 26.8878 13.1483 -26.9867 -5.0585 -12.0776 -14.5775 -3.6447
 153  2.0916 -19.0102 11.9439  6.3395 -5.3502 19.1839 -17.9165  6.7346 -3.8697 -7.3876 -16.8305
 154  7.3954 17.6169 -17.1555  2.7756 -5.7408 38.9554 -19.1571 -9.8735 -13.6499 17.5220 32.9905
 155 14.3979 -10.2943  6.9303  1.4371  6.6392 16.1605 18.0600 -16.1619  5.5939 12.3104 16.3090
 156 14.2284 -10.3694 48.4677 16.8490  0.9149 14.5666 -43.9394 28.6807 41.2145 22.0368 50.8682
 157  0.3713 -10.7405 -3.6018 -2.1639 -16.1406 39.4697 -16.8950 -18.5617  3.2612 19.6076  1.9024
 158 -36.1703 17.9408 -5.5059 -12.7839 -10.4074 -3.1248  5.2601  0.9878 -1.9180  9.0308 10.4178
 159 -20.8802 -27.6533  0.9863 -26.4212 -0.2865 28.0026 -0.7487 29.3232 -17.6016 -6.5816 -10.7900
   0 -34.2558 -21.2984 -8.1815 -30.1044 -7.7873 -41.0498 -27.1008 -4.7225 -10.0542 -27.9191 -11.9130
   1  1.8231 -11.3902 -15.2016 26.0986  8.4919  5.1407 -25.8417  6.5485 -8.4881 -24.9227 66.6191
   2 17.9284 39.7694 -1.4867 19.8082 48.7261 14.0029 -15.3501 -21.3203 -7.5037  8.2820 72.5425
   3 22.2989 -25.7049  5.7622  6.6668 26.0418 -27.7204 16.2976  5.6925 -12.2860 16.2782 26.3653
   4  6.9443 -27.1159 -24.3589 13.1159  9.2359 18.9427 23.0548  0.2227 12.3678 43.0083 -6.0868
   5 49.7882 -14.3870 -19.4221 24.1248 -8.4208 -15.3324 -2.7209 -39.9465 32.1207 33.5791 -11.5822
   6 -8.1523 -40.0064 -1.2743 25.6421 -16.2307 29.4062 33.0185 -18.3040 -25.7476  4.2442 31.1756
   7 -16.8128 -2.6104 28.3419  9.6182 -60.4085 -35.1750 11.5265 26.0303 20.7539 -17.3126 -26.2649
   8 34.4467 23.1114  1.8166 22.2268  7.3952  9.8100  7.1956 -25.6092 -24.3895  2.9142 -24.6739
   9 31.4427 28.0890 10.2829 -47.9487 -9.1613 -8.3907  8.1933 18.3698 -32.5261 -8.4307  7.5253
  10 -21.0126 37.3778 -13.6978 -31.4003 23.8499 -8.1869 27.1635  3.1585  7.1498 -6.8120 24.2949
  11 -20.7827 54.9049 -0.5883 28.9204 29.4255  4.1660 10.9148 -34.5641 11.7637 -11.0819 17.9979
  12 -48.9116 -15.4938 10.9186  0.4009  0.6672 -12.8636 -6.6276 -5.7152 69.9567  0.3120 -23.0459
  13 21.4742 -0.8246 -5.4792  5.2749 -2.3913 29.7291 -4.0058 21.8106 11.5882 19.2801 45.0871
  14 14.3105 -8.0670 14.6085  7.8818 20.0518  5.2159 -6.9197 40.2588  3.1044 30.5673 -15.7795
  15 -13.1614 -23.7304 -38.4804 -6.9677  6.0291 -36.8884  9.0370 -7.6096 -4.7636 10.6796 -3.3882
  16 -31.0419  8.8012 -2.2451 17.1691 -7.1268 44.2609 -16.6754  2.2716  7.0850  7.1127 -6.3074
  17  1.9995 32.7268 11.4778  6.5314 -30.6014 -9.3175 30.3732 -0.2157 24.4330 -52.2979 13.7983
  18 -7.4816 13.2799  1.9473 -1.0426 -15.1553  7.5346 -35.3246  5.2843 25.5611 -18.0941 -4.6550
  19  7.0527  5.9649  8.0288  5.8570 -9.6013 -8.1151 15.2232 -22.2796 -24.8268  5.0097 -2.1483
  20 11.6744 -9.0159 -18.7458 -11.8769 -1.5672 -7.7137 -16.0403  6.4561 34.4903 -22.9676  0.8702
  21 -32.3939  0.2201 -7.6870 13.0144  2.0851 33.1186  7.4407 26.5118 17.3713 -1.6489 13.2326
  22 -6.3392 -39.2309 -5.8791 -2.4981 -11.3366  4.4566 -34.2393 -3.5167 11.0604 -13.6824 -16.8049
  23 27.1684 -20.3192 44.6041 14.0875 12.4476 -41.6356 17.3786 38.8506 -22.9000 15.5546 -33.1584
  24 -33.0717 -14.3325 22.0312 30.5928 -19.6707 10.4660 -20.0208  4.8947  3.7697 -28.3021  6.8590
  25 -17.1663 -16.5790 -0.4894 -45.8908 -0.0113 -3.1071  9.0905 -11.6321 -5.7772 -4.3916 -2.8947
  26 20.2158 12.4203 -17.9003 36.1698 -25.6219 -24.4351 12.7246 13.3563 21.4965 -7.8423 40.7506
  27 -15.8594 53.9574  5.5411 -3.6624 32.6531  9.2262 18.0954 13.6015 -9.9168 -19.4212 -10.3849
  28 24.6381 -15.0640 17.4772 13.3825 -26.2141 16.0759 -25.5166 17.7593 28.3208 -19.9099 15.3818
  29  8.4227 -5.1682 -9.0670 23.2442 -19.7607 -29.6821 -0.1831  9.4831 19.7195 -1.7857 14.2931
  30 -24.6550  6.2224 27.6257 -5.8748  8.6536 -6.8356 38.1898 11.7970  4.2410 15.2066 12.5932
  31 -24.5624 20.8359 -11.3547 -6.5669 -6.0237 -27.2694 -34.3794  6.7454  0.2931 -56.1632 -7.6967
  32 -8.4646 19.6769 20.1376 20.8850  6.5205  0.8695  3.0968 -34.4862 -29.6665 -14.8326 11.9916
  33 -0.6257 -32.5612 51.7278 -3.5876 -19.6691 -30.8253 17.2083 47.2718 11.4752 -8.2744 -6.1733
  34 -16.6738 -19.6512 51.2607 -25.4361  0.7891 -21.5482  7.0720 -5.6144 -2.9431 30.9486 -5.2943
  35 -16.8771 21.0553 26.1202  8.0897 20.5911 -11.0562 18.9741  4.1587 20.5711 -16.5544 -4.1556
  36 -26.0761 -24.7392 -6.6922  8.2941 -46.2121 14.1183 47.6752 11.3333 -22.7562 -11.4088 12.8073
  37 18.1708  0.6626 -3.1301 -37.7326 22.0324 -43.9002 -17.9530 -18.7626 -4.2640 49.0691 27.7839
  38 -24.5946 -41.2784 10.3419 -22.5229 -3.4227 -29.7269 -8.6249 -3.4698 -26.5076 -13.8057 -4.1744
  39 30.0354  7.2006  6.7052 43.3420 17.9426 -7.6599 20.8249 36.7084 23.8471 -25.2787 22.4920
  40 19.8539 -2.0587 19.5801 -2.3126 -23.6718 -21.4448 -11.1205 -15.0040 23.8792  5.4185 14.0541
  41 -5.0049 -28.0307 -4.4552  2.7760 -12.4484  2.7696 -24.2741 19.7264 -23.2979 30.1424 12.7747
  42 -11.3420 17.1705 -11.1335 -2.8679 18.8433 26.6476 -4.8711 -27.3383  7.3899 -7.3736 -7.5347
  43 -5.5905 -8.0552 -16.1008 -40.7919 10.2148 18.2705 -38.0122 -53.9763 22.6219 -4.9866  9.8387
  44  2.4256 -42.7374 32.9227 58.9711 11.3484  1.7709 34.0987  9.9248 -4.7594 20.9759  9.0274
  45 10.2795 -8.7795 -38.5907 -1.6747  2.7121 -45.0034  7.6188 20.9916 -24.0390 -4.6185  3.9033
  46 29.4150 -45.8241 -39.1805 30.7299 -18.3065 -3.5774 -17.1757 -21.2562 38.2899 -12.4726 27.7439
  47 -4.4214 21.7466 -23.3471 12.6238 -5.1391 -6.0333 -2.0069 19.6675 -4.4251 -10.5376 13.4886
  48 -12.4357 -15.5685 -1.2756 -10.6047  9.3811 21.4156  3.5792  5.4400  1.9589 -3.3267 21.2763
  49  6.4072 41.3294 -5.1832 -19.5322 -28.5289  0.8792 -34.8706 12.3319 -16.5108  4.8888  7.3997
  50 -15.9066 20.1672 33.1031 23.0241 -15.1911 40.3545 15.6584 -18.8598 -20.6628 52.0127 35.6185
  51 43.8904  1.8435 59.0144 -21.6936  5.9399 -1.9066 -0.2903 -22.7704 -6.6048  7.5174  0.0010
  52 18.0665  9.6601 -53.8798  2.7356 17.5002 13.4491 -17.7152 -3.2615 -4.7761 -0.9289 11.4889
  53 16.9401 -17.9771 -36.1676 14.2178 20.1374  9.2384  5.2965 -17.6864 -27.1292 -4.5234 -21.8785
  54 -13.6579  6.8322 13.4471 16.9534  9.9017 -27.5432 -11.2844 -14.9832 22.7169 33.9444 -31.4517
  55 -41.2655 11.8750 35.8714 -7.6737 -0.5654 -7.2628 27.5983 -35.9154 13.5456  1.2462  2.5161
  56 -11.9194 -26.6882 -2.4178 -10.2818 22.1467  3.7953  0.1768 18.9009  3.2185  2.1012 19.2453
  57 -2.4150 -4.8332 11.9575 35.8501 -28.4856 -2.2293 -43.9412 13.0144 10.7665 44.3276 -14.8519
  58  8.7483  9.0036 26.2583  2.6402 -22.2523 33.1110 -9.5375 27.8525 28.1989 24.2613  3.8238
  59 -5.5956 32.0257 18.4725 -8.0545 -13.2743 48.2720 23.9491 24.3027  3.4071 -22.2685  6.7119
  60 21.1348 -2.2827  3.5776 20.6055 25.1479  3.1062 -26.3758  0.1144 -40.4234 39.2327 26.8694
  61 -24.6016 -16.9711 -22.1919 -7.9649  5.4401  2.8298 -7.3221 30.7918 -27.0749 -15.5601 -5.0775
  62 -0.7529 34.8587 12.4487 -21.5672 -24.8953 36.0460  0.6113 14.2443 -10.6579 38.1198 -6.4253
  63 -0.8769 -4.4195  1.2526 -0.9853 -30.0717 -8.0134 23.0838 -47.6271  2.3494 -25.0765 42.9803
  64 -15.3223 -39.0448 -7.6584 36.3895 -7.7362  5.7721 -13.1589 -22.8037 -7.7244 -28.6459 28.1375
  65  1.8189 -24.1442 -3.8010 -36.7169 -5.9350  8.5596 -15.0492 11.2263 13.5003  1.4323 28.9277
  66 38.5752 -8.4599 15.5706 -4.7107 -25.6385 34.0651  5.5864 16.5429 -45.3094 13.9564 -30.8040
  67 -10.2066 -3.0896 -20.6188 20.2585 26.4964 -17.5520  8.7931 -27.9404 -15.7144  4.3691 27.6620
  68 -3.9067 -2.4737 -3.9970 14.3947  3.7199  9.7827 -5.9304 -8.8083 -17.5796 -10.1580 19.4948
  69 26.7801 19.4790 -24.0302 23.3238 -2.9622 -17.9432 -34.3758  1.6349  9.3372  2.9713 -46.1105
  70 -18.9025 -7.0030 -30.7445 -19.0759  9.1276 -12.5967 22.1894 -0.9739 -26.0791 -18.8884 19.5714
  71 -54.4480 47.3440 -9.5730 -21.1091 40.3238 -8.1210 21.2976 -11.1740 39.5453 -4.5315 -7.0174
  72 -14.7655 -43.0417 -10.5782 14.7698 26.4992 -21.2086  6.5800 -12.7354 16.2195 36.1122 18.1147
  73 37.6237 -34.5805 -36.7893 36.4575 13.6276 -25.6130  4.7321 37.5728  5.1340 16.4591 -7.2648
  74 -3.9236  1.0153 31.0796  0.6188 -9.3979  6.7218 -22.8889 -28.9120 -3.6240 -26.7484 -19.2994
  75  0.0103 29.9451 -5.6470 22.4056  2.6396 -7.2412 -4.3644  8.8026  6.9070  8.0206 -76.4850
  76  0.0525 22.9039 13.5434 -18.4962 41.3678 24.0865 22.6546 -2.7061 -3.4144 -23.6990 15.4892
  77 41.7645 -14.5622 -5.7415  4.2445  1.1943  4.3611 28.6741 -43.2330 24.6344 23.2628 -6.4363
  78  0.2395  7.2564 -19.3443  1.4425 -19.6975  9.6634 -21.0059 -6.5821  6.0244 14.6954  3.0191
  79 -37.7037 23.4381 -31.9344  6.5147  9.6894 59.3405  0.8788  0.5253 29.9148 -4.4820 11.3915
  80 -1.4228 -30.4742 35.0273 -8.5173 -17.1510 -9.4743 15.5384 45.9022 -0.5064 -5.7252 -11.2637
  81 -2.7571 19.4858  3.4895 26.1268 -8.6888 -23.4865 -3.7615 -2.5130  3.1323 -13.4460 -24.7642
  82 -14.5894 13.1564  6.6319  4.1651 12.5830 -10.1133  0.4873 19.6536 -2.2700 50.0915 -25.3721
  83 29.3512 13.3810  6.6134 10.2786 -2.7590  1.0486 11.6000 -15.9016 35.5971 19.1206 27.4497
  84 32.7742  2.4498 20.0408  2.4402 -22.5407 17.8894  4.8714 17.5736  1.3970  2.1852 32.3592
  85  8.7901 -5.9951 35.3936 10.3975  7.5702  7.0950  2.0929  0.1818 24.6328 -4.4329  3.2989
  86 -2.9352 -23.1551  1.6119  2.4872  4.1980 -4.3201 23.3461 16.7591 -43.1169 -29.8905 39.3204
  87 -28.4053 -3.1683 -5.0379 -8.9013 -10.7971 -24.7611 19.2647 29.7333 -17.3316 13.5858 -31.1629
  88 -4.6440 -23.2671 -17.7386 -12.7204 -6.8596 39.5319 -6.2432 -23.6797 -0.5778 32.7427  9.6958
  89 -0.9908 -25.3671 -24.4472 -10.5878 11.0063 -33.4885 13.9180 26.4306 -11.8729 11.6046 20.8871
  90 -24.2291 10.8583  7.4644 -54.5945  1.2212 22.4167 -51.3735 -6.5440 -5.7604 -19.1808 -1.7369
  91 12.6249 16.9615 -12.8536 31.9632 -10.4901 -35.1776 20.0895 -7.2092 -6.1816  5.3900 -17.6437
  92 23.5897 -17.9200 19.4113 -9.0252 -31.1348  7.8727 -14.2482 -0.0765  5.6142 -30.1344  0.8023
  93 -6.2770 31.3413 -18.0602  8.7301 11.0806 13.4589 -17.0631 -23.2427 -11.7473 -31.0194 20.5468
  94 -12.9207 -14.8313 37.8344 -14.6631 -18.5169  6.9433 39.5172 -29.0845  3.6320 35.7414 -31.3619
  95  5.7381 -0.9499 18.8799 -24.4865 -1.3981  5.6327 -42.8497  0.1260 -5.2453 37.5365  6.0112
  96 13.7371 -13.7791 -8.0057 11.2084 -8.9105 -37.8525 11.6136 -9.5940 -21.8144 34.8720 41.1258
  97 31.4830 11.6270  6.9853 13.5476 13.9974 -3.4163 10.3887 18.1560 36.0378 -18.4508 -10.3773
  98 -1.1645 57.3880  0.8257 17.8538 41.4305 13.9885 -34.8809 -33.1652 26.2081 -1.0546 14.8279
  99 -44.2489  6.1249 -3.1260 11.0635 35.8842 -14.5166 -51.5308 37.3400 -11.5117 -1.5684 -5.9582
 100 -31.3005 11.3783  8.3905 21.7414 12.1947 -0.1145  6.6263 21.0392 -4.4106  1.3056 -0.0910
 101 10.3522 -15.1521  9.9087 34.5592 27.2456 13.1527 32.9949  0.3241 -17.8829 -1.0563 -8.7620
 102 27.1601  2.8458  9.5657  2.1555 -1.9541 -10.9190 -11.4739 -10.9133  2.4278 -24.3357 -15.4850
 103 19.7701 -13.3382 10.2831 -13.1750 -6.5186 -24.8455 -10.8414 12.5515 20.9362 -12.8737  0.7109
 104 -53.1583 -44.1595 27.3402 -41.8526 -29.6374  4.8696 27.5538 -13.9606 54.8766 -28.8899  4.6169
 105 37.9331  3.9472 -4.1934 31.5199 -25.1156 50.1058 15.7417 -35.3318 -37.9390 26.8885 -14.8412
 106 10.3509 22.7352 14.0207 -4.8488 17.4349 22.3761 -15.2044 53.4264 -2.2726 31.5133 -24.4211
 107 49.6852  5.2302 -43.4594 10.6074 -9.7161 -5.5644 13.5449 -21.4475  3.9889  4.2994 30.4750
 108 -46.6194 -75.0008 -7.0658  4.1147 12.7743 16.0110 -8.7469  2.2982 33.1134 -26.2616 -2.6629
 109 -7.5075 -21.4895 -1.8133 -38.6061 14.9511  1.9818 43.6927 39.6587 -11.4481 38.8693 -20.9396
 110 -16.4409 -19.7223 34.0264  0.5492 34.5324 -2.1786 26.2734  9.4092  0.6961 15.7153 -11.9121
 111 -3.4588 -0.9618 10.2213 32.2659 -5.3987 11.0199 31.1652 -59.1019  8.3368 -43.3664 36.7011
 112 16.6927 22.8820 -4.8805 17.0067 12.4312 27.5917 19.4121 27.9405 -14.1588 31.6103 17.2754
 113  8.6118 14.3089  7.5309 -7.2506 -0.5457 -4.2086 -16.0213 13.4500 47.0825 24.1619 43.4433
 114 -33.3763  0.5685 -16.9422 21.1397 -23.1185 22.3165 31.8175  2.4506  8.0316 -10.8109 15.0691
 115  7.4175  6.1931 -16.8296  5.6034 -14.1375 41.4537 -15.6159 11.2896  8.0198 16.5523 16.0492
 116 -34.9151 -28.2429 -20.0287 16.3280 -5.3483 -6.2218 -2.1673 -33.6129 -1.1462 26.4321 -42.2804
 117 -27.1300 24.6090 -1.2622 -2.0073 26.3907 18.5732 25.3345 -10.4609 44.5001 -22.8764 11.0770
 118  4.5642 -2.4938  6.8954 -36.4711 -27.6056 -10.7661 -14.3960 10.5022 28.0426 -1.2379 23.7076
 119  5.1885 -17.6476  0.5460 -7.9019 18.7767 23.5937 26.1826 23.2916  1.9217  7.8825 13.8243
 120 -15.0112 -1.0747 56.3695 -13.2306 -1.9104 -24.1990 -16.6455 -4.0658  9.9414 -2.4415 -22.4756
 121 -7.3632 -19.1655 30.8697  8.6077 -3.8678 -16.8740 -9.8215 -11.5257  4.1537 -3.6384 -23.3535
 122 37.6001 -20.4659  0.6321  5.4223 -11.3945 -25.9022 -9.0368 -17.4573 33.8747 16.9583 -36.8167
 123 13.0387  3.2611 -11.0221 -45.9208  9.8673 -11.0317 -17.5497 -7.3424  1.2984 -32.5785 25.6625
 124 -4.7104 -18.1212  4.7987  2.0839 -49.0851 -36.1713 -7.8320 -34.0185 -19.9917 -39.3535 -19.0400
 125  6.6402 42.3565 -2.9110 -10.7154 -35.0190  1.3103 -19.5749 -3.5663 -9.2749 -13.0481 -17.0004
 126 28.7296 -25.2203 -0.6354 -13.7187 -15.8278 31.4274 24.1207 -25.6029  5.0680 -4.8210  5.5870
 127  2.9434  6.0064 -10.8107 -45.4346 -5.2269 -25.8752 10.1277 -16.2210 12.1207 28.7943 15.9827
 128 39.2186  7.2812 16.0328 20.9921 -13.1144 12.0168 36.0505 37.7795 26.1288 19.2658 -18.8570
 129 -28.8285 -3.5992 -12.6460 -2.8916  3.5366 -2.0743  7.6481 -22.0937  2.1178 -4.2420 16.4831
 130  2.4127 -9.0584 -9.9531 23.3387 -46.3459  9.8801  5.1200 18.6678 -1.8556 -29.3389  7.8557
 131 15.2931 -5.7799  4.5378  9.5933 12.2497 13.2342 34.9717 -3.4390 -2.2972 -24.8644 13.4241
 132 -14.8732 -36.2054 17.6853 -14.8920  3.6224 -17.0015 26.9501 -19.6367 -32.6648 -3.3610 -7.0513
 133 -2.9079 -2.9604 -11.2371 30.8755 22.4639 -4.2580 63.5419 -23.0796 -27.8192  9.9836 22.4894
 134 -3.6635  9.7154 18.1024 -13.2285 26.8348  7.4547 25.2149 -13.6489 -21.4685 23.6230 30.2281
 135 -4.0793  1.0374  1.6301  7.3073 11.1549  0.7616 -1.9843  6.3297 28.2995 10.4815 -19.1101
 136 -14.9771 -2.4507 10.9195 -22.9883  1.8406 13.2394  5.8274 10.3709 -15.3724  4.3291 -17.7024
 137 -14.9932 12.2702  0.7232 10.3085 10.2164 -10.6114 35.6618 -6.3395 -10.5630 27.4445 25.6859
 138 -3.7341 11.3986 -50.6680  7.0114 13.1241 -33.9257 28.3702 13.6688 -9.0257 -10.5350 13.3284
 139 21.0098 -12.8090 32.7666 -46.3515 -19.9241 -35.5550 33.5334 23.8637  8.8380  7.6896  0.7721
 140 25.1560 36.2687  2.7302 26.4239 -15.0892 -7.7694 24.6117 18.2713 -17.8386 26.2040 -3.7284
 141 12.1216  1.2791 -34.4836 -7.3995 -18.3266 -26.7319 -38.8548 23.7025 -14.9369 -4.5093  0.3821
 142 -21.5203 -30.6855 33.7332 12.2002 15.7339 10.7592  3.6731 34.5224 -21.2373 -36.0423 25.6667
 143 38.9007  1.6588  3.1755 33.8250  3.2127 -27.3935 12.3841 -18.4418 22.5056 -21.0587 30.4273
 144 -27.2219 43.3181 -5.0552 19.6052  4.1530 11.2665 11.2989 22.7615  2.7458  7.6146 -10.0917
 145  1.6550 18.9051 16.4118 29.2098  6.9157 -17.3448  2.3778  1.0963 17.7335 -5.9715 -23.3929
 146 -22.3569  1.3178 -19.6908 -15.0056  2.3305 -3.4794 -49.8710 29.2112 32.5372 -4.2225 22.8767
 147 -0.3291  9.2899  0.4162 20.4772 20.3143 35.5929 10.0804 -5.4770 32.2650 14.8845  9.7323
 148 -21.3091 -2.7585 -36.3249 -6.2465 -43.1255 -13.4652 14.4213 -41.2770 -6.7796 -26.8422 -27.3384
 149 -47.0719 16.9123  1.1277 21.0978 45.7550 -22.4238 -12.9356  7.4005 -14.2405 -23.4073 30.1488
 150 -16.6874 29.1435 21.0708  8.1653 -6.4145 -1.7904 16.0006  0.4940 13.8985 -28.0407 -27.8274
 151 -23.1674 -4.3442 -7.6424 11.3783  3.6671 20.5976 14.4176 -11.1387 -8.1053 -19.6727 -5.7760
 152 -9.3946 -18.0383 12.0413 13.9431 28.9996 -16.8495 10.5744 17.6763 18.9562 -13.9594 52.1014
 153 12.9927  0.0288 -15.8370 21.6277 10.8757 26.0528 40.4972 13.3579 34.2994 -39.8519 -17.9402
 154  7.3079 -8.9247 18.7474  1.8069  9.5070  8.2682 -24.2885 -2.6532 -19.5385  9.2673 -7.2335
 155 -22.2448  7.4241 -47.3914 -23.2164 -11.4417 -41.2165 27.7982 11.9269 18.9990 25.5093 -4.0682
 156 -36.7274 -38.8675 11.6459 39.5353 -5.4222 -9.7240 -30.7011  7.3285 15.1257 -17.2298 15.9664
 157 12.0707 19.4548 -20.6598 -20.2339  7.1213 33.2623 17.2011 17.6394  1.2245 -3.1287 -9.6678
 158 -9.8313 -13.7162 10.4699 -0.1288 39.0967 30.9402 -22.9858 -0.6199 -13.8030  1.6236 -11.1084
 159  4.5175 -2.6088 11.3628 -36.5335 35.3731 -14.3516 -10.5288 17.4697 21.3831 -2.2665 -1.6448
   0 -29.7718 16.7970 19.7894 43.7806 -31.1497  3.4768 -9.0284 -18.5783 -4.5682  3.8496  3.8251
   1 -6.1727  2.4991 -12.4266 13.4689 -2.2267 -22.9553 -55.3886 -41.8310 -1.3086  7.6935  4.2248
   2 -5.7779 23.6304 -8.9577 26.5417 13.9737 34.6326 -66.7321  7.2828 10.0001  7.4899 -8.4247
   3 26.0044 -38.3033 -28.2829 10.5757 36.0658  0.2647 -7.5459 -2.0559 -13.0241 -19.9946 17.6357
   4 15.2671 31.7485 -47.5574 42.9428 13.1873 -32.4290 -52.0350 -22.3478 20.6546 33.1401  1.0550
   5 -28.2083 11.2959 -3.8833 11.0438 -9.6769  0.3209 -19.9554 21.9487  4.5981 12.7952 -10.7439
   6 -2.4448 43.3831 27.4488 -37.3018 18.9244  5.1248 -10.3463 -14.9192 19.6991  3.6136 15.0509
   7 14.2498 -3.6545 18.1923 -4.4434 26.5285 -3.9558 16.0399  2.0715 -22.2163 -27.0858 28.0041
   8 -35.1687 29.5935 -55.6829 19.0491 16.9280 26.7588 -23.0911 -34.2737 12.1882 -6.8184  2.9941
   9  7.2904 37.0551 39.0831  1.7932 23.2565 23.2168  4.9226 -12.7919 -47.0187 24.0924 16.4081
  10 44.3707 -1.2399 -16.2129  3.4616 19.4365  6.2722 44.2245 -11.8467 -44.0268  8.5493 -3.3416
  11  3.1294 -17.3694 23.8480 -35.4630 -35.5257 -15.1381  3.7214 22.1375  9.4689  1.5698 14.2768
  12 19.8948 27.0649  7.6783  8.7148  8.6634  7.9422 -9.1229 30.2680 -10.1832 34.1850  6.0724
  13 -1.4005 -3.8652 -24.9121 -7.9053 -6.7432 35.4801  3.8445 -13.8574 11.1139  8.7576 13.1886
  14 37.1027 -4.0696  0.9112  0.8036  2.9802 -8.9556 -16.2380  1.5198 56.2995 -16.5951 -0.7963
  15 32.8156 -0.6218 -22.7967 19.0758 16.1262 -4.8690 -14.9796 -22.6083 -31.8861 -8.7382 -11.7488
  16 -6.6037 16.5637 31.8217 -2.5827 27.0881 -13.5361 -13.4562 29.3992  3.7478 -20.7732  3.1195
  17 -47.6549 -37.5662 18.7853 10.0580 -21.3635 -7.2721 -32.8330  1.0311 -39.4430 -20.5941 -1.0280
  18  1.5084  8.2556 -20.0005 -8.5778 13.6723 11.5613 10.4971 -3.0343 -2.8857 -26.0949 20.7337
  19 -2.2244 -27.6142  5.3696 31.2374 18.7893  0.5281 -33.6946  3.7732 11.8478 -9.4644 -31.7492
  20 -1.3081 -17.1079 -35.9935 16.5895 -2.7195 16.6642  4.7519 -10.7179 -3.1681  5.7798 -1.6571
  21 14.7253 22.8837 -1.6397  1.7426  1.4538 35.8998  6.4275 -22.5721  1.1127 14.4966 11.5995
  22 -9.3906 -7.3180 22.7391 -21.2063 12.6320 28.7635 -16.8349 19.7655  3.7779 -19.1870  6.8741
  23 -13.5522 -15.5821 57.4449 25.2806 27.2347 -8.0808  4.2904 -5.6235  2.2310 -15.7939 -27.2645
  24 -12.9724 -6.2916  2.6244 19.7747 -5.4497  9.7718 -37.9706 15.8056 16.1258 13.9281  1.8490
  25 -10.9582 12.7735 -32.2629 -26.8695 -38.6296 18.0854 -14.2878 -3.7097 -16.3688 -30.2276  6.1254
  26 -55.5959 19.7252 -11.1950  3.1981 -18.9647 39.5928 -16.3740  9.9254 -34.7497 -43.2065  3.8260
  27 -9.0654  2.2470  3.4237 17.3850 -2.9562 -1.7333 14.6645 -7.7849 10.5917  7.1312 16.5154
  28 13.2400 -14.8805 -4.8145  0.0889  0.4438 -13.4988  7.5451 23.3946 25.0591 25.1689 -7.4187
  29 12.5667  7.4297  9.7085 -21.8429 -1.0557 -11.7604  8.5120 15.8356 -19.6579 -7.8466 -18.6734
  30 -15.6631 17.8762 -32.9150 11.2113 23.4528 -5.8865 34.8066 16.4257 19.7515 25.0127 21.9889
  31 -23.7095 -4.3353 -20.0211 -39.6324 -1.8267 -31.9562 -10.4475 -4.1847 -48.3184  6.7933 -14.2305
  32 -31.2822  3.0333 -5.6147 -8.5134  4.6688 50.7571 13.3438 32.5040 -35.3818 -19.9683 -0.5596
  33 -46.2504  7.2822 25.4857 -11.1499 13.1776 -15.7263 -24.5298  8.9507  1.0604 43.1581 51.7328
  34 -24.2921 27.4157 -8.7706  1.7257 -8.9650 -5.6405 21.5310 -8.1648 14.2723 -35.3251 -32.7730
  35 -19.5129 21.0754  4.5189 11.7137 -41.2917 26.1325 -5.0447 -18.4546  7.1231  4.8914 -29.2762
  36 -21.2929 14.9942 16.4380 -26.3292 35.6033  5.7044  5.0082 -1.3427 -22.0390 -43.5320 -16.7676
  37 -19.2099 35.8570 -28.2571 -12.3607 24.4751 35.8783  4.2331 -1.6048 22.7899 -15.4824 22.3507
  38  6.2663  7.8217 -18.8922 -0.5661 -5.1512  5.3066  6.9247 -19.2161 -46.6737  5.5134 42.8188
  39 14.8519 -29.6479  5.0639 17.1795 -23.6464 -12.9119 -32.3069 -4.2530 -25.5042  3.3391 -25.1461
  40 -15.1546 -4.4651 -29.8320 -5.0656 -8.3864 -0.2910 -7.9823 38.3357 19.7884 12.4310 18.3944
  41 19.5409 -2.7854 -7.1796 -30.0441 25.4012  4.7650 -11.9407 -22.3054 27.5096 -7.4650 -12.6924
  42 -0.2662 -2.0920 -37.5679 36.6461 -13.8233 -19.8263 12.1583 -25.9806 18.6273 -12.6020 -3.9330
  43  8.8444  3.6716 51.0917 -17.9964 -6.7549 -22.2097 -1.2781 -17.4814 -27.6854 19.4566 19.2076
  44 -3.3063 -8.0897 -18.3181 -45.2937 -4.1686 15.3868 -44.8947  0.0588 32.7598 -13.3134 51.2314
  45 -20.1765 -3.1429 -49.1912 11.0057 -4.7435  9.8222 25.6384 -4.0689  7.2032 29.5615 -10.8464
  46 -34.7163 33.2623 28.5400 -4.6499 23.1823 -29.7754 58.1435 29.1101 21.4922  4.0428 -10.4900
  47 -21.0627 -16.3957 -50.3555  7.2687 -25.3957 27.8849 -3.4863 -27.1221 12.5550 87.0925 19.0932
  48 -10.6617 23.6967 -10.3785 25.8584 -15.3915 23.0107 31.4836  6.1276 15.7272 -27.4901 11.3103
  49 -11.5991 15.5040 -6.9338 -14.1772 31.3484 -23.1535 -28.2873 17.8546 -21.3155  3.9439 36.2676
  50 -21.1468 -17.9756 -27.0625 14.6213  8.1111  4.9095 -7.4844 -9.8952 12.5786 -30.8114 13.6612
  51  4.6800 -1.4607  9.5476 28.1725  5.2837  0.9573 -2.9773 14.2883 -5.2213 36.0012  7.9477
  52 13.7080 21.5360 -8.2217  3.0898  8.8131 50.6662 -7.3012 33.4636 -17.6506 -13.0918  9.5523
  53 24.1418  0.4961 20.5509 -4.8850 -12.8340 18.2705  9.4800 37.8333 -13.8709  6.7378 14.1060
  54  4.1658  3.1341 -30.0578 -2.3971 -6.0505 -18.4594  8.0799  0.7752 25.6509  0.5773 -13.6898
  55 11.3387 -0.6974 37.5388 -35.6035 -12.9246 -12.4797 32.6971 25.4096 -25.1492 -2.8741  5.1432
  56 19.9263 -2.1610 12.7321 -27.2040 12.9970 -23.3871 -0.5416 -16.7596 -14.4518  0.0834 24.5609
  57  5.3122 -36.7471 -32.3474 37.3525 -10.7623 -26.4784 -3.0352 20.9100 -11.5696 -14.2958 -15.1453
  58 -47.9412 -0.9146  6.6393 13.1352 25.9229 -10.9179 23.1757 18.8364 -44.9684  9.3366 -18.9214
  59  9.6202 24.3159 11.7090 19.7704 52.3946  5.4290 -11.8563  0.4004  8.5570  4.4427 27.1521
  60  4.9431 -7.2154 18.0312  5.3469 -3.9908 15.2682 33.6887  6.5011 12.8509 31.5009 44.8128
  61 -7.8349 -77.0905  1.5770 13.6515  0.6591 17.6219 20.5234  7.5448 -11.9324 -11.1991  0.6347
  62 19.9018 -32.0033 -10.2908 18.4791 -23.1939  5.0036 -9.8815 38.6191 -0.0760 -0.4484 26.1134
  63 -15.2744 -24.6452 -3.2391 -20.3316  3.8043 -5.5688 -21.9069 13.6839 -29.5299 -10.7184 19.1970
  64 22.2866  1.6148  7.9924 15.2384 12.0665 -19.5994 -13.7326 10.3917  5.4711 41.9038 -13.6842
  65 -2.8229 57.2769 12.9635  1.8948 -7.6069 35.2318 -23.4028 29.0998 13.3383 12.5770 -0.2014
  66 -7.1854 17.7307 49.9202 38.0004 33.1112 41.3554 -38.4344 17.8622 -48.0834 -3.8289 -6.1632
  67  9.1630 -15.0551  5.4252 -14.0470 -28.9323  2.9828  3.2573 -30.2746 -36.7031 -40.5516 -53.1752
  68 26.4374 11.0535 -1.8492 -8.5056  2.2798  0.5380 -14.9476 22.8152  8.0554 25.0906 33.0894
  69 44.7694  5.4992 -24.0218 28.7246 -31.4088 34.5643  6.6260 43.7641 17.5007 10.4431  1.6913
  70 -7.7110 -43.4420 20.4063 30.3954 43.7429 -8.4010  4.5360 -27.7068  6.0830 10.2362 -41.8326
  71 -22.9983 22.8663 -28.7493  9.2625  9.9140 -3.1783  8.8775 14.7532  6.4810 -16.3979  6.2987
  72  7.0667 -16.0678  5.1982 -36.5012 17.8480 -4.9064 -8.9270 -6.6736 -21.6886 -12.1516 -21.0726
  73  3.4431 -17.9233 12.4069 -9.3949 -3.2873  6.8714 42.9185 15.6137 -23.3047 -5.9890 -29.7190
  74 -14.2244 -10.5884  5.8704 -5.3298  5.1360 -12.3200 -17.2080 -11.2278 -8.3859  4.7117 36.0098
  75 19.1878 34.7825 -38.3877 -28.3213 -14.3861 46.7282 27.7774 22.3175 -3.4077 -15.5558 22.3546
  76 -20.4750 -4.7182 23.3500 -10.8185 -36.8620 29.9138 -15.2604  5.4492  0.5373 32.4427 19.4283
  77  2.0407 27.7432 -14.6235  2.9017 -25.9164 -27.4046  3.7785 -20.8442 -14.0417 10.8319 -22.0759
  78 34.1363 -0.7068 -12.7568 27.2213 -35.7964 -36.9377 -14.4374 37.0027 -13.0738 18.6770 -0.4864
  79 -3.2388 -10.6362  5.3262 -34.3609 26.4590 -20.4461 -14.6910 -21.5300  6.4716 -2.0869 -16.2849
  80  9.7188  2.5456  4.6393 27.5705  2.5816 25.0821 -13.5562  1.3358 -23.8901 20.1514  4.2923
  81 10.8724  4.3902 22.0662 -27.4006 -7.9888 16.5134 -6.1177 15.7105 -11.4671 26.9021 12.7507
  82  8.7853  3.5243 -2.6863 40.8023 60.8487 -5.4757  8.4724 -51.1462  7.9549 -33.6093 29.7642
  83 21.5648  6.0943 16.8958  8.5756 -46.9271 -0.9397 -4.3558  8.8556  6.0459 -47.4993 -29.1341
  84 -43.6229 17.7292 -26.3960 -0.0740  6.0828 16.5609 -41.2081  5.7793 -12.9395 28.0920 30.3536
  85 -15.1055 10.6946 -31.3404  6.6687 -54.5796 -18.7271 -7.8751 15.4465 15.2142 -31.5836 21.6585
  86 -0.5382  4.6964 -1.0985 -40.4559 -16.7051  5.7391 17.8518 -34.7382 -35.4510 -15.5485 -38.8855
  87  3.3255  2.6716  2.1069 16.4596 13.5636 -6.1298 31.1506  1.2572 -6.2813 -13.1196 -17.5418
  88 18.3125  6.1581 27.4242 33.4959 -26.2554 -19.1436 -13.6270 22.5696 24.8290 12.7280 -45.6024
  89 10.5646 22.8617 -2.1104  9.2635 25.2009 -29.5583  1.8203 -5.7575 59.6761  5.8478 -10.8101
  90  0.2010 15.3571 -1.6774  4.1074  5.7632 -30.9086 -19.9581  6.5091  5.1793 15.3293  3.5266
  91  7.6495  4.3187  5.7556 -24.4524 -23.2397 -13.4615 -18.1880 15.1711 -16.6516 46.0459 -5.1293
  92 29.7477 -19.5733 -8.4096 -11.9208  4.5376 -43.9559 -13.7969 -16.8250 34.5369 -10.0911  5.7739
  93 -0.0224 -49.9807 -26.8633 -0.6002 -8.6487 -40.0261 18.1631 -12.6738 -10.7757 -1.2880 -53.0904
  94  1.9251 18.4833 45.8229 -1.2608 -2.5430  4.0051 18.5845 -3.4157 36.0186 -10.3185  9.0778
  95  6.6271 32.1874  2.7811 -34.5555 -5.2934 15.7303 22.4220  7.2245 30.2983 -25.4773 -4.8959
  96 -3.6277 12.7719 -5.4484 -16.1045 -25.2559  7.4567 27.0389 -49.1397 11.8127 17.4637 -30.3132
  97 -15.9168 26.7829 -6.2941 -11.7356 -24.9479 -15.3862  7.9685 -3.8687 -10.7530 -21.5292  4.1026
  98 -12.4251 -17.4784 -2.4981 -25.4732 16.8629 -30.0771 -20.2597 -11.9908 19.2658 10.8273 15.5987
  99 -10.7130 -2.1210 -12.9112  1.9900 -35.9397 -11.6417  4.6762 -14.9786 -8.9735 37.4697 11.7324
 100 53.9065 35.2315 -16.6998 -7.4567  3.0049 40.5840 -1.8238 -24.6280 -7.5048 17.4329 -21.4893
 101  5.3767 -21.4312  5.8466 27.1174  2.0567 -8.8378 -11.7395 -1.2353 10.2087 40.6810 52.5260
 102  4.8876 24.7726 -39.1365 20.6246 17.4922 24.6506 50.6673 31.6669 14.0144 42.4045  8.8420
 103 14.7044 -15.6318 33.2396 -22.0775 -23.1959 20.1040 -15.6037 14.4824 -5.7235 -11.8456  2.2378
 104 26.2736 -0.6659 -9.3872 -17.5372 -0.5019 -10.4330 -6.5693  2.2427  8.3457 -54.4790  0.4647
 105 43.6880  9.6734 -40.2591 44.8377 -5.6095 34.7270 22.7205  4.5516 15.1865 -28.3802 17.3632
 106  6.3698 -56.9772 11.6455 -49.0575 32.7780 20.8158 18.5727 18.8744 -38.2003 -8.7495 -1.5906
 107 30.5004 18.7772 -37.1178 -1.2798  3.0496  5.0285 38.2637 44.3633 -59.0537 24.7977 -9.1093
 108 -17.0963 45.5746 11.8007 22.8954 -12.3477 19.5705 -3.5821 13.4112 29.6081 -15.4503  1.9674
 109 -24.4538 -9.6960 28.3843  1.5380  4.0614  9.5494  3.7204 40.5539 -12.6620 -22.6145 37.3500
 110  4.7486 -7.0133 30.7150 -5.3573 -8.8030  2.4375 13.2165 16.0588 -9.3729 28.5914 32.0641
 111 30.1314  5.0269  9.3159 20.7423 -32.1016 -3.2696 13.9515  1.5929 18.8109 -28.4151 -2.5560
 112  1.4482 19.9834 24.2629 -5.8911  5.9872 -20.3653 29.4871 -17.2906 -20.3675 38.6869 -7.6303
 113 -29.7203 -23.0674 11.0741 -43.6758 34.1796 -38.4184 -0.0336 -11.5519 -15.7803 -18.2511  0.4582
 114 -34.3444 -9.1028  5.5958  8.5381  0.5054 14.8811  3.5699  7.0903  4.2099 -39.6039  0.7439
 115 -23.8298 13.7802 -3.3399 31.3264 -9.4946 -31.0355 -20.7821 -14.7111 -9.7390 -30.1098  6.5513
 116 15.8461 -8.4073 29.8347  8.0300 -3.3537 -2.7100 14.3347 10.8975 -27.8138 -24.3172 -7.9020
 117 30.6933 -6.9423  5.7327 -41.7078  0.7129 -5.6748  0.8117 14.0509 -22.0442  7.5270 -18.5725
 118  4.2940 -17.7143 12.8787 -8.8544 -14.9672 22.3737 -17.3968 -18.6299 -9.4864 27.2351  7.1669
 119 37.7864 -3.3839 16.3965 -7.8337 -22.6621 -9.5938 -8.2599 49.0664 -14.8701 20.1106 18.0885
 120  0.5556 -8.0778 -14.5396  1.8919 -10.9783 -6.4066 -28.0366 64.8695 -4.5893 -38.5455 -5.3516
 121 16.3602 -34.4590 -3.6482 19.1125 12.4149 47.2438 -6.4281 -7.0588 -11.5156 -1.2060 -22.9994
 122 -0.8352 -16.4422 -20.0278 -0.6003 18.1945 10.9700 -9.2979 15.6546 -20.9313  0.5020 25.3758
 123 -29.5023 28.8279 -5.9514  4.9426  7.9788  8.8156 -45.2203 18.1170 21.8576 -3.5179 -6.1551
 124  3.1029 -11.5385 22.5543 -24.6389 -1.8568 24.2022 16.0993 -11.3910  6.9726 17.4693 -14.7289
 125 15.8170 -9.7721 29.7950 21.2763 21.3579 -11.9196  8.3807 17.4787 29.3081  3.1409 10.9175
 126 23.4736 -7.4653 33.8221 -20.8848 14.1940 -2.5137 11.0206 -23.0725 -18.1941 54.6344 -8.6930
 127 31.5314 -39.3945  2.0350 20.0904 -3.4635  7.0669 -10.6100 -11.1327 49.1975 25.8917 10.9299
 128 14.1886  5.7476 -32.2679 -4.6304 32.1709 11.3964 16.8545 -17.0617 -43.0106 -19.5620 -1.3536
 129 -3.2320 -13.8456 -35.9189  4.1076 30.3037  9.9151 19.8428  3.2531 -46.0325 14.1922  2.0419
 130  4.0958  5.6883  4.7427 -26.3501 -31.1789 -31.5500 -35.3102 -21.6461 -30.4370  5.5637 -9.2714
 131 -1.5042 10.8352 49.4405 -7.4669  4.0941 -23.1683 10.7635 11.8561  2.8112 -16.9490 18.0955
 132 10.3063 -1.0263 -17.7407 -1.0755 -28.9443 47.2666 -38.1403 -24.9293 -28.9394 -8.1041  6.3140
 133  5.2580 14.0190 -3.4332 25.9245 -29.0729 -20.0232  5.2116 -18.7521 -2.6974 -13.8198 28.4518
 134 -10.9771  1.1265 -13.9935 -34.5663  7.4688 -1.8263 32.0823 -22.3865 -26.4499 36.8346 -36.8182
 135 -6.3224 -24.6078 -49.9182  6.2605 -11.2080  8.9714 -14.8068 10.4037 11.0989 -17.2300 11.6550
 136 15.0576  5.2555 -38.7802 -12.2319 38.4532 -14.1317 13.7643 29.4943 21.7734 -14.3277 22.2349
 137  1.6464 10.6667 44.3900 -34.1242 29.5287 10.0571 -51.3323  9.0196 15.4236  2.3215 -5.6251
 138  7.6413 34.3802 24.9313 20.7347 -17.2432 23.3335 31.1040  3.0027 37.4781 64.4039 -7.0518
 139 -31.9759 32.5894  6.7856  7.6643 21.8357 27.6665  6.6848 -13.4053 21.9018 -15.3520 -1.1836
 140 -11.4526 11.3431 44.5646  0.7259 -4.9879 -14.1529 -4.6089 -23.0417 -18.1067 -25.5077 -50.3930
 141  4.1366 -1.2163 13.4191 -41.9831 -16.5368 -7.8222 -8.9313  6.1958  8.8721  5.1678  6.6807
 142 -34.6848 -20.1235 -7.5979 12.9730 -15.4750 -22.9483 35.6270 -3.2573 -8.9668 -6.7373 30.0176
 143 18.0898  0.1644 16.4403  0.4627 -9.4005  4.4440 16.6727  3.1244 -0.6151 -36.0924 -18.8500
 144 -22.8918 -12.8859 -47.4946 28.6257  1.5238  2.3232 -33.9258 -11.6275 15.6285 -10.5750 49.0958
 145 -40.4749 27.6062 -19.7185 15.2881 17.9123 -19.5060 26.9816 -7.9083 -29.9665 -12.7503 38.2187
 146 -30.2920  8.9349 -16.2256 -2.3858 -18.7800 28.0905 -18.6207 10.6351  4.0407 -28.8049 -16.2311
 147 25.4407 -12.8398 -13.0187  2.6752  5.5558  1.3582 -15.6992 14.9676 -17.0251 12.3036 -13.4046
 148 -26.5725 -41.4112 16.8724 -13.3350 23.5996 -2.4950 -30.7681 -26.7694  7.1829 -18.4195 15.6328
 149  5.9951 -30.7519 -26.2150 26.4139 -9.2540 -44.5358 13.7144 35.7823 16.5687 -0.2280 -6.6712
 150 -17.5626  7.9067  2.6060  5.9680 -8.7371 -15.7819 -14.0898 30.4953  9.0868 -19.3364 -9.4402
 151 28.9516 21.5892 -3.9408 -9.1491 -10.8814 17.4509 22.7767 -10.2478 -8.2351  7.5910 14.6997
 152 -37.5814 32.7429 -10.9685 -34.8602 15.8430 -19.3094 -25.2053 -7.6542 10.9401 30.8066  5.7770
 153 32.2075 13.4525 -3.9477 50.8396  5.3658 -5.6034 10.1392  4.2638 -18.1946 -5.3080 59.5916
 154  0.1445  2.5282 -7.2236 -2.3251 28.6147 20.5701 17.2820  7.9296 24.2744 -0.0563  4.1292
 155 -3.4617 -26.1483 -5.4273 -0.2023 -2.4852 30.6723  6.0474  3.4578 -6.9702 -14.0690 -9.2819
 156 27.7705 30.0012 -21.9568 -5.5949  1.7181  7.0979 -1.5564 -7.0790 13.6526  0.3384 -23.6172
 157  1.6263  6.8173 -7.5988 -10.3066 11.0091 -4.1772 -35.1130  3.1882 -4.3860 12.3488  7.4874
 158 13.7413 20.1549 -15.4349 44.1992  2.8151 -6.5388 -14.6903  4.2576 -33.1320 37.8774 10.0716
 159 16.8137 31.9700  4.8165  1.2101 -5.0702 26.6750 19.3218 -25.9316  9.0351  8.6291 12.5206
   0 29.6613  0.8066 -3.5732 -53.5842 -12.2008 -3.3641 -15.1127 -19.3340  3.8456 11.3496 30.3647
   1 -32.2980 -18.1047  9.5726 -21.0042 -13.7733 -19.9593 15.7575  2.2846 16.0319 13.9432 24.3988
   2 23.9425  5.2985 17.9639 -16.2696 26.6957 -24.1001 -28.2398  6.3431  3.0106 -35.3776 -13.9358
   3 17.3423  5.6824 18.3313 -1.8344 20.6322  5.8198 -33.0782 -2.4694 11.9160  2.0619 -0.2715
   4 14.5763 36.8078 28.6983  6.8834 51.3699 30.6673 -1.1523 14.2335 -15.7104 -0.8024 20.4850
   5 45.1172 -2.2059 22.7075 -4.0098 -6.1848  4.7012 -16.6823 -26.1415 -13.7323 40.6358 29.5010
   6 -27.1469 19.9483 -33.2216  1.7761 -7.7951 -14.6728 47.1669 31.6775 -7.8448 25.4591 -26.3425
   7 10.6445 29.4958 -41.5959 -5.8570 46.6783 -18.1896 -28.8853  3.1184  3.4871 -40.8445 19.4042
   8  0.6344 36.5085 -4.8698 17.7113 17.5616 26.2837 31.1939 -14.1789 -3.9202 -33.9516 -45.9312
   9 -7.6568 -6.4953 -42.0587 24.4396 14.5577  3.1365 -6.0228  9.9831 -7.6817 -7.6319 -5.7532
  10 -6.8708 -48.5335 -29.5297  6.3001 -21.5734 -15.6690 -6.2435 37.4754 -18.4653 30.0406 -14.5110
  11 -18.6785 -3.4468 -25.9684 29.3384 -15.5300 -5.4534  0.4386  0.9891  1.0582  5.8167 -7.4918
  12 38.3876 36.0119  7.8457 30.1395 -7.7551 12.3088 -9.5615 -13.1323 -9.4157 -9.3652 -1.4181
  13 -2.4174 -7.7271  7.6407 -0.2232 20.4344 -29.2392  3.5268 -12.6978 -11.3846 26.2330 -21.2949
  14 -4.5511 -2.1987 -8.5628 -5.6919 -13.7834 -23.3584 -41.1486  7.4789 31.9231 -3.8556 25.2788
  15 -6.2803  6.8272 13.1430 -23.8999 11.4153 22.4975  1.7101  8.0969 -24.7948  7.2067  2.6140
  16 -1.1970 -10.5234 -18.6622 41.3267  7.4601 -24.5091  4.5386 23.8826 25.4208 15.6170 -1.6114
  17  2.8130 -1.0501 -29.6726 -4.5925 -5.5509 -14.9485  0.6654 -19.5650 28.5250 -21.8544 -11.5218
  18 -27.0024 31.3396  0.7302 -0.3664 11.4621 -2.0848 17.6173 -1.6858 45.7029 16.7514 71.8752
  19 -8.5344 18.5953 -9.5531 -46.7315 -1.2444 21.8550 15.8798 -10.8891 -9.9242 -28.3961 11.6566
  20 -18.6689  6.4713 -5.9620 -21.2438  0.0764 -38.2548 14.0491 -7.8912 35.4913 -35.6400  6.5049
  21 43.8612  2.7556  6.7623 15.5239  9.7246 -29.2326 -12.5991 33.9635 -25.6771 -15.9903  8.2170
  22 -18.5019  7.5460 -1.2435  2.5903 30.0617 21.2994  8.3686 -12.8255 -20.9267 11.1518 -32.7424
  23 -32.2953  3.0383 11.3266 -19.1403 -36.3326 -30.3345 34.9082 -24.5066 -20.5541 35.9422  2.8266
  24 48.1265  7.0585 -4.7935  0.2424 -17.4783 -17.4696 -0.5322 16.0833 -16.0698 -35.6509 -15.1290
  25 18.7081 14.6101 13.1567  3.1908 -30.8173 14.8465 -10.6522 17.1647 -4.3475 19.6804  0.8569
  26 12.6075 -9.4123 -29.5211 23.3575 -24.1649 -27.1873 -25.9779 -12.2070 -7.5610 -3.5600  6.4302
  27 -9.3184  5.8863 -37.0374 -16.5712 -20.1927 -12.6522 15.6440  2.6636 13.3945  8.7934 -11.4486
  28 -28.4896  9.0848 -17.0318 28.6359  1.7499 27.0879 -22.2233 28.4500 15.0585 39.3776 14.5058
  29 -18.6591 19.6789 11.6687 -19.3967 -15.0242 -16.5147 26.5462 44.6197 -13.9937 34.2459 -21.0499
  30 -5.5450  8.0617 -47.6851 16.3060 13.0369 -25.1026 -12.1579  5.7655 -10.3220 36.6106 36.5073
  31 -31.0746 38.5842 -22.5289 39.1419 15.2354 36.0159  1.8438 -29.7623 35.9903 25.1341 23.6876
  32 16.0086  8.0822  9.1534 -24.5509 -12.7694 19.8913 -13.2718 -14.2005 -17.4801 -6.0347 -0.6007
  33 24.6748 18.3290 -12.4827 -14.5943 -4.5593  5.2099 33.9676  5.3070  3.2584 -4.9225 -42.2315
  34 25.6079  3.8679 -22.7297  4.5784 17.2099  0.3657 -7.3277 40.9547  4.8782 10.0284 -22.1564
  35 37.7375 -4.5918 -1.5763 -34.1953 -10.1281 -32.4704 29.0952 -30.8572 11.5743 35.2707 19.1842
  36 -14.0057 27.4690 -2.8940 -6.6669 -12.8359 22.4508  4.2757 -25.5533  5.7726 31.8679 36.9702
  37 16.1672 16.0944 -13.1059 -11.4202 25.7886 -5.9771 -21.4740 -2.1171  0.3840 -38.6273 26.1177
  38 -0.3545 21.7685 -12.4778  4.7045  7.4155 14.7501 -17.1709 -16.0941 18.1048 -5.0265 -0.3389
  39  6.6887 -17.7280 36.4070 14.7629 -24.9136 -14.7592 14.3700  8.0366 -2.6999 -25.6625 -12.2513
  40  1.7133 -6.4672 -36.7948 -5.0550 -22.4993  2.1978 -16.7358 -18.9943 -11.4369 -16.6212 -43.3865
  41 -29.4566 -2.2946 16.9617 58.2396 -18.0693  0.4962 -7.1362 -26.2706 -10.8771 -7.2782  2.3741
  42 -43.1332 20.7684 -34.3441 -22.3855 -31.4589 -4.7542  6.0468 15.0258  3.8572 -27.5091 -5.3949
  43 13.6898 -12.9525 -12.2596 -15.2779 11.7376 34.4162  3.4023 -10.0051 -22.6689 -15.7882  4.9712
  44 36.4457 -14.3903 -12.5180 22.7230 26.5932  2.7458 -6.1680 14.8886 -2.1281 -7.9090 30.5323
  45 18.1197 19.4662 23.1374 -36.2740  5.4763 -2.6196 -2.9881 60.0650 16.5269 -0.9862 -2.3395
  46 -9.0562 14.8508 -59.0715 -9.3397 -2.9594 -28.1664 17.8872 -46.1488 -17.1145 -12.5576 -0.9145
  47  3.4367 -62.8792 -12.7370 -6.3647 -24.8137  5.9529 11.1859 -2.0488  3.7629 -26.0820 21.7571
  48 -7.4299 -37.1192  4.6885 18.4633 -7.4413  0.0553 -19.1669  5.9044 16.3081 30.8915 13.3007
  49 15.0261 -12.5332 31.9733 -2.3570 -43.5752  8.1263 -18.7940 12.1551 -8.7662 17.0706 -29.4494
  50  0.5839  0.2738 -8.3544  4.9547 -7.2401 -10.9353  7.8138  1.1359 22.6826  3.2843 -13.1772
  51  6.8861 26.3843  6.7227 -7.9992 20.2489 -22.2129 -21.6329 -3.1630 27.5842 21.3133 -19.7172
  52 -6.2445  0.0025 38.2945 -26.4949 -27.3846 12.9888  0.6074 -2.7686 -20.1319 -9.0822 -12.2251
  53 -10.2531  6.2433 11.9069 -1.4179 20.5531 28.2243 -10.5541 -4.1106 -10.4313 -2.7086 -1.6312
  54  6.2454 -11.9512 -30.7814  1.6000  1.3246  1.1352 -13.0119 -2.6923 -11.6071 -23.1861 -38.3867
  55 -21.9970 13.2394  5.0705 44.8649 17.5218 -8.6654 -16.9895  9.1500 -25.2845 -20.2357 -3.0075
  56  9.9400 -11.9133 -12.4398 -24.4953 21.0436 41.4584 -26.1937 -8.2400  6.0039  7.2782  6.2369
  57 -5.1901  8.4240 -3.9227 -1.4359 10.7651 -23.5072 -11.0414 -6.1597 13.4675 -8.5351 14.5524
  58 -6.3073 -10.8346 16.3723 -21.3656 -64.3270  8.7639 36.1750 14.2750 41.1741 21.4881 43.5807
  59 -10.7041 -8.2786 -23.7523 34.2342 19.6186 -10.7155  1.2308  9.2737 12.6850 -23.9334 -0.7710
  60 -14.2003 39.1839 -12.5966 38.8059 -33.1557  1.2175 18.8884 -11.1512 -6.0896 -7.2741 -17.9813
  61 -30.0325 -15.1591 -32.5115 -36.2804 -12.2372  2.8742 -14.3029 10.3773 -21.4497 13.7778 -19.3539
  62  9.2522 39.6117 20.9404 19.6602 -5.9065  5.0564 -16.0413 42.6874 -3.0538 -26.3511 15.0909
  63 -33.7556  7.3100 -3.2212 -9.8432  0.5008 24.1863  0.6336  7.9492 -14.3166  1.9551 -12.9420
  64 -19.7976 28.7844 -2.6727 23.4696 -39.8953 25.8098 -7.5976 -11.3703 -2.8021 34.7362 -32.8231
  65 -37.2965  6.9914 -32.4561 -1.1735 15.6563 -27.5925 14.1250  6.7081 12.4023 -18.3893 -2.3331
  66 46.4088  7.8311 28.2206  8.2316 -10.6433 -32.6849  0.2125 20.3599 -17.8121 -36.2474 -35.3231
  67  7.7530 -20.9231 11.2475 19.1229  5.8259 -30.8520 -13.1060 -7.4683 -13.1361 -9.7603 28.1562
  68 28.0423 -7.6266  3.5816  1.6506  8.8716  3.8873 -22.0597 -0.6759 -27.3850 16.9333 -16.7888
  69  0.5574 38.0231 -6.8733  3.0149 -7.3790 22.9146  7.0426 21.4849 -9.9640 17.0352  7.3570
  70 -27.5459 -10.3276 -7.3563 -24.6395  2.3793 31.9309 12.4197 37.6957 32.6533 -3.7337 -1.9701
  71 -8.8005 -7.3686 -9.6702  7.3009 -37.1284 15.0137  8.2376  0.1979 -15.6398 -4.3116 17.3050
  72 18.4214 -5.5722  3.4461 -4.1253 -23.9486 -26.3250  3.5937 -53.3607 36.2164 19.2081 12.2226
  73  0.5753 14.3674 34.2092 -31.1587 -19.2980 -0.5145 38.7407 -7.2343  0.8737 21.9756 20.1897
  74 -5.4595 -0.5988 22.0155 -8.2790 -31.2472 -17.7514 -0.7080 12.8149  5.2060 -1.0495 -0.7338
  75 -0.0460 -21.1819 -12.7156 -6.1164 38.9485 20.7822 24.2310 -6.4893 19.5122 33.8547 18.0526
  76 -17.6835  2.6181  3.9493 -6.8103 -11.5037 36.0079 38.1405 17.5371 10.1732 19.7166 15.9067
  77 -3.5583 -10.0653 -1.4965 11.0124 -12.7918 18.9647  3.1224 -2.3735  0.9099 -5.9217 13.1446
  78 -9.5449 -3.7858 34.8012 -17.9903 31.2118  0.2287 -5.2589 -11.7653 -0.6559 -5.1063 -3.6488
  79 -7.8675 32.2339 30.5677 -31.9608 -8.8146 -3.4570 -4.3941  3.0252 14.6833 58.2639 -11.3822
  80 -17.1086 -8.2112 32.3928 -6.0934 -18.6125 23.4574 -40.2454 10.3206 -25.4275 19.3344 31.6855
  81  4.5848 -12.7129 -41.2406 -9.7465 -12.0163  3.1306 -6.8240 -11.6310 11.7119 10.6231 10.4144
  82 -11.6218  9.5580 -14.7411  9.3192 -2.2022 -14.8722 -33.5724 -3.1409 -32.8897 -4.4728 -9.7565
  83 -18.0577 17.4921 -62.3925 11.2229 23.0799 18.1224 37.0074 -35.1385 32.5507 -21.2693 -18.0223
  84 -3.6506 -5.8647 36.1523 -3.3944 23.8079 -33.7115 -52.6837 13.8935 -14.7414 13.4263 21.4068
  85 -33.2273 14.3696 -47.6337  5.1605 10.1168 -14.2018 -48.5630 -16.0225 -4.7251  0.3031 -6.5111
  86  1.4560 10.7885 -17.5986 -43.2248 19.2541 23.8564 18.2814  2.4200 12.1117  7.7653 33.6668
  87 48.3318 49.5850 -11.0345  9.9780 -17.8133 -1.0715 -18.4088 -13.2238 -22.3784 25.2442 -27.3175
  88 10.9735 23.7621 -25.2046  7.7389 15.5922 -40.2609  9.3114 11.8126 -3.9165  1.0259 -30.3308
  89 -22.2423  6.3188  1.9216 -12.2999  7.8675  4.1281 -0.0402 -27.4728 12.9848 21.6919 -28.9403
  90 14.5070 -29.3540  4.8639 -27.8106 -16.8494 18.0864 -13.3843 -16.1190  2.0220  5.3765 56.5913
  91 -42.2203 -27.6713 16.7212 -12.5141  9.0276 10.9708 25.1133 19.0820 27.8939 21.7393 -27.5365
  92 21.6459 37.5380 26.6128 -35.9658 19.0430 -23.7583  9.0762 -6.2640 59.8038 -4.1896 13.1621
  93 -29.5333 -16.7610 36.0680 -13.0087  3.5317 27.8188  1.0319 -4.1119 -20.4944 18.7159 15.2212
  94 -26.7729 11.5281 23.4417 14.1556 39.6997 10.4951 -8.9459 -27.6319 26.1731 -24.9025 -49.5766
  95 -33.0886  6.8564 -21.1410 14.1728 -13.6735 11.1995 -6.4703 -24.2464 13.2622  1.3940  4.4071
  96 -9.9213 -11.9377 16.9942 23.5738 37.3477 22.6169 -9.7232  5.4020 -5.6167 -5.6364 -13.2037
  97 10.7675 20.2669 11.7477 -21.5621 16.1644 47.2438  1.7046 -19.5308 12.0913 25.0464 42.6183
  98 22.2767 -7.3902  0.6556 -1.4782  0.6355 -14.5967 10.5143 11.6662 -13.5897 -8.7510 18.8964
  99  3.2219 29.8614  7.6343 -39.4089 -29.5964 -4.3976 -17.2499 -17.3694 -10.5135 -9.3287 -3.4458
 100  6.1309 -7.1744 21.9640 30.0957 -1.7300 -4.1741 -4.4624  6.9831  1.8971 -50.4638 -16.3285
 101  0.8356 32.8150 14.1034 -28.9215  5.9565 -23.6511 -33.5409 -34.2690 19.9483 -46.9953  9.4766
 102 -12.2984 -33.1303 46.5854  7.8433 -28.8882 18.2640 11.9872 30.4246 -5.4544 -1.6433  5.0937
 103 -38.2752 -3.4515 -8.7496  1.5542 11.6297 25.8906 -16.4907  0.3486  9.4765 -10.7046 11.3768
 104 19.7897 -8.6597 42.1449 -18.2821 12.0169 -28.3373 -7.5849 -21.5980 30.4392 11.5320 18.5472
 105 25.0536 -6.4892 -2.7836  4.9208 -16.4300 -51.7424  0.8938  8.6472 -9.9331 58.8242 -26.8937
 106 -14.9290  4.8075 -32.2768  9.1358 -11.1037 -8.2074 -25.3315 27.7950 12.5518  3.7284 25.7038
 107 -6.4023 -1.3839 -36.6786 -39.7099  7.9700 33.2321 -10.8762 22.9690 12.7848 43.6749 -1.8689
 108 -7.7481 -17.6948 -14.9806 30.0985 40.0565 -13.8358 28.9073  9.6798 29.4877  0.9292 12.4267
 109  5.2696 -13.6172 -7.2398 -18.5438 25.8261 -56.6764 -5.6118 -56.3416 -11.2384 -4.2018 17.1203
 110 -36.7905 31.1633 -21.6150 -7.4079 11.6864 -34.3386 -24.3826 -13.3636 -19.2822 -11.4549 25.9165
 111 -26.6309 -5.6987 -22.4161 -31.4611 -17.6539  6.5521 -1.1348 -5.8920 -11.7058 23.9272 -27.6193
 112 -3.6749  0.1822 25.8096 -14.4432 -72.1981 28.0549 -20.1221 -12.2160 -2.7024  1.4708 35.0724
 113  4.0259 -20.8230 -44.0039  4.9590 40.8309 -16.0619 11.5615 17.4804 -0.0166 -7.2314 -4.9906
 114 -43.7616 -23.3600 -6.3395 -12.9130  4.0720 -23.6800 -20.0321 -14.8139  0.1461  8.4291 17.8408
 115 -48.8937 10.9532 -9.0497 -50.4816 -35.5543 -3.2157 -15.3751 28.4878  3.9157  1.1032 26.8409
 116  2.4021 10.2864 -27.1310 20.1396 -50.5973 31.0473 -3.3582  7.7948  5.5333 18.9942 -44.0356
 117  6.0586 -4.9693 -11.2820 -10.0342 -17.0035 28.9779 17.6538 -10.0880 43.6699 -11.7178 -18.1664
 118 -39.0166 -23.4619 12.8273 26.9125 -44.2322 -10.3796 -23.2851 10.0431  0.6288 29.2012  5.1421
 119 37.7345 -14.0868 -30.3338  9.7512 28.6583 -15.7652  1.6836 17.3169 -0.4011  0.0123 -15.6001
 120 -24.3908 -22.1355 38.5444 36.9241 -24.1223 -0.9483 28.2726  0.4777 -12.1187  0.8521 18.9904
 121 39.8910  8.4871 -42.7443 -29.8121  8.0061 17.5945 32.1897 12.1763  0.1755  6.8126 -4.5941
 122  6.2523 25.4392  3.9808 -0.5306 -15.6208 -8.6825  9.3937 -5.8958 -6.3938 -6.1667 -31.5143
 123 22.0929 12.1953 -1.7742 30.1819  4.9851  6.7968 -0.6900 -20.7867 13.1831 10.5618 19.7089
 124 24.7063 -33.5506 -14.0736 -12.7143 -74.6222 -43.1060 -0.6553 -2.1721 -23.0106 -20.3733 -14.3394
 125 12.4406 -17.6577  4.3029 -20.2463 -17.7992  1.5099 -33.0100 -27.2210 -0.1546  4.7438  6.2945
 126  7.2392 -2.8309 10.8545 -25.5656 -34.9446  9.7843 19.6949 -6.6682 -1.5728  1.9953 19.4361
 127  5.9860 -3.7725 -7.3022  7.1645 14.5510 -27.2183 13.4353 -2.0653 38.9450 15.2145 30.8635
 128 -3.4645 43.0643  5.8509  5.6847 19.5143 -7.2197 19.2481 -12.9887 -2.0364 41.7402 10.3496
 129  5.9756 18.1469 -17.7144 11.4242 17.1106 -54.3548  5.7014 -17.4029 -1.3291 -31.3036 16.5434
 130  2.1361 -5.6858 14.7294 14.7867 -16.9711 -20.2789  2.0938 -0.2702 -31.4298 22.2695 48.4267
 131  8.2670 -14.3925 -16.4632 -2.6217 18.7948 10.8387  1.7017 20.6738 17.6960  2.8718 16.5907
 132 -15.3857  1.9957 -11.3622  8.8353 19.6885 10.8655 20.0889 20.4390 28.5806 40.7234 11.4678
 133 -24.4959 29.4839 -20.9476  4.4711 -2.0036 -0.8081 26.2090 11.8433 21.0394 -37.0041 -8.6871
 134 29.8324 23.7242 30.3450 24.4281 -27.5082 25.9885 -30.2559 11.7773 -46.6621 -11.5670 14.9470
 135 10.1111  0.4297 11.3838 28.2049  0.6191 -13.2825 19.4996  1.9444 30.8074  1.5233  1.0215
 136 42.6403 12.3532 -35.9459 -17.2185 -6.7864 20.4591 -17.5124 22.4746 -23.2117 18.3099 -29.7615
 137  2.7837 -26.6627 -10.9423 -6.9823 -28.7309 -20.5750 14.8762 -3.1401 -4.3064 37.5594 23.3655
 138 33.5014  8.0485  4.9421 -10.2203 24.4111 -7.6602 -6.8253 -26.7855 -35.2596 -23.8184 -24.2146
 139 26.0308 -30.2793 -9.3077 18.0387 14.3560 -36.2955 -42.6909 -16.2772 -33.7576 -39.7560 55.3270
 140 13.3851  4.5833 -24.5200 40.5973 -12.6792 -25.0763 36.2094 -18.1468 -2.0827 -5.0155 -16.2341
 141 -39.5557 16.6112 -19.8237  2.0544 11.1771  7.0672 -12.6076 52.0279  4.0543 19.8217 11.9879
 142 -10.3155 38.6075  3.2209 31.9345 19.8123 -5.7513 -29.5169 11.0256 36.0250 52.2788 10.1488
 143 -18.0553 22.8561 13.5180  9.4636 -14.5240 -51.5294  4.6522 22.6140  1.0190 -8.1264 -39.5669
 144  8.2198 18.1512 -39.5194  6.6351 23.8070  1.7402 26.2076  4.1391 14.1364 28.7929 -7.1875
 145  3.1966 -22.8665 -23.5269 -14.4690 -0.9146 -22.2095 24.2427 -0.2847 33.6286  3.9018  8.4672
 146 -6.7935 -27.6965 24.7056 -2.5951 41.5010  3.0320 -48.7554 48.9711 14.9079 35.2815 27.6761
 147 22.7677 -5.2531  9.3274 35.3736  8.6305 21.4654  4.2245 41.6758 19.3392 -24.3432 22.7139
 148 -43.0948 -4.9135 -1.7191  3.5554 -17.2801 12.4765 20.5891 -7.8354 -16.3893 -35.0937 -26.6517
 149 15.1987 21.7888 -77.3432  5.9556 -25.2180 -22.3999 20.4801  0.8338 -32.5105 -54.3100  7.9198
 150 -35.9682 24.3974 38.5534 -17.5532 -13.1994 -3.2611  3.8706 -4.2854  5.2206 -32.4124 15.5283
 151 -5.9803 -7.0352 -28.1478 -11.2218  6.9665 -7.7006  9.8545 -4.0358 -7.9696  0.8789 28.5947
 152 -46.5987 11.1968 21.3502 13.1873 -16.1110 -44.2844 -24.0577 -7.7473 40.3172 -25.2845 -10.8472
 153 -17.1093  4.8220 23.8546 15.1153 -12.4893 27.1242 -23.2917 -5.6065  1.5758  3.4663 -1.2015
 154 -7.8711 -32.9539 22.0724 18.5010  8.4810 -14.5428 10.5074  5.4119 34.2120 24.1957 28.0397
 155 -3.3808 -11.5105  7.1974 10.6331  4.3107 -4.0273 -33.8948 28.6611 16.5020  0.2915 -29.7950
 156 -14.4676 -11.5360 14.3461 -13.3911 25.9330 -8.6309 -0.5453  6.9311 -6.3047 51.5377 46.5539
 157  4.6962  9.0999 -15.3857 18.6810 -20.9110 -19.6049  5.3215 -5.8985 21.3674  2.1144 -10.0314
 158 25.8060 31.0718 -10.6395 -5.2672 36.3276 41.2563 66.2435 -4.7952 17.6321 48.4367 -34.6548
 159  6.2862 20.4522 29.4781 -11.5138 15.9335 -19.8528 -50.2240 -2.2139 10.3475  0.0247 -9.5894
